u s
1 58.7783086393
2 69.9053643922
3 53.6710396847
4 58.3785692926
5 60.9562760733
6 63.8460175325
7 69.9357340677
8 55.5690009403
9 70.1340407629
10 59.0037896906
11 68.5363456061
12 68.166686492
13 63.9202114433
14 59.3754051569
15 69.0861615999
16 60.8405902499
17 56.7134992335
18 60.4925605174
19 164.322352654
20 67.1772386591
21 62.7046235247
22 60.2097473341
23 72.6463278809
24 58.826178325
25 64.0927000064
26 70.418696542
27 63.7747389784
28 57.947116
29 53.2601267065
30 67.7035542013
31 63.4035237946
32 77.3991181758
33 59.4344803725
34 66.5298321776
35 55.9393297001
36 69.6354725759
37 69.5852045353
38 58.6452261385
39 70.4111128127
40 61.8203602338
41 62.7404201463
42 58.4350642009
43 59.7646134393
44 60.0953097697
45 70.9463045935
46 63.6967210783
47 62.7660238624
48 59.4382530849
49 60.3693528659
50 59.8207451943
51 61.0954772232
52 59.4248356142
53 65.7921709088
54 59.9278598058
55 152.863759009
56 61.083430762
57 77.2346568816
58 67.2383519357
59 59.2560304122
60 63.0792568666
61 61.6324444924
62 83.5197594539
63 62.1800103988
64 65.7312176246
65 77.5350318407
66 46.3077417279
67 56.6548196475
68 51.9802789965
69 45.0935078397
70 52.1991743822
71 45.2316398505
72 59.8251346815
73 48.8610562894
74 55.1394091855
75 55.7423578294
76 56.7366967755
77 54.5697205812
78 52.9442455527
79 57.9877818893
80 61.7730241907
81 52.0930763697
82 53.6799015795
83 65.6441809233
84 54.2973919797
85 61.8728290248
86 49.3830667922
87 53.598879086
88 48.316609912
89 60.8588970031
90 49.4733768773
91 54.3539217152
92 52.226963536
93 54.6511956457
94 75.0156386149
95 59.640785928
96 49.6848659916
97 48.4360599111
98 75.6710681067
99 51.1022917513
100 53.251262941
101 51.9151881403
102 52.9080498945
103 54.298973446
104 61.6765174736
105 53.6628928075
106 64.4966455044
107 55.0437829938
108 61.3896427428
109 64.6203200663
110 48.4304029726
111 57.5470696537
112 62.7041621602
113 59.9644884393
114 53.9069382825
115 53.4925125638
116 54.0137571166
117 56.1128108637
118 58.2021364131
119 51.3054470812
120 55.8450868797
121 54.5123429692
122 50.1812852329
123 60.9161006021
124 53.2512522121
125 50.8269756224
126 53.2070835002
127 71.391332138
128 51.2457213974
129 54.3727697914
130 47.5716709329
131 51.6731164557
132 53.1244705439
133 59.7039988593
134 57.5134562362
135 57.4916014277
136 50.0410641397
137 48.6067699591
138 49.6086127883
139 53.5283462968
140 49.7388586355
141 56.5643713412
142 45.9553831463
143 53.5218142075
144 55.7457491118
145 53.6982368867
146 66.2087391303
147 46.740127477
148 50.858053393
149 54.409970195
150 55.6630936435
151 64.9035131383
152 47.9232260559
153 47.4925357522
154 48.1735637064
155 56.1973075862
156 53.841310003
157 55.0357827688
158 48.2046734461
159 56.7843630773
160 49.0681416339
161 48.2420215484
162 53.4523036961
163 57.9180523195
164 50.1336574323
165 58.3766966186
166 56.1476596859
167 63.4527920468
168 44.9056194088
169 66.1190882488
170 67.1685579104
171 49.2040009201
172 46.8427891858
173 51.7353534253
174 51.6548680981
175 50.3356363488
176 49.9815561239
177 49.0543627075
178 51.8703670654
179 54.2950832606
180 54.4326919588
181 56.3620807995
182 52.7200350208
183 55.115168299
184 49.4605462207
185 47.9668289347
186 55.0872943277
187 68.1417072825
188 52.1050405259
189 54.6839140386
190 58.4406547344
191 47.3002404925
192 44.9186523908
193 57.7120427489
194 46.6699774324
195 51.0996538762
196 66.5083162163
197 60.153064867
198 56.4758913245
199 70.1012485986
200 60.2417944788
201 57.2260454326
202 60.7040809697
203 74.4593946297
204 65.8794111816
205 61.6659843995
206 58.146690645
207 64.0196599787
208 62.1685902231
209 74.9018369805
210 69.6022394094
211 59.9136807018
212 53.4720012565
213 65.524978271
214 59.0297615593
215 60.0961952989
216 63.9752315551
217 67.1850420949
218 66.9916888082
219 60.3526677036
220 45.4004789683
221 61.1513956778
222 60.8213514468
223 68.8336349879
224 60.4346901971
225 66.6877208063
226 61.1252045982
227 57.7884751708
228 58.0051929476
229 52.5169264141
230 65.7890843547
231 78.4682963681
232 60.2888837446
233 176.163290659
234 60.3861747894
235 59.9683430061
236 192.695121255
237 71.5705021199
238 59.5579268544
239 69.8233113424
240 50.5644536814
241 73.6022420095
242 68.4255479001
243 56.7438889898
244 61.1006305654
245 56.0844127509
246 60.456363383
247 68.5902466044
248 62.7988132532
249 62.0453616744
250 73.3977592625
251 60.1395613845
252 60.5051422568
253 58.7584417196
254 51.8199143052
255 76.8720279649
256 63.3133613834
257 66.5349474829
258 64.0404170602
259 66.2706495722
260 66.1426498472
261 53.5955105464
262 63.848387696
263 39.2041739256
264 45.2899646587
265 55.5340698721
266 48.817800268
267 48.4427489399
268 46.4609635183
269 43.7051524392
270 49.9817157951
271 55.4928385916
272 50.0708547314
273 48.7233925713
274 46.9433724365
275 43.6394447374
276 47.9886757865
277 64.6386070684
278 59.0188046066
279 59.0347995563
280 47.8127337967
281 49.5627532801
282 42.8321224604
283 48.7027299461
284 43.3038357772
285 51.5971373723
286 52.5481864585
287 55.347888542
288 47.8493645489
289 62.2978159001
290 54.7742271193
291 46.5797707676
292 55.3703456939
293 49.7967581931
294 61.7476494084
295 46.7858014214
296 64.0458097562
297 50.099581598
298 56.2397349933
299 46.0982057202
300 51.5268780219
301 50.2649914892
302 53.8855659247
303 49.7051277457
304 52.0934147648
305 42.4434439143
306 49.5496371204
307 57.6011915324
308 51.6288662427
309 54.4172571323
310 44.1878690258
311 53.8977421818
312 47.5018965443
313 45.8901922809
314 42.9491433078
315 50.5314006998
316 54.0683195442
317 52.1946027835
318 45.4516710415
319 49.5693687036
320 42.0386447927
321 48.6139970556
322 46.7582740223
323 45.8425498399
324 51.8766249776
325 53.6093253543
326 60.3749996105
327 49.4781272795
328 56.6888545074
329 50.3713120117
330 48.0513900163
331 50.0878420667
332 58.2358557095
333 51.6980531501
334 46.3698884312
335 45.9435529868
336 61.6161749647
337 45.9097829605
338 51.604053563
339 44.0961106697
340 50.5886744613
341 63.9538000533
342 49.3602682151
343 48.4393889202
344 47.8176120734
345 48.954666193
346 43.6597878979
347 56.2298336795
348 52.1733634197
349 66.204924463
350 52.5704543299
351 47.1628563192
352 52.286102435
353 48.9144024564
354 48.5317529137
355 42.4891527876
356 54.2057537425
357 60.4967045377
358 47.4111215073
359 47.0617025012
360 51.0326198385
361 54.7727692989
362 58.5877953657
363 51.0957544613
364 59.1711668539
365 47.467751069
366 48.7243459907
367 59.8981750381
368 55.7039626745
369 46.5373165469
370 42.5159423729
371 73.6047718057
372 54.4085991269
373 49.1142451702
374 53.849794077
375 48.8264872132
376 49.776730893
377 45.2739600574
378 44.5429810783
379 56.7856546789
380 47.8527816951
381 47.0467011753
382 48.3226086384
383 53.9135776912
384 47.0741385124
385 47.5637377443
386 49.2444327677
387 51.0577426051
388 43.7115746226
389 60.4554733631
390 58.3655192702
391 55.637883442
392 55.2540498024
393 56.1366241206
394 56.9007683225
395 52.3915947207
396 55.4938052382
397 68.1001891674
398 72.2315313447
399 64.4629235084
400 57.0098887437
401 56.570408666
402 45.9402581933
403 62.1974498347
404 62.1161997395
405 65.0556779509
406 61.3862732238
407 56.4929077144
408 48.5934711912
409 57.2387681303
410 61.242649006
411 55.6674610253
412 57.8278298997
413 72.7671853031
414 55.0796070362
415 49.8237629456
416 54.1371253056
417 62.686096204
418 48.7539149329
419 55.2935514467
420 56.4410576118
421 74.2260576936
422 54.9960906291
423 77.6337032313
424 66.9831798249
425 56.8342648555
426 58.0082829288
427 65.18047977
428 57.9787737064
429 64.403864597
430 51.4307038688
431 56.5140721724
432 59.0732847454
433 57.5026574105
434 64.2380736899
435 70.0350656101
436 60.2138416116
437 58.8740007363
438 53.3147133352
439 47.4030098864
440 58.6143959036
441 58.9004761178
442 54.1220530055
443 60.649316434
444 51.9756748758
445 55.9272326724
446 57.7129255227
447 61.6881932314
448 61.2747942478
449 51.7622818425
450 60.2748245078
451 57.5144603383
452 50.8609184962
453 71.1933152428
454 56.5499413285
455 50.7596979457
456 59.415017035
457 61.6756700878
458 51.3770896775
459 46.8094450083
460 59.3508887723
461 52.6037312842
462 49.4195930536
463 57.1073569715
464 48.6323460674
465 53.6263815388
466 61.9948106316
467 49.9100114757
468 63.6715023788
469 59.0872318029
470 56.6625413607
471 77.7235030477
472 64.5734339424
473 49.8092040493
474 49.2352564392
475 48.6088749322
476 54.4163555408
477 64.898914993
478 51.0213242997
479 54.628319734
480 54.3921184666
481 51.6097515079
482 51.3199429913
483 51.0469364459
484 49.5972946161
485 49.7137461673
486 50.1051323101
487 59.3845466949
488 65.782955492
489 53.5839183683
490 61.9169231401
491 57.7188263623
492 50.9758578265
493 59.9763210096
494 50.1285036549
495 58.7163453818
496 55.2186683124
497 53.8861798938
498 60.4213446404
499 56.5141519955
500 53.0516184237
501 49.9770807927
502 53.982861404
503 49.7805418817
504 51.6417143212
505 66.0273900646
506 58.5443023701
507 49.5894414946
508 56.2925503061
509 50.8594860279
510 53.5015166475
511 49.6379857443
512 49.9497093152
513 54.0730465672
514 66.7784377803
515 47.4100050006
516 55.0429219727
517 49.1281883696
518 52.1628561067
519 47.3560211036
520 50.550348591
521 49.7420984554
522 53.3344457885
523 51.4182714129
524 49.0299157759
525 51.5572372295
526 56.9061460417
527 57.6460293807
528 47.9609118382
529 49.4576111847
530 56.161093782
531 48.3600676174
532 51.2710278452
533 68.3340724887
534 45.4062310818
535 46.404310355
536 58.2793926065
537 53.1402698792
538 53.6459170867
539 46.9310656776
540 49.6560913883
541 70.787630376
542 52.0103542368
543 49.7739324656
544 55.8002998862
545 47.1733823512
546 51.5189008535
547 43.7426599135
548 52.823867924
549 49.0201532206
550 51.8009484388
551 51.2501734311
552 51.7432188477
553 53.1611406197
554 55.2218844423
555 44.7875186216
556 51.1713166659
557 36.0457163713
558 55.3144770738
559 49.3300789644
560 55.2800446358
561 55.5556514451
562 80.5587058091
563 47.7721043013
564 59.5710367835
565 51.8404736859
566 52.0781184596
567 56.1343670088
568 50.2521158772
569 48.0845563832
570 60.6192945419
571 58.1500147141
572 52.241304262
573 52.7170843453
574 57.0763524219
575 59.8323924149
576 59.9760287159
577 55.67520823
578 48.4170016717
579 49.4694011759
580 50.2413921491
581 49.7341727292
582 54.3478309228
583 61.3826330526
584 52.0682476008
585 48.3173134799
586 59.1502536185
587 55.9405334612
588 49.9880965029
589 59.148302278
590 48.817093194
591 41.511893307
592 50.2301281235
593 40.6098229946
594 51.5859470086
595 47.3370687176
596 58.9263533795
597 62.5606945006
598 49.3565129112
599 58.6943299327
600 58.1138210696
601 57.440430366
602 47.3680752242
603 52.7992035419
604 53.4446165353
605 51.8425433404
606 54.4329982292
607 48.9126392641
608 60.4465501197
609 49.6141061606
610 62.456094611
611 48.584792333
612 43.7536918907
613 50.8550683838
614 43.7151648256
615 53.6198760005
616 45.2081199467
617 60.8307026661
618 52.6860521354
619 66.2741859749
620 44.5140500795
621 48.9838317169
622 48.5352076489
623 49.6807018709
624 51.8204527329
625 54.728602905
626 42.7445275213
627 48.6408485367
628 45.1992781943
629 51.8036203666
630 48.4407654269
631 63.4755304479
632 53.1730216944
633 52.2242461627
634 56.2058001537
635 43.6426468849
636 48.472539561
637 52.9900186593
638 54.470100445
639 50.4357832183
640 52.5144173611
641 50.5122116259
642 58.7321178413
643 53.1738314844
644 52.1941145896
645 51.4356675257
646 49.278460941
647 41.4326725884
648 58.7187722888
649 48.5118412095
650 39.6233518269
651 47.2825818333
652 38.7893214926
653 60.2679174479
654 51.292106076
655 52.1318551187
656 58.3256616202
657 47.2446677351
658 46.2256537477
659 42.0580529589
660 40.5923600478
661 53.8295565383
662 42.3008196862
663 40.0353104657
664 46.0228512802
665 41.9504242424
666 48.3787059425
667 63.0987360001
668 47.7596601599
669 47.3917885093
670 38.6468434895
671 47.3410200258
672 60.5112408086
673 46.4150835335
674 50.4142840078
675 45.7774062258
676 45.7849199213
677 57.9994628484
678 45.9115733403
679 47.0335679805
680 45.8826175238
681 53.2163319
682 51.3365243361
683 44.6323352757
684 59.1108970467
685 42.4309475681
686 49.0836888359
687 46.2272622391
688 46.377385624
689 43.5296942152
690 46.0121223515
691 40.1890528886
692 45.1162054762
693 40.599001838
694 45.5354434291
695 38.4278980104
696 42.7325220825
697 44.5222669424
698 51.2573428074
699 47.733821976
700 59.2124615708
701 44.5995669149
702 51.8692938114
703 43.8670553883
704 44.9555533065
705 42.0965275398
706 38.8333382907
707 40.8958521596
708 47.2977004251
709 48.0441219183
710 48.2947685003
711 46.6230628879
712 44.8677073545
713 41.739518236
714 46.543437048
715 59.4119431707
716 55.7682080686
717 62.126923601
718 64.269270284
719 75.9593888208
720 64.6673168375
721 71.1338464227
722 57.0241263171
723 54.7487156225
724 61.6414480273
725 71.2552294771
726 68.9862448044
727 56.7567508847
728 64.8922086576
729 68.7135788431
730 59.9535438866
731 59.8284484853
732 57.1336990184
733 55.4276347571
734 58.159768023
735 66.4737614551
736 59.7092108561
737 60.4884208675
738 68.1922022668
739 74.6387760021
740 65.4634481647
741 64.3348109596
742 74.2837993617
743 57.9199895492
744 73.7878765718
745 65.6478880205
746 62.241768855
747 60.348489597
748 65.1273009084
749 66.0203654615
750 60.3286134126
751 64.9135948481
752 68.5153170166
753 58.1509962753
754 60.505368131
755 60.9476964512
756 60.6920449126
757 62.7682371837
758 83.5267030814
759 55.2108181686
760 59.0301605923
761 61.1578499833
762 65.693894458
763 55.4350931803
764 60.4636675067
765 63.0252209319
766 55.6312291831
767 65.0798429355
768 72.2453745502
769 65.8753546624
770 61.1736744253
771 65.0049659868
772 55.2958332345
773 71.8358679048
774 63.5588503991
775 76.3309323871
776 53.9436379639
777 59.6131954341
778 68.3694499414
779 71.6077792918
780 52.116486823
781 55.3395760489
782 48.7029038781
783 47.4529163395
784 60.7911353404
785 50.8895757663
786 59.3735845746
787 48.1605518475
788 48.7105148973
789 55.3623629874
790 50.098809488
791 53.0811962429
792 52.5849862536
793 51.2447873004
794 47.5963434015
795 56.7808697954
796 56.7660932814
797 49.6546730617
798 54.0518803097
799 48.4756418418
800 42.6579558032
801 48.5458891475
802 50.8621667252
803 55.8805466758
804 50.2812148888
805 48.9972628606
806 47.3886597507
807 49.3840182164
808 47.786842082
809 49.126423257
810 43.8492493104
811 65.1568061882
812 74.9262995637
813 57.6187321583
814 50.8526329957
815 54.9408030835
816 47.0459443152
817 56.2197159881
818 66.1630549188
819 48.3324292565
820 49.4312643618
821 49.7352738159
822 46.4239460861
823 57.5910537119
824 49.7281474033
825 62.6183683949
826 54.3308742263
827 51.9151635477
828 55.382280953
829 48.140244868
830 52.0317952061
831 48.7399701544
832 48.7629795759
833 45.9232312889
834 52.8600762337
835 46.9330903756
836 50.4677774728
837 47.7043590182
838 49.9519244618
839 51.4659982492
840 49.0381024073
841 52.0308282437
842 50.3241474389
843 49.7053249331
844 49.728667827
845 59.9704942852
846 57.3932078616
847 55.6080110794
848 54.6829676234
849 60.5030976605
850 56.4881158008
851 63.7155820411
852 49.4769683481
853 66.0050020179
854 53.4679143487
855 57.8736527339
856 55.5573512539
857 58.2112785588
858 51.6914342475
859 54.6910987816
860 56.6053290155
861 54.7598919202
862 55.1714017503
863 60.8311876423
864 62.6059921816
865 55.4127384187
866 48.1491360637
867 48.9208648713
868 65.922830263
869 63.7547730841
870 58.0265039888
871 52.6259580043
872 53.4130431026
873 60.762374007
874 47.8068207669
875 49.618579073
876 60.7172964547
877 66.0083852027
878 59.799923618
879 60.389470671
880 48.2690322582
881 34.4665764155
882 56.6478347458
883 66.8598546322
884 53.9433039386
885 56.4834456853
886 60.3988343263
887 56.9160197133
888 54.717282863
889 56.5705806802
890 53.4352924766
891 63.1976841974
892 46.9628642309
893 55.797111293
894 66.7046570691
895 55.3585247571
896 62.1289826035
897 53.9637960435
898 52.3542225931
899 57.2776296371
900 54.5671041858
901 53.4701977776
902 69.4725902733
903 52.1164768035
904 47.6572812737
905 59.8406606061
906 60.8635228018
907 56.5420962141
908 54.9186139127
909 62.9753138339
910 51.1113941168
911 56.7564452359
912 57.2331317191
913 55.4858877153
914 53.1605571323
915 50.0203677642
916 61.5956275529
917 60.8805540155
918 62.5118996647
919 78.6305077122
920 46.8391539831
921 47.8821569758
922 53.1394626777
923 51.7197420725
924 47.4929280996
925 51.6943248271
926 49.881114925
927 54.4751806463
928 56.1446368019
929 47.265181774
930 55.884245661
931 42.5683329122
932 55.3533281843
933 48.014175516
934 52.7596197468
935 49.3787841555
936 49.2441774194
937 54.0132146416
938 54.3793387895
939 52.0499144764
940 52.2011853765
941 50.0640319076
942 54.2861497573
943 54.4624544832
944 52.985578146
945 53.3660524771
946 42.8197963004
947 47.6542901793
948 53.6052942391
949 54.0566855922
950 62.5768031368
951 44.7272480439
952 56.2963922235
953 50.3964853773
954 53.6244406932
955 58.5076574699
956 54.0991413706
957 61.9777779672
958 55.1110076379
959 52.6791569288
960 51.9656943497
961 49.3753696634
962 64.0429800415
963 65.2627931009
964 53.9303951688
965 62.6623993124
966 53.6442953253
967 51.9234513551
968 48.4016611647
969 56.9112921469
970 58.8367713536
971 52.9295029788
972 60.7777401773
973 54.3859738007
974 46.4711816906
975 52.6500807011
976 49.4136658101
977 73.1713934967
978 52.273703476
979 54.5241636518
980 50.0222124709
981 59.1599250601
982 51.8394555925
983 53.2086477953
984 57.57393627
985 50.9428499998
986 56.6550316409
987 47.2434345528
988 50.625300382
989 59.731229262
990 50.5800612723
991 65.33983705
992 58.3637450917
993 54.8483527098
994 49.6210596803
995 47.9948672712
996 53.5961890767
997 52.505696097
998 52.9161240251
999 50.8638716284
1000 59.9306608746
1001 59.7282458299
1002 65.2455667913
1003 67.2679086554
1004 50.9951608576
1005 53.2661906507
1006 51.8753783645
1007 51.3873804595
1008 48.0362754142
1009 52.9382820325
1010 52.4112604322
1011 52.4453639994
1012 54.3407802007
1013 58.5334727886
1014 52.5274465924
1015 64.5908295979
1016 53.3348476972
1017 56.2011872368
1018 50.4945395642
1019 53.5050345503
1020 58.320721445
1021 63.3192832457
1022 52.5974114226
1023 54.8827787511
1024 52.0998771465
1025 52.5898378463
1026 52.9484160111
1027 57.9981894815
1028 55.7819269263
1029 51.2025119386
1030 47.5659842735
1031 57.579812616
1032 45.5295385718
1033 52.7105839802
1034 50.4389849986
1035 54.0901307971
1036 53.1356186693
1037 53.1158658217
1038 51.2406141944
1039 52.0453051124
1040 49.3922076886
1041 55.3952145955
1042 66.3437018894
1043 52.7455942983
1044 51.0928036809
1045 56.6464779277
1046 53.5273138575
1047 65.6676222509
1048 51.4267388484
1049 48.1026122407
1050 49.5707818718
1051 62.6077019083
1052 45.0321783184
1053 46.0325732665
1054 62.6860793614
1055 57.2193959049
1056 54.2260865756
1057 51.2300319976
1058 48.473271045
1059 55.3766385503
1060 55.2588966586
1061 74.6783802064
1062 59.9597646581
1063 67.3594437764
1064 50.5736548275
1065 53.7952772039
1066 57.2428313073
1067 51.5522423493
1068 52.0739598598
1069 66.8191583279
1070 59.5749578655
1071 54.1175666821
1072 50.4863529192
1073 69.1939671442
1074 53.5903034231
1075 59.4038784855
1076 53.9057436458
1077 52.9523381144
1078 55.2856877001
1079 52.4965040936
1080 48.3509328346
1081 57.09515233
1082 54.1897232146
1083 57.3857914613
1084 55.6569453142
1085 58.1106031024
1086 52.8644849763
1087 63.8493252694
1088 52.9184663713
1089 49.6881003274
1090 54.5737214482
1091 56.484691089
1092 52.4662629327
1093 62.8400739887
1094 57.7828100085
1095 49.7750557174
1096 60.4473622269
1097 52.5136955678
1098 55.0847796404
1099 49.5467781189
1100 53.7758637446
1101 50.2542508016
1102 47.5740451931
1103 51.2879841298
1104 59.683473794
1105 48.5028540543
1106 52.4216777244
1107 48.091113641
1108 48.7217337449
1109 49.8140175371
1110 65.0076150269
1111 49.732406374
1112 55.063071684
1113 54.6793920379
1114 61.5503262103
1115 47.6884067247
1116 57.7654089566
1117 73.2177555746
1118 52.4542970039
1119 55.3275730908
1120 58.1342799866
1121 53.344454542
1122 53.1896917122
1123 56.7604448477
1124 52.0379953729
1125 52.8473676088
1126 51.9398812798
1127 58.9007364623
1128 54.0720843523
1129 48.9866837362
1130 55.6707334231
1131 49.4146626178
1132 51.2359727484
1133 54.9581915607
1134 60.1623917122
1135 48.1959537736
1136 48.9704874206
1137 51.8252811947
1138 52.1799396884
1139 56.9942716471
1140 56.1819439287
1141 47.5963237473
1142 53.944388361
1143 47.6987851825
1144 62.8181796963
1145 60.7236579952
1146 47.737358398
1147 47.7297584849
1148 66.9469079764
1149 55.821064945
1150 50.515837159
1151 62.7415842633
1152 48.0182523779
1153 44.5415270417
1154 47.3116392217
1155 49.958464015
1156 47.152107937
1157 60.6714651114
1158 42.6795289189
1159 55.1251198903
1160 47.2695227394
1161 50.104459873
1162 49.8575377272
1163 49.4053587139
1164 47.0295125547
1165 58.4808520342
1166 47.0756607917
1167 51.6864268835
1168 52.2547662141
1169 51.8796632809
1170 57.6514236679
1171 47.5788515243
1172 45.747336061
1173 50.9211512568
1174 54.4542545801
1175 50.2975971334
1176 49.5764686528
1177 57.9575099545
1178 49.2435064251
1179 48.8733717751
1180 46.0491003198
1181 52.1595446355
1182 45.4989373978
1183 50.9017152774
1184 46.2289923569
1185 47.0355362001
1186 47.9506222085
1187 55.4949557663
1188 48.5506814156
1189 53.2670221037
1190 50.7234147129
1191 57.8089228863
1192 46.3767073342
1193 69.3697051975
1194 48.438613645
1195 45.2555529264
1196 47.4690984512
1197 49.5502131411
1198 49.0090789472
1199 48.2773988759
1200 48.2113592738
1201 54.016431551
1202 55.4757460926
1203 55.4645646194
1204 47.1131792254
1205 49.2417488801
1206 48.3231048522
1207 81.5044925412
1208 49.2073115653
1209 59.696690906
1210 49.7522607032
1211 47.1164846979
1212 49.1827240636
1213 51.2980965235
1214 57.2615284763
1215 49.4197590444
1216 48.4309945632
1217 50.9713222653
1218 45.9207803823
1219 46.8075675087
1220 52.2482694714
1221 51.3568510034
1222 53.1564938457
1223 43.9932960109
1224 45.7132562899
1225 64.6210668686
1226 51.7778152998
1227 59.2973404936
1228 66.0616985887
1229 47.9272551909
1230 50.0653282012
1231 50.66288291
1232 50.9153185859
1233 49.0268032141
1234 60.9254137153
1235 50.1081901193
1236 50.6177166024
1237 59.3869686294
1238 47.1303435035
1239 53.3534890712
1240 56.2378915186
1241 46.3592940986
1242 51.734314091
1243 47.5642934565
1244 61.4996947622
1245 55.5405655893
1246 53.0677745548
1247 46.2039749894
1248 48.5659857575
1249 48.3044143543
1250 52.0472453812
1251 50.9017559909
1252 44.0606276778
1253 45.0956749329
1254 53.1727403087
1255 45.6188717127
1256 50.1837850227
1257 45.6538777098
1258 51.0833434595
1259 49.5094626887
1260 53.4830711568
1261 53.6355352551
1262 45.5028874832
1263 53.7190636473
1264 50.6224309706
1265 71.2117953953
1266 48.7028844273
1267 43.2586794604
1268 48.9181713082
1269 46.7628191251
1270 57.8527936869
1271 44.2946777928
1272 47.4286858942
1273 41.1276559984
1274 65.5384658331
1275 60.6118337964
1276 54.8632703763
1277 43.5626881594
1278 49.1030931898
1279 51.450298954
1280 55.1738860978
1281 52.210659338
1282 79.1001606267
1283 44.9692082848
1284 78.107132838
1285 51.0214306792
1286 46.4019370588
1287 46.7503694335
1288 45.869481585
1289 49.0447705266
1290 46.7961308089
1291 47.1639474423
1292 50.7323778527
1293 55.3820953424
1294 48.1278304536
1295 51.945769699
1296 61.8527784729
1297 56.2905681545
1298 57.1130892403
1299 55.1356636855
1300 62.2046672551
1301 60.4510257346
1302 54.6439055836
1303 62.1325071336
1304 56.7747370897
1305 72.9278396562
1306 51.5470044848
1307 53.2780730607
1308 52.5141524332
1309 54.0948672452
1310 67.6864460206
1311 60.1438854389
1312 45.4253742029
1313 53.5267536287
1314 61.3981607027
1315 50.445823325
1316 61.0311174097
1317 55.9283248212
1318 57.0287628422
1319 53.7868331548
1320 59.8648185838
1321 42.9925766449
1322 53.6839845159
1323 50.6555500085
1324 60.6097667469
1325 58.2667765647
1326 69.9121631559
1327 55.5522780988
1328 47.4058691076
1329 57.8498956932
1330 51.4147641656
1331 52.1625619496
1332 60.5071414431
1333 51.7131982686
1334 78.7436524635
1335 67.8150546368
1336 65.4885165374
1337 65.7816745963
1338 52.787324433
1339 56.6737062745
1340 54.2243527683
1341 54.2986912332
1342 59.2972220809
1343 51.2285639635
1344 61.5098725498
1345 53.775864273
1346 57.1240199661
1347 53.4557657324
1348 51.9617654396
1349 63.0512981079
1350 69.7816977553
1351 48.8521400783
1352 51.5746797457
1353 55.3831016203
1354 60.3371203942
1355 57.5645243901
1356 81.1076248636
1357 48.5988819229
1358 63.8382064712
1359 53.2997617485
1360 58.6004032744
1361 65.7093189889
1362 58.8040747758
1363 65.1876356277
1364 59.1955036403
1365 59.3952553388
1366 57.0585828759
1367 55.2444962749
1368 78.6572889498
1369 59.7646616417
1370 55.8885112499
1371 49.9558610435
1372 51.1254638667
1373 54.3797981346
1374 50.1424491898
1375 55.1281168983
1376 54.1642834304
1377 63.7313053307
1378 66.1717846164
1379 51.975765951
1380 62.74815284
1381 67.6031003368
1382 55.4938438902
1383 55.5625360194
1384 75.7784399
1385 56.7311109365
1386 55.5964571161
1387 52.4886527037
1388 52.3328777832
1389 63.1113509995
1390 55.960516265
1391 75.0887041502
1392 60.0383501302
1393 55.5335129741
1394 54.4000976486
1395 59.3300036855
1396 59.6971158888
1397 43.1276904388
1398 43.6427126905
1399 61.9909099451
1400 51.085146599
1401 54.5500285613
1402 72.2515187927
1403 45.0133241911
1404 55.0419763544
1405 65.9952027385
1406 48.900023986
1407 56.2889376695
1408 52.7220851777
1409 48.333212815
1410 53.6936584625
1411 75.4758179818
1412 59.4708529015
1413 59.717180491
1414 69.1513735733
1415 55.5591584835
1416 51.7201451815
1417 53.5126923048
1418 57.5300051019
1419 70.8783003717
1420 57.3151018993
1421 63.6488835108
1422 58.9344704244
1423 65.8973827514
1424 65.3012223577
1425 53.5100712452
1426 64.6181211868
1427 54.2464579488
1428 50.7609047911
1429 54.0854597422
1430 63.6250221059
1431 53.5023318866
1432 64.0487392641
1433 59.570783778
1434 54.3332443861
1435 58.1586817105
1436 51.7018313871
1437 51.5102278203
1438 69.5097051765
1439 53.6518824767
1440 52.1285963514
1441 58.880960541
1442 62.3792598984
1443 52.486984909
1444 51.0891677306
1445 53.123983222
1446 48.6972574741
1447 59.721026291
1448 58.1670218828
1449 46.9851542996
1450 54.9047124566
1451 53.2371851261
1452 44.5019557802
1453 58.8374330192
1454 52.3513330782
1455 47.5821928251
1456 52.5349766839
1457 54.2711649587
1458 47.5361265644
1459 61.3341845765
1460 51.9063590352
1461 52.701566385
1462 53.9835195547
1463 56.5447446825
1464 54.1681995921
1465 56.901947785
1466 55.048382506
1467 54.9139311026
1468 45.416511625
1469 52.1796674319
1470 66.0890995433
1471 51.4414755385
1472 56.4465202467
1473 59.2373356479
1474 47.8667546465
1475 48.6070286871
1476 63.3936929789
1477 65.7294285987
1478 55.2746624133
1479 55.0317966708
1480 54.7087122505
1481 72.924716079
1482 47.7230174574
1483 49.8607027526
1484 50.3187839546
1485 59.0868864103
1486 51.7764341944
1487 51.8840489279
1488 56.2888380114
1489 50.3515319927
1490 48.1175912256
1491 53.7065795428
1492 57.2111451061
1493 60.6568026584
1494 50.1333904352
1495 55.484272817
1496 51.0622780683
1497 51.7993168043
1498 50.7317144587
1499 54.783295798
1500 51.1672001661
1501 51.9217446417
1502 52.3755980233
1503 47.9432303528
1504 56.4418611857
1505 67.5365947097
1506 51.9598168829
1507 51.1669166021
1508 60.2713473954
1509 51.7433400287
1510 52.2123140048
1511 49.47632071
1512 49.9619280919
1513 50.9843289593
1514 53.2153136544
1515 77.0866614038
1516 58.7714289725
1517 82.1692674752
1518 61.6115519297
1519 61.7016748866
1520 62.2214850677
1521 50.7719730086
1522 63.1124995043
1523 55.7710813292
1524 50.0125086282
1525 52.5950172371
1526 53.0916657985
1527 83.0434984194
1528 58.7751271137
1529 44.6698985118
1530 59.1953075017
1531 50.2599705366
1532 53.1133434749
1533 53.4024786425
1534 51.0671821176
1535 57.0613175615
1536 52.4341394312
1537 62.8467163261
1538 50.2509462527
1539 76.370117582
1540 52.2294118084
1541 57.4072182702
1542 54.164848517
1543 48.9329603118
1544 50.9965141411
1545 51.6690721588
1546 57.6619199984
1547 60.4152411144
1548 51.343366341
1549 66.2645110126
1550 51.2916728425
1551 50.3559948714
1552 49.8952245018
1553 61.9626313562
1554 41.7904605415
1555 53.9022958548
1556 58.5201338311
1557 58.4873990999
1558 56.605384981
1559 49.6466596529
1560 60.7814686791
1561 47.4301041187
1562 49.354351625
1563 51.8061615109
1564 49.5009183131
1565 55.612810052
1566 53.4247666259
1567 56.3328202825
1568 44.9987052451
1569 45.8701288397
1570 43.948910176
1571 45.3809698078
1572 53.5711598132
1573 40.8177438748
1574 50.0149895612
1575 46.2545386829
1576 44.8658524635
1577 50.2455988399
1578 52.3892778506
1579 49.4704527224
1580 64.3146258082
1581 44.4164853989
1582 57.2130451004
1583 47.3032891362
1584 47.4639911592
1585 64.8701735844
1586 61.1952919743
1587 40.3213507248
1588 46.5921301021
1589 44.4460891613
1590 46.7033558818
1591 52.5376148088
1592 44.9328215279
1593 59.3593186231
1594 54.4111473245
1595 49.6934895431
1596 51.4273767882
1597 46.2339291905
1598 49.7378147891
1599 65.9407308575
1600 47.8767829209
1601 48.7478763784
1602 51.0079256197
1603 45.0382657563
1604 45.7648949584
1605 67.9086254548
1606 51.3721582542
1607 50.058663406
1608 47.3200176106
1609 47.3253885673
1610 49.6719646394
1611 53.4612769254
1612 52.0616034729
1613 61.4923981276
1614 51.6715891781
1615 51.7508678666
1616 59.4877350767
1617 57.5816375093
1618 69.5071660964
1619 56.2941975387
1620 62.0758906504
1621 62.2214864406
1622 64.1830819124
1623 51.9346858182
1624 57.9393618637
1625 70.2977810717
1626 51.4568921916
1627 65.4777924256
1628 50.3797750215
1629 60.4579002982
1630 55.6866936612
1631 68.7886762483
1632 52.7302996646
1633 54.5525789196
1634 54.2181268743
1635 51.8014047967
1636 66.1724761723
1637 59.792527742
1638 54.7067540608
1639 51.2546672321
1640 61.2410877789
1641 55.2879373052
1642 54.5942020547
1643 55.4853276709
1644 64.3259972672
1645 55.5909225907
1646 61.1055355281
1647 53.3389687799
1648 54.1911787566
1649 57.1724185991
1650 52.699116818
1651 55.8178272462
1652 57.1373100852
1653 58.1610136488
1654 46.2570899174
1655 54.9566983639
1656 54.0955259502
1657 61.9422916731
1658 59.7658698779
1659 53.1528178316
1660 51.7850853854
1661 61.4275411312
1662 62.1453807374
1663 61.9668081898
1664 59.5865328124
1665 51.5880758644
1666 68.5196010238
1667 52.4262460424
1668 47.707755677
1669 51.295926447
1670 54.9287835599
1671 59.4046366069
1672 53.7663862223
1673 51.5681310208
1674 76.6398348228
1675 64.0907378992
1676 56.5314142026
1677 61.0830943816
1678 55.027614673
1679 54.3372296791
1680 53.687920355
1681 53.1096371705
1682 86.7501596976
1683 78.850968216
1684 78.8394083499
1685 75.0032632965
1686 72.6809314424
1687 60.2646660463
1688 68.0190374325
1689 71.0967278217
1690 89.3950609586
1691 77.8003259814
1692 70.0403043274
1693 73.64590936
1694 64.5118954989
1695 91.5645005407
1696 63.0543878259
1697 73.4159289166
1698 76.3100972211
1699 75.4957101503
1700 79.6388684456
1701 90.7248871842
1702 69.5774609784
1703 85.8961109659
1704 79.8724448181
1705 76.792442826
1706 83.6642724083
1707 71.4113448814
1708 82.926654451
1709 78.954204757
1710 77.6197399836
1711 74.4615444499
1712 91.923640292
1713 82.9796769731
1714 70.0376701224
1715 69.6783372506
1716 64.4299984271
1717 76.2972922587
1718 94.6182663595
1719 70.6896568593
1720 73.3033479574
1721 90.8913066196
1722 78.6456142841
1723 82.7610751396
1724 71.8998319478
1725 76.3390726745
1726 68.1959701782
1727 73.3817814332
1728 84.3480541502
1729 58.7368472527
1730 67.8626025289
1731 74.4227471595
1732 76.881535538
1733 86.6143750642
1734 55.4455426226
1735 78.3770711865
1736 90.4814969525
1737 85.3674564912
1738 77.6881127318
1739 86.7761780423
1740 72.0050694081
1741 84.6799698555
1742 86.6455856586
1743 56.5966401371
1744 59.5761910185
1745 56.5081957674
1746 65.9140241238
1747 63.6550821215
1748 50.2750895822
1749 69.3467915872
1750 59.3687951902
1751 60.7709776666
1752 51.2405001882
1753 63.1408582625
1754 62.2602258119
1755 57.8367242451
1756 57.1323158901
1757 62.2804627794
1758 58.0219207446
1759 61.4874211718
1760 58.85274075
1761 63.2340064229
1762 57.2713631725
1763 60.3096745293
1764 75.6445268368
1765 63.9113567343
1766 53.4653128363
1767 57.5838789722
1768 57.3786689396
1769 60.9522178346
1770 59.2704009669
1771 62.7950840013
1772 56.2444821639
1773 64.3200351706
1774 69.2757497224
1775 62.6106772727
1776 59.2797509185
1777 63.0001396093
1778 59.0515604273
1779 55.6382371118
1780 61.0837346012
1781 54.9008348019
1782 60.0292195583
1783 59.1182931626
1784 61.5416765503
1785 62.8258077922
1786 61.3251823898
1787 56.7896454111
1788 64.2311372372
1789 61.0920719567
1790 66.8402235069
1791 64.5876330732
1792 59.1556742447
1793 60.7958437374
1794 63.6140155786
1795 57.3532563132
1796 55.0782496657
1797 55.1843327139
1798 50.9442205572
1799 64.81968407
1800 59.2363095872
1801 66.1437093098
1802 64.7034409668
1803 58.9662515037
1804 60.6754757286
1805 56.2245781787
1806 57.6520258724
1807 62.2697087493
1808 49.4418856977
1809 57.1377470376
1810 49.8645813585
1811 52.3904853709
1812 52.113976935
1813 49.2877213353
1814 60.4344617135
1815 64.3895432926
1816 53.6386284702
1817 48.0350569185
1818 48.8177937575
1819 57.455198842
1820 47.2654086993
1821 49.5894009649
1822 56.2916544369
1823 44.03669672
1824 49.2930511114
1825 45.0350616724
1826 49.5690735188
1827 56.8198877064
1828 49.4714796329
1829 34.1793602863
1830 53.600619209
1831 53.9773542945
1832 67.0843220081
1833 57.1094059081
1834 48.2812480264
1835 52.5301103637
1836 52.340393703
1837 44.7762797016
1838 49.8405416488
1839 58.9054584862
1840 51.8982470329
1841 53.4522401458
1842 50.0793839265
1843 52.5130524969
1844 53.9026670822
1845 54.8304740924
1846 57.3669259401
1847 48.2767662146
1848 47.876521296
1849 50.6500415443
1850 49.7343923378
1851 64.4433612355
1852 55.6964074907
1853 50.6440014364
1854 47.4413689287
1855 46.3875298082
1856 50.8556225176
1857 44.4183697803
1858 63.1467037326
1859 52.4501659703
1860 46.0496035952
1861 51.8093692596
1862 45.6968418537
1863 59.6835635628
1864 51.2413585871
1865 47.2652667837
1866 45.8690680291
1867 54.8049363471
1868 48.6378621956
1869 51.5376393607
1870 55.1184741483
1871 49.6462207626
1872 59.2407355145
1873 55.7119373236
1874 66.7269846546
1875 52.713002993
1876 60.4035925033
1877 72.1171743625
1878 58.592479361
1879 59.4207609907
1880 59.8022875745
1881 57.006110964
1882 53.6717399855
1883 65.47241504
1884 48.0631621141
1885 53.3917227448
1886 58.7638787599
1887 64.8650797739
1888 54.3527223312
1889 54.3585746518
1890 55.4296223705
1891 64.3790938966
1892 54.4240955556
1893 52.6888476311
1894 63.7025167789
1895 54.9473148958
1896 58.8348548407
1897 53.8636288326
1898 53.628914399
1899 56.2678498785
1900 54.9362527922
1901 46.772667081
1902 60.2619447956
1903 53.4305989856
1904 48.6748897238
1905 77.0498645547
1906 50.6889776996
1907 54.1351615915
1908 50.4440844002
1909 54.2142244314
1910 60.3771966526
1911 51.4170014271
1912 56.2701042436
1913 54.3096750627
1914 56.4995959857
1915 54.2810296122
1916 65.5697508864
1917 59.9609770884
1918 74.6715756676
1919 54.0179574449
1920 53.716522173
1921 86.402857096
1922 57.2272930796
1923 57.5402830778
1924 54.1040747142
1925 59.3184624524
1926 53.2052090625
1927 57.8464099623
1928 53.7897614913
1929 57.363487051
1930 53.8411775108
1931 64.1089329889
1932 55.0096188378
1933 50.2924797186
1934 64.0669883659
1935 60.2817794939
1936 67.20913404
1937 63.59095142
1938 66.5073824863
1939 52.9810252297
1940 62.2592500275
1941 51.1602304921
1942 51.957426998
1943 51.5843621399
1944 56.0508332488
1945 52.3966600196
1946 59.1180590736
1947 55.3187484432
1948 58.2746245642
1949 50.6381853696
1950 54.5838000752
1951 63.2217510293
1952 51.4054460593
1953 50.5537203645
1954 69.9536033698
1955 52.6535058717
1956 54.4293009966
1957 48.8666092264
1958 65.2964938123
1959 65.8495388751
1960 50.4392750958
1961 55.546171023
1962 59.2027794277
1963 59.2520002654
1964 63.3614280952
1965 54.9470266698
1966 54.320866543
1967 51.4092345991
1968 57.61468587
1969 60.8751496273
1970 54.1516465194
1971 48.6298490176
1972 51.1377048228
1973 57.8130398534
1974 50.6837278348
1975 57.7639301872
1976 54.3064089863
1977 57.1574550316
1978 54.2582706933
1979 65.8468082891
1980 58.3788425855
1981 55.7684624413
1982 60.2776544888
1983 61.9791084616
1984 72.3412930328
1985 50.5062618447
1986 71.0114999476
1987 61.4421906245
1988 60.6001031073
1989 57.5191378206
1990 49.9609195099
1991 54.3972325658
1992 58.9805722376
1993 61.7415927597
1994 49.9084466386
1995 54.9668529419
1996 46.7998736217
1997 50.6336470251
1998 52.4803244958
1999 57.3210576567
2000 61.4645968872
2001 54.5535772694
2002 51.3259899004
2003 60.9528900606
2004 52.5109481239
2005 50.8212587163
2006 53.2101090167
2007 64.0635665347
2008 56.0603155345
2009 61.0965526338
2010 50.4392870421
2011 52.9476220875
2012 55.1764524569
2013 57.452314222
2014 53.4977491678
2015 55.9349483943
2016 57.0382342302
2017 67.1426794992
2018 51.6721926855
2019 51.4174954531
2020 51.8434237925
2021 48.8217300737
2022 62.9218971838
2023 56.3740233977
2024 51.9819824294
2025 56.7473664794
2026 48.8651641121
2027 49.8356806472
2028 56.7562214103
2029 48.1670640455
2030 61.055924611
2031 50.3060467638
2032 56.7424293821
2033 62.371517922
2034 50.9186688586
2035 54.1124623829
2036 60.4569027706
2037 57.5931151777
2038 61.3459606116
2039 57.0218770345
2040 42.9462675448
2041 52.3165460659
2042 47.7471581557
2043 51.6824898001
2044 51.6413374071
2045 52.2732681296
2046 75.7707179087
2047 53.5160289664
2048 46.3357420113
2049 53.2320117004
2050 51.5366862976
2051 51.6453428643
2052 46.3407818924
2053 54.7951843232
2054 57.4286604107
2055 51.3244758111
2056 53.6105488476
2057 57.1394950826
2058 56.8124429205
2059 57.7557571378
2060 51.0191701459
2061 51.187470225
2062 62.6947043328
2063 49.5784107893
2064 63.5436418309
2065 44.7052302189
2066 47.9306820511
2067 48.2705431296
2068 71.6324247119
2069 56.7232348601
2070 50.6944460789
2071 48.5999721916
2072 62.9270658563
2073 59.6082229716
2074 58.2389633786
2075 56.29428915
2076 58.391540667
2077 56.0971361146
2078 57.5192880248
2079 54.3168012354
2080 75.5841568736
2081 60.3900850028
2082 54.738759139
2083 58.9266658315
2084 61.6114853322
2085 55.7872177797
2086 49.5534769316
2087 56.4111619411
2088 58.7904884698
2089 53.1666443798
2090 64.3958034717
2091 54.1262796089
2092 49.8136068289
2093 57.3519698981
2094 47.8474541784
2095 54.0970155872
2096 51.8516018672
2097 54.2780357102
2098 59.1151948573
2099 65.2506682866
2100 68.303241646
2101 60.1452067571
2102 61.5044500895
2103 52.8683774139
2104 69.3628889678
2105 55.9467812497
2106 58.7953462958
2107 60.6677728929
2108 51.1091626502
2109 47.918793165
2110 56.4168877829
2111 65.9650104366
2112 58.6493538111
2113 56.1799845822
2114 64.4577449481
2115 60.7986693657
2116 62.2624948658
2117 56.0964607938
2118 65.065843742
2119 56.0443223821
2120 64.4303086675
2121 53.0771911068
2122 45.4875310101
2123 54.0108397057
2124 53.4617644608
2125 50.2631676821
2126 53.4371027398
2127 68.5083610353
2128 53.742819183
2129 64.4697242604
2130 46.489381085
2131 57.6891475835
2132 58.8819057438
2133 53.6401159253
2134 59.4269640541
2135 59.5009872524
2136 58.2921270889
2137 38.236580677
2138 55.5562172064
2139 58.149439363
2140 47.6974151424
2141 52.7543339632
2142 58.179443294
2143 72.0214563284
2144 53.3355959652
2145 64.9420532509
2146 52.5499093733
2147 55.5578139067
2148 54.8222654332
2149 54.3173311849
2150 62.965579711
2151 61.0434401137
2152 57.257702762
2153 53.7529528646
2154 63.7081272101
2155 73.5460719473
2156 57.1039842352
2157 55.4897513656
2158 57.6705162403
2159 63.1728962248
2160 56.3907488872
2161 55.7889879878
2162 62.946009503
2163 67.5016606479
2164 69.458800699
2165 71.2311061924
2166 54.0472216654
2167 57.2607191666
2168 56.7117894853
2169 56.120927892
2170 57.4259600098
2171 55.8588715371
2172 56.0981666937
2173 48.6536431825
2174 56.2282395795
2175 61.8391529533
2176 68.7111850794
2177 54.6062256943
2178 57.9621026501
2179 50.7709002302
2180 53.7103108046
2181 72.2496518699
2182 54.2227887991
2183 60.9084826334
2184 72.0242089322
2185 61.8827187575
2186 51.5539961307
2187 56.4493175117
2188 57.8705269229
2189 63.3303224502
2190 67.7692730633
2191 49.5849031327
2192 51.0487038868
2193 54.1088229028
2194 53.6503369735
2195 57.2008438845
2196 54.543084492
2197 73.7219960984
2198 56.1692182443
2199 63.8162650005
2200 60.9860889837
2201 73.1974410025
2202 60.976300335
2203 64.8061726967
2204 56.6764304635
2205 65.5815978375
2206 56.3996904062
2207 61.8705948487
2208 65.9536935495
2209 66.5122626251
2210 68.415749792
2211 70.5025608226
2212 54.7864988494
2213 65.8090032782
2214 52.2085304023
2215 54.6265194263
2216 58.4708031583
2217 52.6242031236
2218 56.7774031668
2219 58.8680283921
2220 54.3678748913
2221 58.1872897416
2222 46.7589305909
2223 66.6346187913
2224 54.0711933518
2225 75.0340055922
2226 61.0650748048
2227 52.5901251388
2228 59.7466756047
2229 59.6409451873
2230 61.8116331785
2231 65.0137044011
2232 61.5614492265
2233 66.0642264789
2234 53.0337075186
2235 66.446805642
2236 51.7550178472
2237 57.6950767659
2238 59.2327726932
2239 59.4279304946
2240 56.4743522171
2241 59.9652928656
2242 63.5834936964
2243 57.7500918287
2244 58.1605637557
2245 54.7683771051
2246 56.7844454865
2247 55.4102974771
2248 53.0898029426
2249 56.2278824505
2250 63.6546236853
2251 57.8144480983
2252 53.3542031135
2253 57.5733320399
2254 66.327976352
2255 60.3507258248
2256 59.7152214984
2257 60.9113821498
2258 64.7370751389
2259 56.9421971332
2260 72.5065157837
2261 59.6420526667
2262 65.3368836419
2263 51.2093259549
2264 53.893580684
2265 72.9537835319
2266 51.8008885098
2267 50.9461363112
2268 54.0304398926
2269 65.9438558365
2270 51.8374748
2271 51.9812425455
2272 63.7735680435
2273 49.8569614375
2274 53.2957355163
2275 55.2990375917
2276 50.2659995013
2277 60.2899817504
2278 50.8469984905
2279 69.967877323
2280 48.2572985515
2281 51.5240957383
2282 63.0765642788
2283 52.2779248529
2284 60.1390337037
2285 52.0477141796
2286 55.3534379143
2287 51.030297472
2288 62.3017446137
2289 60.6506391692
2290 51.1626135781
2291 54.3394989898
2292 48.3253839412
2293 53.6364187854
2294 54.1238386158
2295 56.7381192848
2296 55.3032610366
2297 53.8151169068
2298 48.3862416967
2299 63.3835550544
2300 55.158644646
2301 53.1041034559
2302 60.1343247578
2303 57.0272457432
2304 56.1474151319
2305 52.1698371211
2306 51.4855509231
2307 54.1923261726
2308 51.7762775206
2309 56.6450985152
2310 53.2296709409
2311 52.4934424795
2312 52.5232914902
2313 59.1287570306
2314 52.4578668904
2315 56.6162887863
2316 60.812632298
2317 57.1957472725
2318 51.9537940937
2319 51.6752431095
2320 63.7601448912
2321 50.6013209676
2322 51.04686139
2323 49.6779180578
2324 51.2425025199
2325 55.1108923865
2326 50.4535196383
2327 54.1938084364
2328 47.7618732804
2329 58.6945896755
2330 52.951553177
2331 61.7651463717
2332 46.9416072217
2333 55.2789188164
2334 56.3038631321
2335 51.7847748498
2336 60.2066160763
2337 52.399817091
2338 48.7855687839
2339 48.5162570234
2340 53.3093032332
2341 47.893659032
2342 41.6386861175
2343 47.9746176467
2344 49.485204229
2345 48.2774672958
2346 48.3393368288
2347 54.2247151353
2348 48.8066066008
2349 48.5263576155
2350 59.4058973225
2351 52.3596246
2352 47.692361827
2353 49.155305007
2354 48.5896540855
2355 52.1369614423
2356 64.0194679862
2357 52.3188497633
2358 58.3451973105
2359 47.4817697118
2360 50.0772644889
2361 54.6329233992
2362 47.2552742411
2363 41.2387215027
2364 52.3211776441
2365 49.8957687367
2366 46.3150076714
2367 65.479134012
2368 51.2906536549
2369 48.2095100212
2370 48.8883570831
2371 52.5664243801
2372 49.3191641655
2373 46.1978230762
2374 55.9568424945
2375 47.8228895129
2376 50.0855205661
2377 47.8578322678
2378 50.2306621855
2379 52.8571876584
2380 50.3222765711
2381 48.2394803716
2382 52.6632833207
2383 82.0657062014
2384 52.0697672542
2385 57.3131415801
2386 63.2619467967
2387 49.5517887788
