u s
1 57.4597715698
2 67.1087485317
3 57.8092431379
4 54.4413200468
5 55.5522188826
6 43.5219383201
7 55.2949845155
8 60.7628693703
9 66.1555215611
10 56.7408204389
11 48.8586118996
12 61.1027851731
13 64.2755531533
14 58.6920787103
15 71.1626808691
16 55.4711096145
17 60.27218254
18 57.6645176093
19 169.123624586
20 56.5984927459
21 56.6428014265
22 58.8887989656
23 69.4767739058
24 57.3437313991
25 60.3351731
26 53.2000759443
27 63.9476725183
28 49.2132047959
29 52.2025964183
30 61.9130981348
31 62.6916391762
32 73.9186642748
33 56.3919304013
34 63.6954374551
35 60.2431432696
36 61.4419499791
37 71.8547930635
38 56.644865402
39 45.7523378605
40 49.3562954275
41 59.3364721692
42 63.6725465619
43 54.4213587664
44 58.0121326531
45 66.2327302141
46 60.5844504742
47 56.0533236585
48 57.7380803049
49 47.3705058538
50 54.0342383295
51 62.9599859818
52 56.1218169758
53 62.417598951
54 64.5223909085
55 152.478227462
56 62.5576638831
57 74.1675399242
58 59.7178554562
59 56.4112230102
60 56.5325136018
61 65.3072810654
62 81.154036455
63 56.1963308289
64 70.5153056835
65 75.5327236809
66 45.3868379121
67 47.1534900508
68 46.9775284109
69 51.7548358943
70 49.0822590831
71 47.5319727934
72 46.5268061231
73 39.9755098187
74 54.7726112312
75 54.7123740734
76 52.5117540962
77 46.5939394235
78 44.9499514999
79 43.8788947284
80 58.1199285068
81 44.5670299875
82 48.2021612603
83 42.2670318425
84 47.1344288429
85 48.6241046281
86 51.2307001086
87 47.3755442015
88 55.5805387705
89 53.9855950327
90 52.3948626297
91 46.2535370178
92 50.188172693
93 60.5230069948
94 65.4727289725
95 34.5332627906
96 41.423804867
97 50.4982811385
98 14.8312206002
99 47.0694384645
100 46.8512467282
101 49.6187812186
102 46.1352295017
103 49.8366833256
104 54.7083386416
105 49.4570709146
106 57.2376144735
107 42.4251634852
108 56.5659648251
109 56.028151383
110 51.3982622581
111 49.313219779
112 47.585666155
113 57.7468892681
114 53.1715582104
115 52.8451343107
116 61.9154691433
117 50.870970332
118 53.5245299155
119 50.1433871562
120 46.6314142722
121 53.0627616347
122 45.0047650663
123 54.2232973907
124 46.7243500324
125 39.8873890539
126 50.2680410438
127 51.6476557606
128 48.882680834
129 47.3661328137
130 47.1010590253
131 53.0793359693
132 56.6444807965
133 52.0356251961
134 52.349208492
135 52.1188065172
136 49.5044616841
137 50.5167566632
138 47.4640788341
139 50.1025657863
140 52.2237115115
141 52.2263119446
142 46.8262989614
143 50.1005430784
144 55.3223190729
145 57.4818006616
146 56.0141378182
147 46.6458286427
148 51.7706144961
149 52.8730177832
150 58.7817189068
151 62.3610871414
152 48.3520967672
153 48.272886305
154 49.9043654468
155 61.9174072472
156 56.9289355635
157 47.9456878786
158 46.5092711818
159 50.327950931
160 49.6836691091
161 45.4799661934
162 55.4123240586
163 48.8362659342
164 51.6741411308
165 52.3317291691
166 52.6184458588
167 54.6100195092
168 45.4052255215
169 57.6596652695
170 43.3252024064
171 49.2181439281
172 48.546555436
173 52.1346238796
174 59.8473616608
175 56.0882357034
176 63.7088048263
177 49.0962431705
178 48.4597979215
179 50.6550262922
180 52.6218894449
181 54.7621274038
182 48.0240760208
183 57.1818665051
184 46.5148729746
185 47.6785223059
186 62.2446061447
187 44.9052711922
188 69.9392704929
189 60.1606034623
190 42.7604895254
191 45.8346200564
192 48.612461996
193 47.9066179363
194 47.1569982813
195 50.9280602266
196 63.5032591577
197 55.4859955286
198 54.3334702199
199 66.7469079076
200 52.8955070448
201 56.3499609742
202 54.5029386219
203 66.5399111019
204 59.3021157043
205 57.4572896442
206 57.0054128515
207 55.6293450602
208 55.0933415038
209 63.1229216806
210 56.8260367066
211 52.568575158
212 58.0349923285
213 43.8981079931
214 52.1625122581
215 55.2131201096
216 40.7348365303
217 63.1612010575
218 64.296582196
219 54.1022112069
220 52.4313742263
221 54.9409596155
222 53.1990319419
223 61.1918577192
224 54.5330518598
225 59.69532577
226 59.380960979
227 61.8997869736
228 60.599032394
229 45.0484476506
230 59.7112236675
231 71.8906797316
232 54.1991731775
233 172.92716314
234 54.0126666967
235 53.3181419803
236 191.808827693
237 63.2298623248
238 54.1195350575
239 57.9551159488
240 52.6227481492
241 37.3752178639
242 59.123776254
243 62.7724833743
244 53.443461161
245 62.7145706424
246 53.826085503
247 59.5259664065
248 59.3331030881
249 54.5792517007
250 38.7554940783
251 52.5350926638
252 52.924849669
253 50.8742554517
254 53.0888069413
255 70.6011446355
256 55.4573826502
257 59.4905309619
258 67.60293455
259 52.5979931848
260 64.9995542834
261 44.9878523027
262 57.3513375342
263 68.6814548258
264 61.2886381801
265 55.7899266824
266 51.9780505797
267 55.5809576935
268 45.9836122697
269 53.8483829265
270 53.1742837646
271 64.015882491
272 55.6952783155
273 53.8583207251
274 55.100713205
275 60.1843267328
276 56.5311381085
277 73.7455850155
278 65.7837257019
279 58.1491629752
280 53.2919310326
281 58.8757445784
282 57.4609016053
283 56.2372524484
284 69.7226438687
285 51.0464767198
286 53.1719058006
287 64.9936483286
288 54.2568656152
289 63.6221875309
290 60.0753602188
291 59.9794313257
292 54.9000082071
293 54.4778547084
294 58.9000975026
295 47.0887296538
296 58.9186431524
297 54.4608319677
298 53.2858218864
299 50.6230873677
300 55.9901738885
301 51.3793698164
302 51.5785794791
303 55.5947882304
304 55.2533321613
305 68.3255029586
306 67.1202990258
307 63.3137750246
308 58.446690413
309 53.4640534488
310 53.6111105597
311 56.3254606301
312 54.2712534363
313 56.9432280802
314 48.3484186979
315 53.3440771164
316 63.9602118528
317 52.0487362512
318 47.1842679848
319 59.2836409481
320 48.3241252777
321 48.567586375
322 56.3358847192
323 66.9533443166
324 61.5602527951
325 56.3067299498
326 59.5527955562
327 49.276887083
328 42.4240593727
329 49.5212493554
330 47.307858815
331 41.4412193487
332 49.8858791342
333 53.4287516555
334 47.6736500937
335 46.5250829034
336 56.0977967132
337 49.9640569714
338 38.1140272498
339 48.434737191
340 55.7490981779
341 54.8348635278
342 47.0082811157
343 48.2427933303
344 48.2520946042
345 51.5577666315
346 48.0392147007
347 56.8675200913
348 66.5291895265
349 51.3862989307
350 55.06187033
351 47.3944742062
352 55.3261129445
353 46.779612563
354 47.2205401423
355 58.7347928777
356 53.080850146
357 53.9435723989
358 45.5854437569
359 46.7465255447
360 50.3623120883
361 37.0909596568
362 50.2355130619
363 51.4458631659
364 57.7104087598
365 47.2819621423
366 49.6521040967
367 48.8179673034
368 54.4689119829
369 48.8614585085
370 65.6094945415
371 62.768145217
372 46.7879586327
373 67.8152433997
374 48.2665599743
375 47.1772601957
376 51.1815296421
377 46.5074863945
378 46.2166495347
379 54.8014932197
380 48.3518350263
381 45.9869160523
382 49.5074620188
383 50.9469827381
384 47.2279115908
385 48.9748763677
386 56.6892861683
387 55.7185623003
388 58.3955201253
389 49.6284134656
390 57.9655385049
391 47.6246616456
392 40.6645653285
393 44.5842430588
394 48.621433575
395 47.7600723747
396 50.1342051006
397 52.6305695873
398 55.9790296719
399 48.9682469311
400 46.066983849
401 45.504923789
402 42.7068996341
403 49.8789229663
404 45.8384378015
405 58.9087381237
406 53.5453894738
407 49.5578101671
408 47.7877531873
409 49.0958410835
410 51.2113248551
411 45.9842415994
412 51.4557989493
413 56.4828124935
414 46.65268797
415 50.8206013296
416 55.4763886531
417 47.545775649
418 58.2052036895
419 56.5633547326
420 45.8251945303
421 55.7792269492
422 46.6944688066
423 54.7209721267
424 61.2597272337
425 43.5020601691
426 50.9978646082
427 54.3392349303
428 46.8014293437
429 50.7799675476
430 46.5286915879
431 52.6217183938
432 42.9043440116
433 61.0166029317
434 52.0755970018
435 57.2874706489
436 47.4600473867
437 58.0243634756
438 46.1703380579
439 41.8979343171
440 47.0877929592
441 53.5871870543
442 52.1970378386
443 53.7674910578
444 49.5269184545
445 53.3276058631
446 47.5813802691
447 52.7377126422
448 52.8408696903
449 42.9946498622
450 47.3870409
451 49.5588901702
452 42.8260381528
453 61.3404322509
454 79.22407392
455 45.2666123991
456 44.1561640242
457 50.7183026219
458 46.5840984652
459 46.6360566407
460 52.7331325447
461 47.6194423528
462 52.6090594149
463 52.367786675
464 44.2678592051
465 38.3108460771
466 57.5170879807
467 44.1829299187
468 50.5945721831
469 41.8944462307
470 49.2980147449
471 64.6746302482
472 48.4709967822
473 45.6683109135
474 43.6081406891
475 57.2824345801
476 51.5648033231
477 49.0840643887
478 45.2839373507
479 53.3609173532
480 49.2632141993
481 45.1268570333
482 45.0239044152
483 48.868987079
484 43.5947308345
485 53.7625713392
486 50.2320019489
487 46.6696538102
488 43.4892473164
489 52.348697832
490 67.520516754
491 51.3880188772
492 46.4793232275
493 57.2422879518
494 44.0094562158
495 46.9389398224
496 50.1467646798
497 57.7192125049
498 48.286641381
499 37.6412613618
500 66.4322334192
501 47.7972475332
502 52.0180704879
503 44.5531937112
504 46.6919635594
505 51.7194183404
506 55.6382167293
507 43.33469246
508 39.7966377913
509 44.5763551485
510 47.2770832811
511 48.8412443708
512 44.8220360872
513 49.0650685919
514 54.667281168
515 62.6003150034
516 47.0696178333
517 45.0334195615
518 43.8814382955
519 47.892898546
520 57.5709312534
521 60.6445858776
522 70.524019885
523 53.8205468782
524 63.6413097092
525 60.5408899355
526 57.2319455387
527 55.0756643269
528 50.6727496692
529 64.3153890055
530 54.1477662559
531 56.2084593758
532 54.9325011837
533 47.122564732
534 63.6261637536
535 53.9014189395
536 57.5085541677
537 56.4277909751
538 46.6433762429
539 55.4651139925
540 49.4459909635
541 40.0613433342
542 59.1043485245
543 63.5243659453
544 63.4353985597
545 68.9850543939
546 52.3465568317
547 58.7770682735
548 42.4473849805
549 50.5310218989
550 54.5163686971
551 65.0810218517
552 74.2208314812
553 54.9224356195
554 51.966008165
555 54.1276356334
556 54.3757153139
557 68.8943390206
558 54.4404540038
559 54.4478435567
560 56.3549770258
561 48.9001965297
562 53.484584345
563 51.6687077978
564 53.5186557283
565 55.1814550405
566 59.0926989752
567 58.9514385539
568 62.3087397951
569 52.9696094798
570 52.8224158733
571 55.7101794932
572 63.6271191157
573 56.4174763922
574 54.1277305832
575 48.9943408581
576 53.7628731813
577 59.0218988569
578 55.7433889852
579 53.5334162176
580 65.0987066938
581 50.626855701
582 60.6520369505
583 57.3975721987
584 55.312675315
585 59.4762788935
586 50.862848835
587 46.3503366401
588 58.143155023
589 55.2905803075
590 50.0197311419
591 53.8395173359
592 54.4019014258
593 48.647111065
594 49.3109331237
595 54.2358418555
596 49.5215496945
597 46.4129769474
598 55.6802837229
599 49.4899770784
600 51.8240217092
601 54.0161111796
602 63.3257750419
603 52.9231455828
604 51.0860499629
605 43.4746955591
606 54.6265350463
607 54.0621094146
608 51.8519002685
609 41.0883551389
610 46.2779462783
611 51.8015489184
612 61.2285975397
613 46.5037944925
614 51.1634509477
615 51.3987088375
616 54.9776197384
617 53.4267906424
618 49.0649611929
619 79.5041790834
620 47.5286815343
621 52.6467234903
622 49.9960027603
623 53.0709494705
624 48.6709781823
625 42.7064841416
626 51.7718939138
627 49.9812277004
628 57.960849097
629 49.9017564981
630 41.8286785919
631 65.2435122814
632 48.9987051721
633 48.3818825275
634 50.8057822124
635 61.372333997
636 50.8488589584
637 53.1415730187
638 46.8227216526
639 48.585453565
640 48.4840571094
641 57.2198353975
642 55.6737419341
643 63.3497426607
644 54.5049840841
645 51.4626098919
646 50.9968010202
647 50.4433711301
648 58.3058352762
649 45.3988510473
650 50.206530067
651 51.3072651884
652 58.1551376435
653 57.6235964232
654 52.8533130059
655 54.3129557681
656 54.773139333
657 53.6839737928
658 50.3647894779
659 56.5411253588
660 63.0331500754
661 59.7587922381
662 55.598469313
663 50.4584742901
664 67.1163553674
665 57.0416056113
666 55.6609989437
667 52.6441117152
668 58.6657736132
669 55.304558644
670 53.351836723
671 50.8548169162
672 54.4608057296
673 64.7136668631
674 52.0171505722
675 65.6960185325
676 58.5937939014
677 64.2578701145
678 54.229624612
679 46.8014938008
680 58.6046825191
681 53.9285906795
682 60.8448927489
683 59.3804352005
684 66.1728765324
685 52.8098828221
686 73.7539957164
687 55.6297793031
688 43.323035186
689 56.2073651943
690 44.1072364972
691 56.483082433
692 60.7705360551
693 74.8026108004
694 54.2952223207
695 55.552693383
696 59.1762601366
697 55.3285823428
698 53.3132908419
699 54.3136829513
700 62.821172904
701 55.0221913042
702 66.1174474335
703 67.2730979941
704 58.7823118467
705 57.5048459557
706 52.7215735433
707 51.988943148
708 62.7083720528
709 54.5453364612
710 46.2444218892
711 51.3551843585
712 53.1914945773
713 53.3212870919
714 51.0025176956
715 46.4559805086
716 56.9843650693
717 56.8309469318
718 52.080151083
719 51.3926207337
720 51.6648215618
721 40.8546212863
722 45.4271613925
723 50.4257959925
724 51.2315171602
725 49.6120570469
726 50.8214956242
727 51.691931696
728 51.063565055
729 51.6638684571
730 59.0625296456
731 64.9653834961
732 49.6443991176
733 55.550053869
734 42.8478655765
735 46.5084433693
736 48.4029343099
737 47.9701056585
738 50.9238116345
739 56.3122589288
740 53.2782911122
741 49.3445083145
742 47.8930319132
743 49.8369612713
744 48.8884894329
745 46.3741199286
746 67.080431856
747 59.2241935098
748 52.4682859738
749 58.3716108436
750 52.0606487466
751 47.3506075989
752 53.6985125454
753 55.6734313442
754 57.4670365029
755 47.9425909646
756 51.1641918012
757 60.5770581017
758 56.8411541034
759 50.3478770879
760 50.7360146088
761 52.0079038831
762 51.8319169461
763 52.0146449828
764 50.7007249327
765 54.7479640261
766 49.1771062027
767 53.6215338055
768 47.2754012911
769 50.6275653912
770 45.4218961493
771 49.8547577866
772 50.0597009261
773 66.9611893799
774 51.4013396706
775 59.9613998963
776 57.6354711929
777 50.200397748
778 49.0771304719
779 55.5228853528
780 57.6324159525
781 44.9352139016
782 60.1051115396
783 59.8430733817
784 64.9415571798
785 56.1092325504
786 62.2653569739
787 46.3197590199
788 61.011325623
789 50.4195157251
790 69.2231587154
791 59.9806771246
792 60.3737757805
793 60.1767972594
794 61.9943528345
795 59.1539856143
796 56.4112568129
797 64.6979139036
798 57.6854145064
799 57.1979390114
800 54.8517899308
801 45.8212064066
802 50.1840489163
803 64.7870184288
804 62.6507861266
805 41.5052534164
806 59.2547844572
807 43.8551887138
808 65.758198147
809 56.7919943443
810 62.8000224676
811 59.4840019027
812 60.9257730596
813 57.2679700913
814 40.1503552984
815 55.6770456194
816 66.8799916534
817 61.494147853
818 67.9379381502
819 54.1258053358
820 57.3361394037
821 40.571576895
822 55.9599230871
823 59.2106542097
824 52.9556121758
825 60.6286083085
826 43.6867771139
827 59.0511097541
828 55.9465917977
829 61.3347957957
830 59.6645606143
831 68.8950349854
832 53.7515705738
833 45.5759702863
834 57.9156593711
835 58.4640921417
836 57.2851793511
837 64.1599364463
838 61.7200893602
839 53.2744261435
840 63.6404235557
841 62.9877361804
842 59.8125231683
843 58.4644855671
844 69.0158419862
845 57.037914151
846 54.158997805
847 63.8289196783
848 51.5410183507
849 51.2454887434
850 45.5971846332
851 53.712483738
852 58.2483146114
853 61.504721347
854 47.4848118495
855 58.3359879276
856 65.5471828442
857 52.227940489
858 52.365093828
859 60.3085202644
860 51.1524798641
861 48.6677627944
862 54.4050744184
863 54.3424954526
864 48.3305229171
865 55.0011614817
866 49.2791419301
867 55.128907199
868 47.736851978
869 52.1380219356
870 52.9936875584
871 51.3878244408
872 56.8121151772
873 53.0661452764
874 49.4617172881
875 51.1919939516
876 57.0471987924
877 51.3525105283
878 52.5655473513
879 50.3829453972
880 59.7948372946
881 44.6377538064
882 48.6779841623
883 53.0634579433
884 46.721443337
885 63.2028850166
886 49.4552393859
887 53.3920476016
888 50.2309972703
889 54.081046459
890 53.2023241312
891 51.6067311525
892 63.8136446533
893 54.8667875258
894 50.9268272028
895 53.7027132306
896 56.3011959436
897 41.4804352535
898 56.2108112355
899 52.0968945189
900 57.1957902881
901 54.0147205535
902 49.5228264358
903 54.370367855
904 55.258597802
905 56.0886804381
906 53.5578831954
907 56.4226630015
908 52.5487098848
909 47.7311285595
910 55.0921106313
911 53.8751086472
912 66.8304184137
913 55.4486806346
914 55.1501976794
915 51.9350878242
916 50.9001288643
917 52.7443814285
918 54.802937603
919 48.2084980962
920 56.1332604391
921 44.8003633169
922 54.8104004165
923 55.4276963754
924 64.2866835711
925 52.9609311297
926 62.2551294336
927 64.446430474
928 51.0061543841
929 52.3191194857
930 54.2364966386
931 56.1880784816
932 53.924866346
933 50.6455145637
934 50.8003836794
935 59.9154819464
936 64.1795255219
937 57.0184231211
938 58.4048660816
939 62.3202339713
940 56.593678741
941 53.8381527972
942 65.6681532078
943 56.6595838876
944 55.6890693723
945 51.297220274
946 54.1496400633
947 51.3993557921
948 60.118601665
949 55.4068068964
950 61.9435708218
951 56.5715757804
952 57.6072839706
953 52.5035461674
954 62.1730518264
955 55.0274976537
956 65.8192094456
957 53.4044994081
958 57.2150280605
959 52.4488231791
960 60.8465260894
961 57.9344445265
962 62.533569553
963 56.0140132901
964 51.6896733427
965 53.2332387757
966 62.0462374274
967 50.3934157283
968 53.7008434362
969 55.4744072855
970 56.7207855839
971 48.3309469223
972 48.0362095438
973 43.7611595002
974 46.4028119135
975 54.697724284
976 53.8151136528
977 50.9520191239
978 46.4004462269
979 55.8189658075
980 55.5925937771
981 47.4173463403
982 50.0968406063
983 49.0151677425
984 47.9835228489
985 44.7669288272
986 61.1688555819
987 44.9240252055
988 41.9854957992
989 51.0256051203
990 50.3626626033
991 53.9217416964
992 46.5144314149
993 50.1893415021
994 48.4286519801
995 48.694523042
996 60.3386983768
997 55.9430364657
998 55.2779687955
999 45.9989009091
1000 46.4970738314
1001 47.3958802795
1002 50.9567901006
1003 47.8317660901
1004 59.0558349218
1005 51.9063469406
1006 53.4022535905
1007 56.5833399619
1008 55.8618909327
1009 50.0695503824
1010 74.3212109863
1011 54.2030056941
1012 65.3607622988
1013 50.7590124908
1014 48.7024353875
1015 57.6044161076
1016 49.6679046832
1017 51.844623087
1018 53.1750374323
1019 53.1417772141
1020 54.9388506506
1021 47.3602469518
1022 53.5504693238
1023 49.3334111505
1024 53.3795418911
1025 47.5660934867
1026 51.675777859
1027 47.6786048879
1028 53.3170601302
1029 47.9853433389
1030 46.5639037386
1031 54.0349001332
1032 46.7376909334
1033 48.5186933304
1034 56.7766407445
1035 43.0912379631
1036 45.1853458353
1037 42.9583657468
1038 46.2011957852
1039 56.9662381532
1040 45.0774184902
1041 43.6742969672
1042 43.3983004382
1043 48.2361711238
1044 43.4195660282
1045 40.9313975517
1046 44.9142161486
1047 49.0689602162
1048 52.5102088766
1049 43.0756620993
1050 39.1522929955
1051 56.1521983835
1052 34.3426494808
1053 44.6267797725
1054 47.0090761351
1055 46.848361414
1056 49.7794271968
1057 49.8426543696
1058 56.2648171864
1059 45.2141826728
1060 40.2608763554
1061 57.8841163191
1062 50.6278815721
1063 45.5801913739
1064 51.969120038
1065 54.3517796475
1066 45.8980023432
1067 51.2787321838
1068 49.6775977613
1069 47.1974538793
1070 42.0035557462
1071 43.7507678459
1072 46.3889434488
1073 43.3747708969
1074 48.0436454293
1075 51.2806783059
1076 43.5852709382
1077 54.9839111133
1078 44.3125088656
1079 49.8902815064
1080 47.0680286562
1081 55.8986564421
1082 42.5903994562
1083 56.1379193735
1084 50.8637562931
1085 43.4022399667
1086 47.1483544413
1087 41.9679045546
1088 44.7481721877
1089 42.9102493522
1090 47.6532507707
1091 43.1303677858
1092 45.9657924037
1093 47.3148756977
1094 54.1546318439
1095 44.5970831707
1096 46.9290085709
1097 62.7763945912
1098 51.6031937483
1099 43.0665357644
1100 45.6118347441
1101 46.9113406276
1102 51.6260174769
1103 49.7036942929
1104 48.5158045303
1105 49.1283345447
1106 51.5255517952
1107 46.9397807301
1108 59.8634132758
1109 51.8743445683
1110 48.7628664928
1111 49.3466996558
1112 50.1856079177
1113 49.8537696033
1114 47.6398024909
1115 48.0431471523
1116 54.0354981971
1117 44.5021265965
1118 50.374287404
1119 46.339533549
1120 53.1874922238
1121 46.7303012938
1122 56.4888583458
1123 47.882356393
1124 52.8002123048
1125 52.2567031776
1126 43.9601413824
1127 54.1230668684
1128 60.6270563591
1129 49.9495749397
1130 50.5719855618
1131 57.3786105143
1132 52.447391697
1133 49.3953761042
1134 49.8033314101
1135 60.6498298003
1136 48.9354519493
1137 54.2464991873
1138 49.9162131714
1139 49.7461815111
1140 49.0806381278
1141 48.272025092
1142 36.3341002106
1143 60.7792656892
1144 56.0494131128
1145 52.3291340562
1146 48.998706078
1147 47.9431208513
1148 50.4632852473
1149 58.7774689397
1150 42.4249332006
1151 50.2066024685
1152 48.2364788255
1153 49.3050276563
1154 46.2072516922
1155 55.4374519959
1156 50.9750661983
1157 56.6772435972
1158 49.0391106033
1159 49.1526759428
1160 60.2107542059
1161 51.5165213054
1162 48.7368849698
1163 55.6321788796
1164 48.0292521382
1165 52.3077887055
1166 49.0270095135
1167 53.1319911165
1168 62.4234602978
1169 54.8584053584
1170 57.1273336332
1171 52.1847880427
1172 42.8703529735
1173 51.0497924066
1174 46.988191924
1175 54.1736643954
1176 50.9542838899
1177 54.4278748925
1178 49.2506613604
1179 62.5430127928
1180 62.7694598257
1181 62.6931472749
1182 52.9640449108
1183 50.9935182961
1184 50.5276803593
1185 56.327562106
1186 46.4311633855
1187 52.6443477777
1188 53.4919717444
1189 64.5203696904
1190 51.7413972506
1191 55.8983800117
1192 53.1843931708
1193 52.3844373667
1194 54.9914802167
1195 58.9703247862
1196 49.2401718239
1197 49.8110040717
1198 57.5608061396
1199 66.5598671279
1200 65.1548704769
1201 50.9400780268
1202 48.8181918011
1203 47.9595292349
1204 51.6955724543
1205 60.0865719098
1206 52.4500879437
1207 52.5677293215
1208 57.281437074
1209 60.2341356584
1210 53.0464134866
1211 55.3280596817
1212 50.508761872
1213 58.0502302248
1214 53.3606821723
1215 55.0605066969
1216 53.9891516012
1217 34.8926068932
1218 51.7385219088
1219 36.1598804065
1220 56.0850968726
1221 54.3349997194
1222 48.8512996444
1223 53.3414311573
1224 52.0521415587
1225 53.3343980069
1226 52.3090555064
1227 53.2558020564
1228 50.9725165497
1229 53.7357158518
1230 54.9006841562
1231 58.7426772472
1232 61.2475838907
1233 38.0632795495
1234 57.976440483
1235 62.1398425221
1236 53.7732223182
1237 56.2893121714
1238 66.3575072872
1239 52.7507341172
1240 65.0309073668
1241 54.7742316357
1242 55.177118835
1243 50.2468501804
1244 55.1613074867
1245 58.3812997792
1246 60.669530168
1247 43.9578306145
1248 57.102896902
1249 55.5160348084
1250 52.6788175863
1251 56.5337015211
1252 57.3529576196
1253 58.1452429473
1254 54.0792779138
1255 56.9360127103
1256 52.5108337573
1257 55.4015615475
1258 62.6283599757
1259 59.681763525
1260 51.7705408481
1261 55.0395586164
1262 50.2933688989
1263 52.2896257525
1264 73.6926641676
1265 55.8664316814
1266 47.0348918476
1267 57.7355795112
1268 55.5797264161
1269 65.3690873114
1270 60.5618185594
1271 56.2487724518
1272 48.8919558221
1273 54.1583409639
1274 58.9532016773
1275 56.962123694
1276 67.2702578967
1277 58.9235397036
1278 49.0370663212
1279 59.3464956114
1280 57.5809567466
1281 54.4024024834
1282 55.2367766918
1283 53.9854610111
1284 61.9604767558
1285 57.6842590569
1286 55.9884642678
1287 53.7375206699
1288 54.9647874715
1289 59.4142481785
1290 56.2772016129
1291 69.3753522658
1292 50.3843817117
1293 56.8163601554
1294 54.7034575831
1295 52.2031934603
1296 64.6521589625
1297 39.5989190436
1298 60.2878774641
1299 56.8335879866
1300 51.6970391946
1301 55.3308151027
1302 55.845317707
1303 12.8311563734
1304 53.5414191141
1305 63.2668592444
1306 48.3016204374
1307 57.2820042626
1308 52.9231311136
1309 48.2922458046
1310 49.1593281241
1311 46.2369843841
1312 60.5280182055
1313 56.047936396
1314 50.5104519551
1315 53.935217088
1316 56.5845706127
1317 61.8091385853
1318 51.6067020076
1319 68.8889722305
1320 50.6777970051
1321 51.2422429526
1322 50.5101494531
1323 43.49893028
1324 59.6695332902
1325 53.197095817
1326 65.0359090426
1327 54.1346466044
1328 51.3133144922
1329 52.6693930862
1330 52.7010269724
1331 59.2353537824
1332 46.926016276
1333 47.6745233721
1334 57.3489909657
1335 54.9458246177
1336 52.7649548207
1337 57.9510077906
1338 46.3973365665
1339 51.6499095257
1340 61.6181011362
1341 47.8382056501
1342 50.4476142275
1343 46.047912924
1344 58.2209632519
1345 54.2513479459
1346 71.9787607567
1347 55.7478320097
1348 56.1413430251
1349 65.9293492114
1350 58.2402079329
1351 50.6875317962
1352 51.3983471885
1353 52.1341568443
1354 59.9782737882
1355 53.3954139452
1356 61.1734070307
1357 44.6344337564
1358 63.0227507964
1359 49.6932770293
1360 47.6825520079
1361 61.4795696811
1362 55.0173959356
1363 53.7444946544
1364 50.3204034429
1365 56.86204661
1366 47.993760818
1367 57.3678332697
1368 54.8763318547
1369 53.5558875323
1370 51.9861740609
1371 47.2713967493
1372 47.7160344167
1373 64.5186360973
1374 68.4575731095
1375 47.459110492
1376 71.7435889841
1377 56.565749108
1378 54.3588661221
1379 47.3829444839
1380 48.5889061476
1381 47.1665745127
1382 52.8206463141
1383 55.3618789778
1384 45.0534802164
1385 51.7176020855
1386 48.3916160303
1387 47.7528633755
1388 52.8641859365
1389 43.4851897254
1390 49.5062150794
1391 48.0326476425
1392 54.2176197433
1393 48.5828805041
1394 55.7095067361
1395 48.191876576
1396 48.7714851059
1397 51.3771780407
1398 54.5450618813
1399 40.071403072
1400 38.7466141692
1401 50.0755077759
1402 48.2943936936
1403 47.7216039359
1404 49.9598754739
1405 49.9787197016
1406 48.0298352536
1407 53.8539550924
1408 56.3138915862
1409 50.8925060226
1410 42.9035605425
1411 61.0776141192
1412 62.6938376727
1413 52.0584034025
1414 52.7597900196
1415 47.3786573984
1416 56.9950036302
1417 55.3737603689
1418 56.2655195802
1419 49.6158323902
1420 54.0448842104
1421 50.9089714253
1422 51.6174256955
1423 58.8556060564
1424 52.3447620249
1425 46.4503202048
1426 55.4656529136
1427 53.4810210103
1428 44.36749206
1429 55.9626644508
1430 49.5953350752
1431 46.3129230019
1432 52.1272694651
1433 49.3034753104
1434 59.6553501056
1435 50.9348674857
1436 52.6143548024
1437 53.9151539367
1438 51.3555554506
1439 48.5764562147
1440 52.6653816365
1441 55.1099408496
1442 51.1078453037
1443 62.9653814325
1444 53.8883816993
1445 61.3297903698
1446 50.8113600166
1447 53.0099657608
1448 47.2992684623
1449 47.4534017899
1450 64.583766428
1451 45.1468017869
1452 13.940834148
1453 46.7869122123
1454 61.3598767627
1455 44.9193726851
1456 66.1591987852
1457 57.8728088403
1458 49.0657127
1459 52.2601261609
1460 47.8145421884
1461 54.9842145121
1462 74.1987713645
1463 51.5453779485
1464 48.1772857607
1465 54.2572700257
1466 47.7213942624
1467 41.6740187832
1468 56.092250543
1469 52.3562086316
1470 55.2083224355
1471 50.5028665939
1472 56.7560014127
1473 51.1688167496
1474 76.9565819693
1475 53.4602529648
1476 56.6117066823
1477 59.7143101006
1478 51.6201132818
1479 60.9540984899
1480 52.5987687691
1481 61.1974761135
1482 60.5409402879
1483 54.2674248113
1484 52.273779556
1485 53.0692585669
1486 52.9050669478
1487 53.0034404289
1488 39.8242136838
1489 45.6181029117
1490 48.2145407454
1491 61.1300041539
1492 58.7911545659
1493 49.3354084769
1494 47.4046480175
1495 48.0735991614
1496 56.5626871845
1497 50.2498421742
1498 50.9567365715
1499 46.5694581652
1500 51.7073303336
1501 54.781330952
1502 55.1698212044
1503 58.098682532
1504 48.4028007473
1505 48.5284858037
1506 49.9670875574
1507 53.4656144483
1508 48.3880651343
1509 47.7791494619
1510 47.4216209188
1511 59.0133478091
1512 45.4054060149
1513 46.9241703851
1514 53.4332861784
1515 64.3981256446
1516 49.9038233338
1517 58.1403256545
1518 47.4158259903
1519 45.9922234992
1520 46.6427900042
1521 55.6293174244
1522 66.4447033776
1523 58.9456892566
1524 48.3333360959
1525 48.9786003034
1526 50.0067844941
1527 51.2720392582
1528 40.1891038645
1529 55.7982391598
1530 43.0095055099
1531 50.4660399418
1532 44.1382678714
1533 49.4039139914
1534 49.3579540824
1535 47.0053639826
1536 39.3422542673
1537 50.4493985399
1538 47.5619780291
1539 56.2076647665
1540 51.5963530964
1541 50.6367587573
1542 58.4638145663
1543 48.8980967016
1544 56.3019300549
1545 50.9193736617
1546 52.9300152804
1547 54.9943486462
1548 48.4656237187
1549 53.9592137561
1550 48.9120880395
1551 50.9668817837
1552 55.2944789348
1553 61.6671811797
1554 53.7087029933
1555 58.425585279
1556 37.4837415077
1557 56.1665670288
1558 51.4549393327
1559 49.1751929169
1560 60.6024599204
1561 56.4574286166
1562 57.5110110511
1563 52.5771234719
1564 57.1876196125
1565 54.0049463718
1566 56.3395834717
1567 55.2548722257
1568 54.5491532456
1569 54.9453512994
1570 51.1315220993
1571 50.0111397888
1572 59.0937363416
1573 52.8547280334
1574 50.0023955623
1575 49.1652607215
1576 52.7885145614
1577 52.0952838082
1578 67.6561933783
1579 55.2888985703
1580 52.0450548166
1581 61.5051349269
1582 56.6815400004
1583 39.189592173
1584 54.736628702
1585 56.3955264774
1586 52.0161173371
1587 51.5704810593
1588 56.7640045789
1589 51.2731262229
1590 51.6050348996
1591 51.0827536167
1592 59.6130381988
1593 63.8587901515
1594 51.489958409
1595 52.165068112
1596 57.2410798493
1597 58.2522068905
1598 62.9093034967
1599 49.8640892483
1600 52.3946563665
1601 60.3503252588
1602 50.2213759971
1603 64.2950802754
1604 53.8428557083
1605 42.3233267654
1606 55.8535455323
1607 52.9436966191
1608 51.7252448704
1609 12.5815737527
1610 58.3210175849
1611 53.2517590337
1612 47.8751957754
1613 53.9147672834
1614 59.2856715037
1615 59.1778275352
1616 50.7671015476
1617 76.9819250849
1618 70.3372745724
1619 70.6719003129
1620 67.3551243371
1621 67.6951893778
1622 61.3463952714
1623 69.1805881751
1624 65.4327282891
1625 77.3036874481
1626 68.0775935572
1627 50.8723046338
1628 45.8998745143
1629 59.3181253861
1630 77.4484249386
1631 62.2510222773
1632 72.5359964275
1633 70.9101308678
1634 68.3799397821
1635 78.0547603313
1636 81.2457838539
1637 71.4779753475
1638 75.8866088729
1639 70.4568088218
1640 69.180166635
1641 73.8773263495
1642 66.0290169957
1643 74.7901756648
1644 68.0305930175
1645 76.1786129594
1646 72.0654904559
1647 73.2091199881
1648 81.4825389944
1649 62.8906028383
1650 71.1308698776
1651 67.3297688969
1652 66.5107093523
1653 79.1947836949
1654 61.5870056789
1655 66.7981216063
1656 79.3114024029
1657 67.9801914571
1658 79.5897622499
1659 62.7726003744
1660 75.4477256911
1661 45.792937686
1662 62.1398367628
1663 78.2295607156
1664 50.6610793662
1665 71.8677239828
1666 66.808857771
1667 68.8727202722
1668 75.1908523267
1669 58.4309707283
1670 71.103544074
1671 79.5058589494
1672 77.6275169006
1673 72.1696068645
1674 79.0826708143
1675 64.9593177611
1676 75.1220453178
1677 74.1760435362
1678 45.6641502378
1679 54.0420987555
1680 63.8857089902
1681 57.9424368496
1682 54.9568580197
1683 50.8435181013
1684 59.5380453855
1685 49.427060084
1686 51.395700863
1687 51.711495701
1688 57.8440813887
1689 52.7345720977
1690 50.5143457009
1691 57.6254586421
1692 52.3004594765
1693 59.6694051649
1694 51.2625854433
1695 62.5734864426
1696 58.2298347627
1697 48.16244516
1698 54.9172634124
1699 68.4889260021
1700 55.5671323583
1701 59.5479924219
1702 51.3872696724
1703 50.1367517089
1704 53.2352160327
1705 64.7460134059
1706 54.0442732593
1707 54.8270605997
1708 56.1879688635
1709 60.7121213959
1710 54.2347453373
1711 51.746990052
1712 52.7536947291
1713 50.1833187328
1714 54.2026550466
1715 52.7401413547
1716 66.2006434689
1717 53.9797685113
1718 50.2234833216
1719 53.118964713
1720 75.5237279346
1721 51.7057164599
1722 59.0695220406
1723 57.0650169782
1724 52.1326899413
1725 64.1156343573
1726 53.0192748959
1727 50.4728425799
1728 52.2771281966
1729 52.0069423887
1730 51.9334479257
1731 57.0629753596
1732 42.2478806902
1733 49.2418397441
1734 56.7230169998
1735 54.704464652
1736 66.5944696338
1737 56.8190049456
1738 51.0008433171
1739 53.1576966226
1740 53.8523404678
1741 56.8915356789
1742 54.5022500317
1743 50.7243877804
1744 57.3617548877
1745 51.2494531309
1746 52.6312417777
1747 54.1011191604
1748 55.3290458035
1749 58.2064005946
1750 63.8283942384
1751 49.2816798802
1752 45.8859987081
1753 48.0891327847
1754 57.316618347
1755 48.6504089273
1756 49.311428426
1757 57.3302572218
1758 51.491030651
1759 47.707265161
1760 59.7207879465
1761 56.4139126349
1762 57.2418438593
1763 49.8520448003
1764 62.8546377839
1765 39.322498246
1766 48.1347960476
1767 55.8091987466
1768 52.2801587504
1769 52.2877723686
1770 60.8059962071
1771 52.9362392703
1772 47.3231237267
1773 50.6920426827
1774 61.2085502557
1775 51.4500900671
1776 53.4984063567
1777 49.9827755012
1778 50.4273692759
1779 51.649686982
1780 57.4653817612
1781 50.155253227
1782 52.8679703656
1783 48.7226025848
1784 42.3182461022
1785 47.3994682662
1786 58.5877134334
1787 53.2743887594
1788 62.8176979874
1789 48.8738011836
1790 48.6381198213
1791 50.7535645239
1792 47.0434935575
1793 54.2652188292
1794 52.9772440735
1795 44.9923082364
1796 57.6595128923
1797 66.4684898771
1798 57.2922389455
1799 49.7870082851
1800 46.9959253778
1801 46.6194843451
1802 60.6414798533
1803 52.3720497448
1804 51.0361957165
1805 52.8615936398
1806 56.7986135399
1807 50.8481977662
1808 69.3716578463
1809 70.546056192
1810 74.4554527298
1811 81.4641311265
1812 89.1257490583
1813 64.1269601004
1814 69.3319598257
1815 78.9774343323
1816 71.8065111275
1817 81.0292042876
1818 74.4661152259
1819 88.8951299646
1820 65.9411082736
1821 70.3988679878
1822 69.7901348722
1823 67.4862151488
1824 82.4407569438
1825 70.2773716188
1826 69.9255889252
1827 70.580505487
1828 77.8938375047
1829 70.2640643102
1830 73.3246638482
1831 76.7363087117
1832 63.424701451
1833 79.7552818127
1834 77.5918060361
1835 73.3789917098
1836 78.3960984876
1837 69.1431887892
1838 81.5454614401
1839 64.6140153133
1840 67.8418068612
1841 74.9180423309
1842 75.1564612966
1843 66.5085398126
1844 63.070580125
1845 72.2137476772
1846 65.9595709329
1847 72.8259005003
1848 74.5780114713
1849 95.2889403157
1850 69.61111598
1851 74.9477548013
1852 64.661682687
1853 73.9905980249
1854 75.1027325128
1855 66.7676216076
1856 67.9645317401
1857 62.9233477297
1858 88.4892514149
1859 86.9525717711
1860 66.0853820658
1861 82.0754414425
1862 71.1905155525
1863 69.4344418658
1864 67.5287352265
1865 53.8641859401
1866 71.4924002314
1867 65.4142668394
1868 96.6823538204
1869 85.9453208512
1870 74.4306842264
1871 69.5015941393
1872 74.807698956
1873 77.7344090231
1874 75.9079896829
1875 72.7084898654
1876 66.510521433
1877 71.868401718
1878 79.6722563788
1879 74.1048927264
1880 88.0471377235
1881 70.6842336036
1882 66.8929228937
1883 86.7568818535
1884 89.776591667
1885 63.3905578579
1886 70.572976513
1887 76.1259388122
1888 72.4886607154
1889 86.4814088545
1890 69.4985092544
1891 84.3008712124
1892 78.3055969406
1893 67.6411908989
1894 73.4334139097
1895 69.8067824826
1896 66.5307776151
1897 87.8041782256
1898 74.9039759352
1899 54.2759183404
1900 58.5986134531
1901 55.7733458888
1902 53.5509688397
1903 57.2363881484
1904 52.6996264855
1905 54.8786409373
1906 55.8566748539
1907 53.6449895153
1908 51.4054046574
1909 65.0654979656
1910 48.1072123404
1911 49.3011014788
1912 39.8297583325
1913 58.6750411997
1914 50.5104698338
1915 52.8951770352
1916 54.6398819121
1917 54.0208239939
1918 57.7872508715
1919 49.3392654907
1920 60.7416480659
1921 55.0180321595
1922 59.4273438865
1923 52.9367472559
1924 52.7203808091
1925 54.8661469341
1926 54.0972862875
1927 64.696842559
1928 59.6694126298
1929 51.8200056148
1930 57.4576444115
1931 15.4634225146
1932 49.3154985678
1933 53.0031840865
1934 53.1768458
1935 55.7706774532
1936 58.699578058
1937 54.5601696553
1938 45.6242140305
1939 51.000538726
1940 55.4076522407
1941 52.6582930916
1942 55.3246594619
1943 61.1071607519
1944 59.7766167368
1945 50.6537707492
1946 50.8132096236
1947 72.3161923073
1948 52.3829234039
1949 52.1468595961
1950 55.6983581384
1951 51.670008899
1952 53.1539119811
1953 52.4125654215
1954 53.7448375758
1955 52.0889340877
1956 67.3825679681
1957 57.1951578105
1958 50.4428525744
1959 65.2955515984
1960 60.376906254
1961 54.2918065677
1962 51.1676671921
1963 51.3163959894
1964 61.4707315094
1965 51.4470018478
1966 54.4091716437
1967 55.1970758957
1968 58.2793926065
1969 55.732137743
1970 55.9042308772
1971 54.0355443916
1972 52.0682476008
1973 55.1659571658
1974 63.0698905684
1975 59.9342219261
1976 55.8002998862
1977 54.1904756607
1978 51.2710278452
1979 49.4674529033
1980 55.2165215502
1981 49.3222329238
1982 49.9506028272
1983 57.0851166107
1984 55.2007468862
1985 43.2657464663
1986 56.6414221167
1987 65.7155245266
1988 48.4170016717
1989 59.8304307421
1990 65.7960128971
1991 66.1432032072
1992 59.3300523213
1993 53.6585687326
1994 45.4062310818
1995 52.3450386368
1996 57.0763524219
1997 53.2956663487
1998 55.7226722832
1999 67.6594782547
2000 55.3144770738
2001 56.091231089
2002 56.5652622843
2003 50.1867912537
2004 47.0940257574
2005 16.4158547651
2006 55.2800446358
2007 54.6927132371
2008 55.2218844423
2009 52.9917939713
2010 51.8009484388
2011 51.4218741207
2012 53.3344457885
2013 48.4775660072
2014 49.6560913883
2015 48.2989214827
2016 80.5587058091
2017 53.9113879928
2018 56.9061460417
2019 46.9326227956
2020 54.1053560354
2021 50.1383661786
2022 58.9549056608
2023 57.5660374692
2024 54.4215490966
2025 53.5465056829
2026 47.9609118382
2027 64.1555345423
2028 50.2413921491
2029 60.9808678257
2030 63.5710036333
2031 56.4365464978
2032 49.9615551733
2033 71.72503842
2034 48.5612338367
2035 49.457067025
2036 65.8342203216
2037 58.8333451366
2038 56.828587474
2039 49.80927279
2040 51.5214280704
2041 56.3652982731
2042 50.7427176925
2043 51.3646350932
2044 51.3788897567
2045 61.9909864984
2046 60.4605522379
2047 54.0055579111
2048 50.0904918886
2049 61.1305818078
2050 57.4722620663
2051 49.8222833312
2052 53.032350633
2053 56.5535728809
2054 55.4765551844
2055 59.2348992267
2056 59.7643932888
2057 68.8342758818
2058 48.5302787322
2059 49.4381199484
2060 54.829098943
2061 52.2538804046
2062 47.1160307603
2063 59.0119820042
2064 55.4090365981
2065 54.5567911636
2066 49.9403549883
2067 52.1316515513
2068 61.8656372717
2069 52.1781135027
2070 56.2863446681
2071 55.4800009799
2072 54.2732477247
2073 57.6258403581
2074 50.4072750474
2075 64.1802923927
2076 53.2367711992
2077 60.1589589151
2078 57.6747165115
2079 58.7818156535
2080 60.6722706681
2081 50.8164694365
2082 51.4539595487
2083 56.0605440129
2084 43.7885370076
2085 51.5716686861
2086 52.5022825073
2087 49.8508740797
2088 52.1182334076
2089 47.2848691639
2090 55.3022767182
2091 60.5001734271
2092 51.6884111401
2093 41.1168728975
2094 48.9033007372
2095 49.2435165373
2096 49.6489150343
2097 35.5464965229
2098 49.3410402161
2099 50.620847123
2100 56.8912230035
2101 48.7871963596
2102 42.9611775992
2103 44.3186634339
2104 44.8556597674
2105 53.343951616
2106 60.5318837049
2107 48.2915863925
2108 45.0902336898
2109 48.1027411732
2110 53.0834507488
2111 47.7579637621
2112 49.0668032123
2113 50.0069012078
2114 44.5127264349
2115 49.6651835628
2116 50.7494665634
2117 40.6611687278
2118 44.1464314816
2119 48.8829226202
2120 47.5550278895
2121 51.9036574537
2122 57.825518278
2123 47.0406743831
2124 45.5069559175
2125 51.376036276
2126 49.0584466627
2127 59.052460801
2128 50.563795684
2129 55.3883360894
2130 50.5757261874
2131 39.8518334452
2132 48.4041469212
2133 43.5676106182
2134 60.0261863239
2135 46.7764159284
2136 49.2838965216
2137 61.6692677793
2138 44.7805207639
2139 59.4631831953
2140 47.8741927164
2141 47.7222249338
2142 49.3303531748
2143 46.5852056922
2144 55.1479447746
2145 39.9715933397
2146 47.7718229461
2147 48.8408482409
2148 49.1845143421
2149 51.3030542871
2150 46.4062691506
2151 48.5751219313
2152 46.524727506
2153 48.4043453373
2154 45.8925545519
2155 48.1082628183
2156 48.9798449326
2157 40.7042097551
2158 46.3264945279
2159 59.5774051809
2160 48.7706313042
2161 48.6869143072
2162 46.7433141051
2163 50.5920636324
2164 52.1970479659
2165 50.2928905933
2166 48.8680232587
2167 50.1395378966
2168 48.3957370439
2169 48.4791344259
2170 49.2117658481
2171 56.6629665979
2172 51.6864104788
2173 52.818761926
2174 49.1740718874
2175 49.9690492078
2176 47.5668695469
2177 52.2232464188
2178 48.6381071557
2179 49.8742727525
2180 43.3106482137
2181 49.1574006455
2182 46.9375630096
2183 46.2288930795
2184 58.661386057
2185 43.7754583493
2186 50.2412390553
2187 45.9458952119
2188 51.5951669661
2189 59.5398247359
2190 56.3365012227
2191 51.9510051817
2192 50.374743398
2193 56.0020441712
2194 51.2091372395
2195 55.9327632428
2196 52.021854333
2197 50.6797636703
2198 50.4194720871
2199 50.0405476675
2200 52.2664181023
2201 49.6668555539
2202 51.784264954
2203 50.3461035221
2204 50.5624269493
2205 55.7844110254
2206 48.2035998492
2207 54.6241552447
2208 49.5357396991
2209 57.0194531001
2210 50.4843298412
2211 52.3812596446
2212 43.3011518273
2213 56.869236433
2214 52.35628277
2215 45.9610028611
2216 49.1310660003
2217 65.6570095376
2218 57.1449949302
2219 41.6233634218
2220 57.4275202251
2221 51.3660222273
2222 49.188214027
2223 50.5708450121
2224 50.3447357632
2225 55.6597857354
2226 55.3750510061
2227 49.2294111069
2228 63.9703335208
2229 60.2632890556
2230 50.5290030901
2231 51.0068096398
2232 51.3446865801
2233 60.1027414239
2234 60.9993209503
2235 47.536516401
2236 57.6629062839
2237 57.8942764412
2238 48.73795531
2239 50.9320171728
2240 55.3347855277
2241 40.9867745982
2242 62.2223684404
2243 51.4730692166
2244 49.2671084841
2245 61.381621525
2246 62.8059653372
2247 54.1709567454
2248 56.4019538436
2249 67.4776613311
2250 63.4006116082
2251 52.6008364926
2252 67.8015948856
2253 62.2966895311
2254 62.8936668429
2255 69.3391026263
2256 72.828801875
2257 52.7470605328
2258 63.8106181082
2259 52.766583438
2260 52.9214532084
2261 66.2599706446
2262 52.5241354391
2263 55.4182413169
2264 50.1709812137
2265 52.8696243999
2266 68.4074871975
2267 65.87450186
2268 40.7066066657
2269 52.1447608432
2270 48.2593643854
2271 55.4306850361
2272 67.2525147403
2273 57.5515571485
2274 60.7369160684
2275 62.9372165013
2276 65.6458239207
2277 49.2945427754
2278 58.9752891225
2279 55.9534440717
2280 65.53460388
2281 64.0762734924
2282 57.0077125713
2283 48.2259395995
2284 51.7877798407
2285 49.7384799656
2286 60.1089310385
2287 51.2917942911
2288 62.4122889804
2289 61.1707524983
2290 57.5145190986
2291 53.4781381599
2292 53.7947428233
2293 63.3532854775
2294 61.2684432483
2295 55.2575954268
2296 61.0734400568
2297 56.0260198958
2298 57.9390432424
2299 70.4383952803
2300 60.3169028018
2301 67.8046597767
2302 48.9061241169
2303 56.0567044784
2304 53.2669961789
2305 54.4519258642
2306 67.2589734282
2307 61.0501553601
2308 50.2640415843
2309 52.2231062204
2310 60.1021210491
2311 56.0468041504
2312 52.8934094332
2313 67.6761655744
2314 69.0939146614
2315 53.790983981
2316 57.7253932806
2317 56.9779027818
2318 54.5166901986
2319 61.9122240309
2320 63.4050536695
2321 59.0026077049
2322 63.1818279131
2323 65.7567045803
2324 68.0248688215
2325 49.082780939
2326 61.9840992419
2327 53.2615227422
2328 60.5490147998
2329 54.1899967316
2330 56.8340520934
2331 63.5504658404
2332 62.8459384357
2333 54.1545981805
2334 54.1720589611
2335 54.8344145954
2336 52.982269804
2337 52.888199541
2338 56.599739139
2339 48.8425687745
2340 59.831443761
2341 64.1804675679
2342 53.3856312912
2343 48.8564052859
2344 59.827591911
2345 58.584960469
2346 58.3102126713
2347 60.6781252087
2348 63.4321813803
2349 45.2984049157
2350 59.7725617118
2351 69.0111007458
2352 62.0810048089
2353 74.279576537
2354 47.299069058
2355 45.7853310102
2356 65.3886310832
2357 47.8483073188
2358 45.7932221589
2359 47.2941955405
2360 58.4967708436
2361 46.8963892884
2362 57.030265574
2363 63.0657742562
2364 52.7654383025
2365 49.4210012797
2366 50.6167989943
2367 54.5158972456
2368 50.1225943109
2369 48.636178024
2370 70.1408104615
2371 46.8805760246
2372 59.5449892776
2373 52.0546591166
2374 46.5955572291
2375 52.6234201619
2376 46.7093428538
2377 47.8978126517
2378 45.3695826171
2379 49.2142680392
2380 54.0520799863
2381 44.2701314008
2382 48.5071296612
2383 53.7377785872
2384 46.9028631848
2385 49.1726173798
2386 47.5038197365
2387 47.5498420271
2388 52.5827043651
2389 45.3581547359
2390 53.0917550573
2391 50.3048983924
2392 60.7428035808
2393 56.8142130371
2394 51.9305004697
2395 50.2522091393
2396 64.180689044
2397 51.7166077768
2398 46.8790766058
2399 46.2445351175
2400 50.9083056067
2401 49.8490467142
2402 49.1557479688
2403 49.9307776606
2404 52.4220826874
2405 47.2689232117
2406 45.5289442568
2407 55.3517354311
2408 48.1504437388
2409 58.2325748002
2410 46.9010310391
2411 58.3481724979
2412 46.9747620975
2413 46.1904445693
2414 47.8846672324
2415 50.217308812
2416 53.0730590826
2417 43.5364469733
2418 60.9535753104
2419 47.1349788295
2420 38.9431436102
2421 55.7327150065
2422 54.8006768077
2423 48.9071886598
2424 50.4766746416
2425 52.0515565582
2426 53.3562147621
2427 48.8241829699
2428 51.4377813601
2429 64.1414015057
2430 45.2121187522
2431 50.1486421855
2432 53.2727143114
2433 45.710980849
2434 45.5291408603
2435 46.8813575583
2436 47.1884381974
2437 44.7383317785
2438 47.7205903862
2439 47.1992022564
2440 45.6804184698
2441 50.3343775006
2442 47.1050472291
2443 48.5694386399
2444 45.3104746424
2445 45.3949826778
2446 47.5609724866
2447 60.5744237353
2448 60.5177291268
2449 53.4389265547
2450 49.6144770133
2451 45.8865724623
2452 52.3292407705
2453 46.1810612456
2454 46.6041316426
2455 50.2986828436
2456 45.9089918608
2457 46.0851642873
2458 63.1322355623
2459 50.7616802151
2460 50.904422441
2461 46.142725588
2462 48.6814414043
2463 41.2236825078
2464 56.7012969948
2465 50.9698544267
2466 41.7911669371
2467 46.6505891619
2468 46.0255477957
2469 48.8986905139
2470 57.0241182016
2471 47.5986724097
2472 46.3029884523
2473 55.7895293909
2474 36.2789438262
2475 47.2578905403
2476 49.8633354978
2477 48.0434521818
2478 45.9843177023
