u s
1 66.8403867001
2 59.6408662687
3 56.1585219716
4 54.9684311564
5 56.655789681
6 45.8395040431
7 52.7749288748
8 51.4578985624
9 59.9579890781
10 57.2975982477
11 47.6577666601
12 65.9595439171
13 61.807287112
14 74.6323325304
15 71.823149936
16 55.5404988761
17 49.6853367345
18 58.8155278999
19 174.655801778
20 59.2177311642
21 56.139414338
22 53.8542519504
23 67.4268611514
24 57.0185141341
25 57.0832155434
26 68.4283128871
27 61.0597077297
28 49.0807568709
29 62.8310986436
30 61.7645526606
31 58.9431183702
32 71.4307562488
33 56.2533648984
34 63.3055856915
35 46.0453988113
36 62.976580476
37 63.474660547
38 56.3548804411
39 42.8454910374
40 50.3179014201
41 57.8852242796
42 62.1297035451
43 53.8269983114
44 57.2703123351
45 59.4103025877
46 58.4130112738
47 54.8302601658
48 49.907315865
49 54.1412817635
50 55.496892808
51 50.633266213
52 57.2698547387
53 63.9279711583
54 72.5605376348
55 155.385718088
56 60.8170507268
57 64.5855519218
58 61.4469717897
59 55.5559933662
60 55.3728727313
61 55.1381434631
62 64.4711843387
63 56.3069996966
64 57.4842084886
65 67.7912012752
66 44.1587690182
67 57.614319799
68 49.063729249
69 117.323486947
70 48.8160948032
71 51.9692773548
72 48.3574022795
73 54.8376267177
74 55.6810291732
75 53.8242828918
76 53.6704911494
77 47.0322459948
78 47.5171039641
79 58.6658976007
80 63.2131500061
81 51.2297846608
82 48.3473934331
83 39.9735875837
84 48.52718227
85 46.0914000864
86 55.7922102489
87 50.4879986666
88 45.0977444402
89 54.4645620517
90 46.7196543183
91 49.0305160658
92 48.061967785
93 61.9383806262
94 61.6060151326
95 38.4131931347
96 50.5149240853
97 60.5114674309
98 131.671236255
99 56.5508618453
100 46.3121436408
101 49.5144381818
102 48.2655304698
103 49.363800308
104 58.5057696015
105 48.4847985566
106 54.5588941913
107 51.3212865403
108 56.2281331962
109 63.8935376533
110 40.4772346736
111 50.8092076206
112 59.5184141817
113 55.4413959997
114 55.559778329
115 50.9098114982
116 50.8876416922
117 49.0840505849
118 54.4095114692
119 49.8581538977
120 68.3722659635
121 54.1855429903
122 70.8346664326
123 63.6228127899
124 47.2332869203
125 43.1129468253
126 49.6998159799
127 47.2713279046
128 46.1413578879
129 47.1969379693
130 62.7618287242
131 51.50316096
132 56.0732826423
133 60.7953407172
134 57.7283667802
135 57.5076572747
136 61.9994051822
137 53.4017828421
138 51.5145296949
139 52.7527671647
140 55.850044307
141 51.2989295761
142 47.7174304741
143 65.3324940329
144 52.1687796296
145 61.6783992112
146 57.4206559819
147 71.6723891681
148 53.4525189701
149 63.4832320104
150 58.9786384119
151 55.198877487
152 51.7770624555
153 49.1986387555
154 59.6623340361
155 73.7591750726
156 51.5348454795
157 54.3509262853
158 52.3835223875
159 60.7650355808
160 53.250388708
161 48.6472746803
162 51.4428363506
163 52.4366977093
164 53.9493245363
165 49.9803363132
166 51.5498973732
167 48.5386792917
168 50.9442728271
169 66.5414890943
170 40.869090288
171 52.9100441035
172 52.5997386755
173 50.8416786732
174 61.4630164305
175 59.5772741266
176 66.7645659198
177 51.2398900211
178 52.7401769813
179 55.8342540781
180 54.1698081938
181 53.6026656429
182 51.3737454906
183 55.915246672
184 63.4623729208
185 55.0046419276
186 52.8104398788
187 43.2261771277
188 57.4254640336
189 67.462381943
190 45.7556127258
191 49.9508524513
192 64.316914294
193 60.8764561366
194 50.7986853034
195 47.5480228421
196 51.1910009386
197 49.7338629855
198 65.9303197677
199 51.1155265966
200 48.7034752593
201 44.7646551117
202 50.6009722982
203 60.5547640399
204 50.2271304731
205 51.0113567394
206 57.6279200326
207 51.765277031
208 50.3407612058
209 57.3843120619
210 51.8071220302
211 47.6257732173
212 42.9497050047
213 39.7363432495
214 44.9059711829
215 42.5223369702
216 34.7771053027
217 60.1888132594
218 60.0514992175
219 49.0626866205
220 50.7539278924
221 48.4705240776
222 47.1841998993
223 52.5858342206
224 49.1229092411
225 60.8649807461
226 73.5038592741
227 68.9028032313
228 40.7383740209
229 55.9810260908
230 50.2516750468
231 61.1881792378
232 47.7853833466
233 174.769755229
234 49.2650618137
235 49.3633980803
236 192.564276588
237 62.574243188
238 47.5348835925
239 59.1666261841
240 51.5195375228
241 72.949530517
242 49.9081130245
243 56.4466142026
244 49.5185251373
245 61.3419457557
246 48.0428059202
247 50.6484531252
248 41.9245563071
249 50.0886075909
250 70.6580696809
251 48.2552765415
252 49.7505009412
253 40.9511917301
254 54.9875455073
255 62.8322618355
256 49.9776341274
257 52.3252037503
258 49.2139455001
259 41.3051465609
260 55.4052718366
261 42.9347737953
262 58.7183125325
263 104.345565875
264 57.0283016346
265 55.7200501827
266 54.2463287664
267 53.4731803318
268 60.4561128839
269 65.9259861258
270 75.1991902905
271 61.7069725943
272 54.6206490729
273 52.324211446
274 64.2089306298
275 48.0215488843
276 54.7014471847
277 67.581263007
278 57.5536697549
279 58.5232874796
280 52.534121065
281 54.9003649207
282 47.7211040925
283 52.0789186619
284 59.1177018767
285 47.4622869451
286 55.8641363441
287 61.3789722936
288 52.529906728
289 56.6873210541
290 65.70116155
291 64.0245629195
292 57.4732496798
293 54.1860104842
294 50.2495484993
295 55.9999523755
296 57.2413017541
297 54.5500312956
298 55.7361296323
299 61.181056417
300 59.7463729833
301 52.6957257286
302 54.7275150179
303 52.627774753
304 54.538256108
305 46.7948105906
306 68.1430469255
307 59.0837860294
308 65.3853240851
309 52.5246924731
310 48.8964327005
311 55.9424632434
312 47.5803211253
313 46.9693767929
314 50.3870778571
315 56.8898182555
316 62.1448755818
317 52.0697135771
318 68.9583636203
319 55.0449825954
320 55.680078872
321 51.5291859526
322 52.6042211704
323 64.0695129248
324 70.9686377955
325 53.8429650469
326 51.227488701
327 46.7548782225
328 52.6988066286
329 56.3552745115
330 48.6791739109
331 49.2969238155
332 51.989972606
333 73.1138619176
334 45.6903441639
335 47.6605337387
336 53.2890039266
337 45.8769374934
338 48.5164806138
339 64.5503851263
340 45.4634661834
341 47.3384377445
342 50.0740481259
343 46.1810240052
344 47.8204334646
345 59.9220270754
346 44.730942541
347 52.2045347374
348 50.4554675263
349 45.1815062492
350 63.4389337342
351 45.4438551403
352 58.5395075252
353 45.4861101537
354 44.8163057815
355 42.5170877094
356 65.3611178471
357 47.203680297
358 46.4867533417
359 45.1913964246
360 48.1363990031
361 40.3452623311
362 51.330006486
363 50.7997161861
364 47.4910115829
365 45.6952630457
366 44.8310932669
367 47.8288571152
368 49.8063319078
369 46.8739440022
370 98.5632443168
371 52.9934335132
372 56.0642274931
373 58.6089306471
374 49.4008160066
375 44.6985923634
376 45.9849273819
377 59.7516063657
378 52.9005546583
379 50.8741636687
380 45.5993423178
381 47.7062402322
382 47.4342127233
383 55.2270119687
384 45.4783150794
385 45.042657333
386 44.2469550006
387 55.4878175289
388 42.0698025952
389 48.7982440266
390 53.8187240496
391 48.2559427854
392 54.8800754701
393 51.9428847129
394 49.3296747508
395 63.1964947869
396 69.2860357883
397 62.5816019517
398 62.178922496
399 57.7059893272
400 50.4379871129
401 47.8774773352
402 53.8556525715
403 52.3627982035
404 57.9477177537
405 60.0944454097
406 55.0661589685
407 49.0415754766
408 44.266563182
409 52.4952205786
410 73.287299917
411 48.0004012273
412 53.8836808743
413 65.8094029734
414 49.4599104731
415 59.7736793949
416 53.3338273221
417 62.8427467481
418 44.0929202973
419 48.5616430047
420 49.4272694742
421 65.9364128826
422 45.7025769511
423 66.7985262951
424 64.0566633857
425 63.7415861176
426 52.5127075086
427 57.6617469522
428 49.8666761239
429 55.0198415884
430 41.986123009
431 68.8691823065
432 46.8399064016
433 59.239828308
434 63.4197390672
435 65.5251080415
436 56.3683988037
437 64.8435018559
438 62.4371006734
439 53.4402911582
440 51.3257711088
441 57.8626539959
442 47.1292824493
443 57.923713568
444 47.761012773
445 68.7696541422
446 49.8148279024
447 55.8650898428
448 54.6934137632
449 51.2727842927
450 57.5073573262
451 51.856541759
452 56.6244810295
453 67.4493269472
454 82.1040218159
455 53.6624417337
456 56.2776969769
457 70.1851784234
458 52.6652041734
459 45.7371958075
460 68.4487064163
461 51.839870915
462 65.3647026734
463 56.984125168
464 55.6649322121
465 53.0025440996
466 60.270437027
467 50.9012902178
468 58.3356952607
469 61.7261143305
470 58.3342383057
471 62.140135693
472 64.6279301778
473 51.2554485779
474 50.5321448995
475 47.4014098634
476 54.7904348038
477 56.2602192353
478 51.9606190921
479 66.1902804747
480 52.5201311199
481 55.20588128
482 51.2446738093
483 58.2448289876
484 49.7200880315
485 49.1087184385
486 50.1992722096
487 46.8710668408
488 42.3105828366
489 43.6440965332
490 101.763173728
491 58.7340217796
492 52.9731730062
493 70.3144509541
494 53.2777999316
495 73.3571993568
496 58.5933737104
497 57.8243145627
498 48.2858729185
499 38.8164024634
500 56.9518760182
501 72.1660068862
502 52.6965473633
503 52.0854148084
504 52.3830750749
505 63.4758210335
506 56.718565334
507 52.8745901831
508 58.4798639724
509 52.3173385549
510 53.7966135991
511 64.08125662
512 50.5874171095
513 56.5352935077
514 60.9522397778
515 63.621396752
516 52.3289818248
517 50.3956402499
518 54.4264598553
519 59.3040698845
520 52.7921835784
521 48.3117417856
522 56.7640045789
523 52.3571397356
524 51.4549393327
525 51.9061314984
526 56.3395834717
527 58.1910582929
528 51.3632306905
529 64.4915723589
530 37.4837415077
531 55.0385936912
532 52.9539728469
533 56.4129117557
534 56.6815400004
535 45.9788607348
536 71.0246161519
537 54.1978942793
538 52.0450548166
539 65.8580650677
540 50.0023955623
541 47.2326437795
542 54.2821378382
543 52.9931163059
544 63.5383252583
545 59.8506055339
546 67.8476144757
547 55.2097156717
548 57.8749823992
549 54.4274090242
550 52.3784476534
551 50.5474172125
552 51.6050348996
553 53.4149299679
554 61.0173735921
555 45.312702522
556 48.5419641307
557 105.578237729
558 55.2944789348
559 52.6595920463
560 57.2410798493
561 56.9661500988
562 111.799817562
563 47.8052635216
564 63.4389082167
565 61.5426766101
566 53.6228597596
567 57.5435194419
568 52.0717276166
569 44.1890277845
570 57.5110110511
571 58.5213723812
572 51.489958409
573 49.5218640835
574 59.6130381988
575 50.55401332
576 58.3210175849
577 57.0771903024
578 50.7671015476
579 51.9326520377
580 74.3904896103
581 64.9196302504
582 56.6648185039
583 44.4763612862
584 54.1989257724
585 65.1907356233
586 58.4270364408
587 68.6184416027
588 59.0153740742
589 70.0190438354
590 71.8343244614
591 50.7245238574
592 57.9064312509
593 54.8426926657
594 63.5811765117
595 57.4152358234
596 51.2796673696
597 66.1966337092
598 56.0408094415
599 60.3452416002
600 64.8839904959
601 54.9085768629
602 51.8086672874
603 57.6894243295
604 57.3274709656
605 74.4946689434
606 43.1108960209
607 65.1900401717
608 57.6640509838
609 60.3049693896
610 100.404166352
611 68.802187769
612 61.3762421827
613 54.3536525716
614 47.7253524596
615 53.7712661462
616 56.1267239874
617 69.4811016696
618 59.193489394
619 48.0347533528
620 55.3686608667
621 56.9701743847
622 57.5523729428
623 56.7038701933
624 57.0351363569
625 54.4462724708
626 57.6029097329
627 48.4250205422
628 54.9245942665
629 56.2194251778
630 57.6392634138
631 58.9141713307
632 58.1562482506
633 64.7711526614
634 55.859360171
635 52.323912342
636 58.1693915391
637 64.0555664887
638 57.1907024817
639 56.1502098159
640 66.6243178118
641 54.6911262789
642 55.973341702
643 57.1368134713
644 56.1192854529
645 68.0250103001
646 65.15237353
647 48.0204832708
648 79.4009575905
649 57.5428626765
650 68.9142770202
651 47.274443382
652 46.6907302278
653 63.1343149278
654 55.3777356803
655 57.4550523397
656 60.5762351039
657 54.2030216509
658 57.7381977835
659 50.9139360965
660 66.5382057877
661 63.7011693192
662 69.5033297674
663 60.5980873931
664 51.5373837896
665 64.8343690768
666 55.2792139981
667 75.3180708747
668 54.208398221
669 62.0921277422
670 59.3447319008
671 57.4836946703
672 62.5343879633
673 55.6048257505
674 45.7221968286
675 62.7199478911
676 54.6959305376
677 67.2936895866
678 53.8928181411
679 53.3591968865
680 50.9343621114
681 56.8004237954
682 60.0114881361
683 50.9956438121
684 83.9224816945
685 49.1989958489
686 54.2765084062
687 54.3984351557
688 74.7933839002
689 51.090764216
690 54.659889039
691 44.8765008855
692 52.9047693983
693 50.0452116279
694 51.5280823585
695 53.7631388615
696 58.4070694321
697 49.6123145968
698 58.9404329308
699 52.6243892549
700 63.535603886
701 50.1166817584
702 60.0310062028
703 54.2100439398
704 49.9390655621
705 63.7134839176
706 47.0346687075
707 54.5707886944
708 67.5221687381
709 59.0396542924
710 52.390419726
711 54.690203668
712 53.8026817815
713 67.4047964801
714 59.9876666104
715 75.3108479609
716 53.4926632845
717 57.1649766681
718 58.4370588399
719 52.6357750428
720 57.0867706385
721 59.4712938548
722 56.3091458863
723 54.3728327002
724 59.1512244556
725 61.6587433267
726 63.3052882947
727 68.1626230113
728 55.2874580189
729 58.1425174083
730 62.9802314776
731 57.0456786825
732 55.340840234
733 51.1460463751
734 56.3625542443
735 53.7033391282
736 52.7022991973
737 56.2441032263
738 67.7402641436
739 48.4093913758
740 58.9367766693
741 60.0762421193
742 63.0800688813
743 56.2419865626
744 42.9669715508
745 58.1981205364
746 57.3876188369
747 55.3009623951
748 59.3681822269
749 70.362321419
750 57.6420414095
751 59.9656664469
752 65.6053186983
753 57.9436296127
754 58.1703547313
755 121.025405076
756 50.8041619808
757 61.8717060651
758 61.8637363356
759 58.2433980487
760 56.3875505029
761 72.7101382692
762 59.1583086837
763 61.1022581816
764 55.0282521932
765 59.8160314504
766 56.1028195127
767 64.2564747698
768 67.1455517372
769 67.2032591411
770 59.2077115454
771 69.3800263445
772 54.9920958852
773 61.3668117849
774 57.1385962154
775 47.1383934291
776 55.2974888494
777 55.0024403461
778 64.4345904963
779 48.5071623325
780 55.658794327
781 59.5893320466
782 49.5286384725
783 68.6311817025
784 59.5129214539
785 47.9183459206
786 43.9716791212
787 49.246813814
788 54.9122814751
789 64.41091501
790 58.1240024067
791 75.2830668783
792 58.2489468493
793 52.0446017678
794 52.5259492189
795 61.3988180448
796 63.5244155859
797 56.389781009
798 61.1367859715
799 59.7527668826
800 53.7179522039
801 54.1131352078
802 55.949440553
803 55.4221412941
804 52.7777899847
805 56.1909623042
806 54.8740897894
807 57.2685546148
808 56.0474140091
809 56.8577702592
810 58.7737647541
811 62.1143964448
812 56.9485630437
813 65.6458705105
814 66.3514907448
815 58.9289004489
816 73.3476882372
817 59.4911285443
818 56.0066522799
819 59.5825986034
820 61.1469639386
821 54.0216798371
822 67.7399002685
823 59.8992001789
824 54.6115424193
825 58.3653969173
826 60.5093920019
827 57.1665138183
828 59.1363180505
829 53.3064808155
830 58.2017984573
831 54.2565283197
832 59.1030151689
833 62.4262336969
834 56.6233928367
835 58.875060005
836 55.2071047078
837 53.5096856226
838 57.0181961272
839 56.7253988592
840 69.1806779696
841 63.2986979539
842 55.9763563821
843 56.6947816899
844 48.8052420134
845 59.9741576495
846 48.9433089327
847 61.5318636057
848 61.89348609
849 65.6303036878
850 57.2943587742
851 65.4709858444
852 62.1347215258
853 73.6207757004
854 59.8280987067
855 67.35778551
856 59.5363999863
857 61.351256584
858 50.9136002692
859 71.646324658
860 60.5244780012
861 59.4395565059
862 56.0304549093
863 59.4607593127
864 59.948397431
865 56.812206108
866 60.8698699344
867 50.5320337126
868 72.5210836627
869 61.8660632097
870 48.5005998399
871 49.731233912
872 47.8449269874
873 64.1189765799
874 49.5980468586
875 55.1737665349
876 64.2656849231
877 65.432467092
878 58.3295017035
879 42.8572603818
880 54.2448462287
881 102.720771052
882 64.2259399558
883 64.2875774727
884 59.546412108
885 57.862425855
886 40.441872819
887 58.5037609394
888 60.6031256998
889 56.3535558427
890 60.3021647052
891 42.9495184676
892 49.2627127388
893 57.4198981273
894 65.7166554944
895 63.666369406
896 72.3561820367
897 58.8371353035
898 46.8952764586
899 61.816826972
900 58.9152958463
901 68.736732239
902 67.644589299
903 59.3026878344
904 55.4845516782
905 63.8622448573
906 67.794404293
907 59.0848503705
908 59.8166529778
909 68.1579042768
910 49.7921248253
911 59.3915415592
912 67.0167632744
913 60.1834690916
914 56.9649966843
915 46.6743735587
916 62.7026428826
917 62.6839146251
918 66.4216812202
919 68.7118560094
920 61.406193782
921 59.5935181308
922 57.6003355818
923 53.6947411142
924 66.3417234405
925 58.9553114989
926 58.0548008538
927 61.2419755521
928 58.5984093096
929 61.5179586003
930 75.8272069521
931 58.7627455596
932 58.3884646665
933 73.8344892654
934 59.8374631251
935 49.6676462484
936 61.1464328994
937 53.3823859089
938 58.307124439
939 56.2314844045
940 59.6205771704
941 66.1046803466
942 59.4420571189
943 58.7493153602
944 57.3169846995
945 66.4617414497
946 50.7116493755
947 65.5271500917
948 62.3764781789
949 55.8859799222
950 64.9377797719
951 69.5245464469
952 60.6049211108
953 50.4577674647
954 52.9784470919
955 64.3715882504
956 57.9536224208
957 68.381319473
958 53.5596053289
959 55.5051365007
960 46.9763342638
961 70.9359185772
962 40.7958030025
963 63.7882395741
964 56.8605028666
965 52.0823379938
966 53.1513085771
967 57.0430589448
968 59.7873309159
969 63.0719987442
970 62.710733036
971 62.4472196273
972 63.1379753142
973 59.7000605334
974 64.7604807216
975 56.051513421
976 54.5252412148
977 64.2736333106
978 57.7252282035
979 57.4461176491
980 49.0853397606
981 57.5579953715
982 52.5815990629
983 51.5702949446
984 57.4046183093
985 55.5643928918
986 44.2240899587
987 68.8487709322
988 54.3637223126
989 60.4683623683
990 64.0962401698
991 64.5870294737
992 69.7467840203
993 69.5618445422
994 53.6764798921
995 58.6793315198
996 49.1226767121
997 57.777447827
998 52.6857973285
999 52.19437646
1000 59.8078975094
1001 64.4963617425
1002 56.3779309249
1003 58.1016353598
1004 66.0398387925
1005 55.367431834
1006 53.0872581933
1007 58.4866967188
1008 62.7739346082
1009 56.1706435977
1010 68.5929680343
1011 49.9952234409
1012 54.9004792154
1013 59.4179325502
1014 57.1779041032
1015 58.3697806119
1016 58.2683283973
1017 63.8789938703
1018 53.6839813794
1019 49.5083822463
1020 63.1902806045
1021 72.1197876571
1022 68.746435938
1023 58.2177277774
1024 52.9631005547
1025 57.4189364721
1026 55.8191285219
1027 63.8184456917
1028 56.9134689155
1029 52.3065017451
1030 62.8017413345
1031 63.0737390831
1032 50.8584729801
1033 52.9941253136
1034 54.716496145
1035 62.0708718454
1036 54.6474011079
1037 56.6862284464
1038 58.2829149148
1039 58.6289957802
1040 60.3794666762
1041 78.1096524111
1042 76.1909397041
1043 56.435159632
1044 53.9651583114
1045 67.4689074252
1046 58.4648985656
1047 62.1878433472
1048 55.6534663519
1049 70.7964740109
1050 63.9406035534
1051 65.9542411691
1052 52.7569896347
1053 56.7304079752
1054 65.1061088794
1055 61.3918493507
1056 71.5784813539
1057 56.2008946749
1058 53.632555354
1059 58.6847709109
1060 60.4882806748
1061 70.9189039266
1062 67.3087691671
1063 67.5166137664
1064 53.037201075
1065 55.7955012746
1066 58.2196875293
1067 55.5021391608
1068 55.3663622737
1069 68.0632608307
1070 68.0571381477
1071 68.0976713375
1072 62.2078529926
1073 67.0665443787
1074 56.3605449064
1075 77.8695225251
1076 54.5308071789
1077 61.0649882227
1078 55.8305897974
1079 61.0698290684
1080 69.3950724303
1081 71.8177779147
1082 60.2003917289
1083 60.1450192811
1084 56.608055967
1085 64.352509151
1086 57.8913431013
1087 63.0484885772
1088 47.5402267084
1089 68.5794796288
1090 54.56362418
1091 62.0443885825
1092 54.7125532715
1093 63.3727347345
1094 59.9846867713
1095 62.6544485659
1096 61.6376108331
1097 57.1984417413
1098 59.356772377
1099 52.4482900739
1100 49.0788910767
1101 51.9391136724
1102 52.1874775026
1103 53.7212297234
1104 53.2259267679
1105 54.929545958
1106 72.0171457502
1107 55.0745506928
1108 66.3296617806
1109 53.3192882362
1110 41.2850964761
1111 65.9376199809
1112 46.2266819037
1113 56.1035603445
1114 42.5822333663
1115 57.4455863026
1116 55.6483079824
1117 76.0076389923
1118 52.0594359476
1119 47.3563400016
1120 57.9902480479
1121 59.2224152877
1122 51.8130734041
1123 57.7977827259
1124 51.9567839409
1125 43.5328281372
1126 42.9565023081
1127 53.2719610835
1128 49.9464161874
1129 61.3741954678
1130 47.7325125646
1131 54.8017099397
1132 46.6557380421
1133 58.3947157477
1134 67.0135289187
1135 49.6236811003
1136 53.699472981
1137 56.0893854996
1138 52.7317518623
1139 57.8515213575
1140 61.5604070353
1141 55.7779671044
1142 47.7108757908
1143 53.6969595403
1144 52.5195195015
1145 57.0018424503
1146 67.2448775705
1147 51.8695039559
1148 56.6253420785
1149 53.2183813376
1150 58.965897603
1151 47.2989815413
1152 51.3446420637
1153 52.9962180876
1154 51.1003101466
1155 45.0901378286
1156 50.9797589072
1157 54.7276488978
1158 51.6245846431
1159 43.2605500296
1160 59.4565031008
1161 50.6011047962
1162 54.2798381996
1163 49.8115335822
1164 53.9074241158
1165 56.3040732253
1166 47.7933169843
1167 48.8109196755
1168 51.9664887536
1169 48.414204504
1170 57.6110432422
1171 57.5367077488
1172 50.0609541244
1173 62.200864216
1174 51.0941973978
1175 51.1240230482
1176 52.1594920558
1177 51.120525903
1178 52.7865185148
1179 47.8765157121
1180 51.2852353772
1181 62.2016844736
1182 69.4896104989
1183 46.5605672154
1184 47.995617597
1185 47.0822949443
1186 46.0574107124
1187 52.9682469244
1188 48.4536145032
1189 50.5876843117
1190 51.0992439309
1191 44.3947941753
1192 67.2481007918
1193 59.8803906089
1194 54.4245116782
1195 67.5307557808
1196 48.2106209986
1197 59.9954335193
1198 49.0470435975
1199 53.3566916246
1200 57.6750349806
1201 49.0743724619
1202 49.9243519792
1203 57.3857914967
1204 51.7413112305
1205 50.1245856871
1206 50.8924288314
1207 74.9644911326
1208 59.5918066673
1209 52.3659430995
1210 56.3161499052
1211 50.5160767406
1212 67.0285938447
1213 49.6147532201
1214 56.4310371988
1215 53.8330237744
1216 53.3554709068
1217 58.4458669458
1218 58.8703365924
1219 50.8771656947
1220 64.3540491166
1221 50.6850241675
1222 60.9798204114
1223 61.835140221
1224 50.9969097543
1225 70.2570874397
1226 48.0863889016
1227 57.986041617
1228 58.8642836832
1229 47.6994745961
1230 56.0355269138
1231 51.2455037319
1232 53.285300342
1233 56.8088754658
1234 57.0359105357
1235 62.5446673903
1236 56.0986583906
1237 45.9825127652
1238 60.315088357
1239 56.1308543367
1240 63.2401654034
1241 60.7007821489
1242 57.1528332276
1243 50.4500840646
1244 62.1505841999
1245 71.080726589
1246 65.1122016413
1247 52.3562379729
1248 54.3904193043
1249 52.2478229173
1250 56.8802520339
1251 69.5543083518
1252 51.2972158233
1253 51.9496119103
1254 60.4131591683
1255 50.7548377171
1256 65.4963335329
1257 53.4040872887
1258 53.8766642173
1259 51.4570109681
1260 60.0083862329
1261 54.1276351009
1262 51.4812814247
1263 46.7935126525
1264 55.6522666138
1265 66.2326725337
1266 56.2396651295
1267 45.8948126079
1268 64.8739095461
1269 52.1063968212
1270 58.4225136135
1271 51.5997254943
1272 54.7699573371
1273 48.2549020421
1274 48.8020213502
1275 57.3571371754
1276 54.9329052032
1277 49.972213098
1278 71.2877503548
1279 54.9866865238
1280 59.7142824791
1281 53.8345344756
1282 79.8690138996
1283 50.7889926841
1284 78.1596745314
1285 59.9007909644
1286 53.5631411043
1287 51.0872226942
1288 52.1871998118
1289 69.4012570599
1290 54.4269872133
1291 48.1893369802
1292 62.1822871569
1293 65.573162415
1294 54.7885797464
1295 59.0770359567
1296 56.6883846393
1297 59.1429917869
1298 36.9489423936
1299 51.3953650466
1300 60.727585783
1301 53.4750854492
1302 51.3678460331
1303 59.8485290691
1304 48.2593987302
1305 64.3985598813
1306 62.7378496344
1307 47.6286110191
1308 59.7920016786
1309 49.094653677
1310 59.0824295455
1311 55.9682656635
1312 59.4718603592
1313 49.1958050654
1314 55.949688526
1315 45.6984560158
1316 49.9946414983
1317 51.9804017642
1318 50.1940036533
1319 49.0176149009
1320 57.5531390106
1321 51.5181187718
1322 47.6853779202
1323 58.9970946373
1324 51.0775792416
1325 126.698450553
1326 63.0663611727
1327 51.2465083678
1328 54.8138168342
1329 56.9539402067
1330 48.1780050808
1331 53.2016526118
1332 66.478471363
1333 46.2810176658
1334 67.5838982998
1335 63.6238825641
1336 57.1501552146
1337 62.2898137649
1338 46.2480355308
1339 48.1431553822
1340 48.5045610836
1341 64.6440939623
1342 54.510433006
1343 45.68445957
1344 61.3081638739
1345 55.4578595717
1346 75.7232223648
1347 47.469225678
1348 50.5529023628
1349 51.6565289966
1350 64.4396746812
1351 44.4073864848
1352 45.9624212408
1353 49.7215924181
1354 48.7899236106
1355 49.4467092723
1356 61.242043044
1357 66.6973790254
1358 66.280696929
1359 48.3461618536
1360 47.5944080892
1361 63.0859996645
1362 35.7862748531
1363 55.544604362
1364 40.4986071381
1365 51.9352066758
1366 42.4505372731
1367 38.1979603435
1368 113.455944359
1369 42.6926537685
1370 50.1773873943
1371 44.5168338005
1372 67.2612072922
1373 42.3349937633
1374 45.6930566795
1375 60.8245605684
1376 50.1711708804
1377 47.5871472062
1378 49.8052536235
1379 68.9562203911
1380 56.8798332415
1381 49.8557402507
1382 67.2101550196
1383 42.784401623
1384 58.1230103422
1385 45.7359320498
1386 41.3111895933
1387 48.1295666223
1388 55.8403545573
1389 42.3641976389
1390 43.449544627
1391 56.4245459058
1392 45.6939617599
1393 57.6069001177
1394 40.7972364899
1395 45.6602984639
1396 72.8513820828
1397 44.8451981921
1398 112.590852001
1399 45.9657438924
1400 65.4731515395
1401 46.9923547106
1402 52.0347373939
1403 54.08480967
1404 43.2056536227
1405 46.5230025209
1406 44.745341733
1407 42.7282839964
1408 38.1358025185
1409 55.3563133968
1410 36.6448097506
1411 57.778370374
1412 46.568224992
1413 44.2321687664
1414 55.5234921196
1415 62.9698082944
1416 55.9205872712
1417 46.6453615838
1418 44.3582146584
1419 63.3921857912
1420 44.6303268993
1421 46.7968504931
1422 46.4295970696
1423 52.2459439275
1424 51.348487299
1425 54.1185630262
1426 58.901480876
1427 49.0873574903
1428 54.4521265877
1429 48.5029277637
1430 57.9201698258
1431 56.444948088
1432 62.3372966167
1433 61.0171829075
1434 50.9246420332
1435 58.1677698463
1436 53.8647186335
1437 53.7569690366
1438 59.3372858434
1439 56.8742606274
1440 54.7785240978
1441 92.3476139021
1442 65.9516675763
1443 45.6648107444
1444 52.1998928814
1445 56.4780149878
1446 70.9653806145
1447 58.3361981427
1448 55.9000611834
1449 53.7797843213
1450 56.0997304777
1451 56.7272018696
1452 53.8675675534
1453 58.2774655069
1454 54.3470040606
1455 49.3292312296
1456 53.7516131748
1457 66.8286782844
1458 55.5508153643
1459 54.7909563771
1460 52.6898804905
1461 53.6982116385
1462 53.1519593136
1463 54.0685055823
1464 54.6174009492
1465 42.8955187189
1466 56.2155933914
1467 57.8820576535
1468 46.3991324051
1469 54.7470541594
1470 55.123448679
1471 53.2148217598
1472 64.0749194109
1473 60.9830888605
1474 67.1307834727
1475 60.4695800366
1476 64.3175001336
1477 61.6438349046
1478 57.0530774866
1479 53.9864007807
1480 51.9940886226
1481 51.6264423585
1482 46.759925406
1483 69.4549012734
1484 63.600632802
1485 65.2769375726
1486 45.2394764734
1487 71.6726169517
1488 59.0959064565
1489 47.3301278989
1490 57.1322191412
1491 52.46316648
1492 70.3545225352
1493 56.5792090085
1494 61.8869739683
1495 51.5211640171
1496 59.9992608381
1497 46.997773587
1498 48.561340022
1499 63.2925175806
1500 55.8839922359
1501 47.2695860629
1502 49.3948391595
1503 45.917454712
1504 51.897497223
1505 42.9462606675
1506 60.7696457886
1507 46.6781272333
1508 53.216505412
1509 48.2258029181
1510 54.5444072345
1511 47.2380018904
1512 52.4921858579
1513 67.3373621765
1514 45.2532492194
1515 60.1927630914
1516 51.8625042263
1517 106.505307896
1518 44.1699911047
1519 53.060835337
1520 54.972854648
1521 56.9053499956
1522 54.1715375423
1523 55.0161944907
1524 48.8279478494
1525 51.4413009058
1526 53.6111856877
1527 77.3277259665
1528 46.7875777384
1529 51.9183483578
1530 59.5655950285
1531 64.3510501272
1532 52.721063402
1533 46.0196139754
1534 49.605485401
1535 63.71218129
1536 48.4294868784
1537 57.4943029052
1538 50.4749288866
1539 81.9892977471
1540 48.5800599254
1541 50.7482618062
1542 45.5011754813
1543 45.5679003155
1544 53.5756711622
1545 44.326436729
1546 56.3337734356
1547 62.3699681014
1548 51.9367069201
1549 48.4462967707
1550 51.4028443792
1551 54.9214152449
1552 52.6523853187
1553 36.5708582478
1554 52.1240313879
1555 56.043473122
1556 62.5069496791
1557 59.9105265538
1558 58.2758822692
1559 49.7428129097
1560 74.6796982535
1561 45.3095761125
1562 51.7143586487
1563 53.6120414795
1564 57.9239047729
1565 57.8284097036
1566 57.2071850314
1567 56.8289991405
1568 58.2309868869
1569 48.3284160323
1570 43.656280954
1571 61.5345153025
1572 57.9697663653
1573 50.7149976369
1574 53.6232013285
1575 49.6211322593
1576 43.9212971192
1577 77.6596703394
1578 69.6454091871
1579 70.8002894847
1580 63.2166101491
1581 52.6109010461
1582 99.4698604572
1583 60.9649990406
1584 61.6794807511
1585 55.802995798
1586 56.7488901556
1587 54.4817225328
1588 67.5861078905
1589 52.5104055013
1590 51.6405313114
1591 51.9252354509
1592 50.226936235
1593 39.2184719296
1594 62.5584947491
1595 55.4481124828
1596 65.2307503955
1597 43.9171921044
1598 54.3902037361
1599 45.0915199468
1600 52.1576048223
1601 54.2861056987
1602 56.2121719437
1603 51.9689351444
1604 68.8784724554
1605 58.756444286
1606 50.6699040214
1607 50.4768121494
1608 50.0067999546
1609 58.7427472987
1610 47.6559705371
1611 55.3781633821
1612 55.3564202529
1613 59.8274224348
1614 42.9161476309
1615 53.1698728782
1616 42.8213338575
1617 76.463483729
1618 68.7174776408
1619 71.6746866454
1620 69.809153646
1621 74.4338991943
1622 59.7985532675
1623 74.2519832517
1624 66.3700110595
1625 82.9527937657
1626 64.8525651384
1627 48.0354594578
1628 44.0332575515
1629 77.319874282
1630 81.9772236623
1631 65.6252054309
1632 63.6210443451
1633 63.778416858
1634 78.2008337919
1635 67.0590739818
1636 74.8145463205
1637 80.8528952263
1638 76.4364242637
1639 70.2080387214
1640 72.2604751363
1641 72.9861199809
1642 63.1154409751
1643 79.2574811595
1644 67.9284871782
1645 66.0099192068
1646 75.0807379326
1647 75.7965227696
1648 76.0945327298
1649 63.8894008551
1650 68.6963703826
1651 56.3817546972
1652 66.3789361603
1653 86.3622661108
1654 61.1357060135
1655 65.903594664
1656 82.6833239319
1657 68.764921704
1658 72.5986498793
1659 59.9724850708
1660 73.4727953582
1661 42.2297989939
1662 63.4595985902
1663 77.3716024213
1664 66.0701948826
1665 74.0545616259
1666 68.2444956555
1667 74.4628337979
1668 74.0516985073
1669 59.0593253808
1670 76.7256395571
1671 81.1509457626
1672 77.7488206688
1673 72.4506000935
1674 83.3441658332
1675 65.7739292899
1676 76.7724446071
1677 74.7825079999
1678 46.8221818224
1679 58.9750719769
1680 61.1269410054
1681 62.347965076
1682 68.5263523843
1683 50.4911207361
1684 68.141762422
1685 55.1487407453
1686 55.6996251818
1687 55.8611968249
1688 57.2704938194
1689 57.189990386
1690 55.4703355683
1691 56.0416544739
1692 58.1443032082
1693 64.6601522543
1694 59.49407255
1695 64.4352402506
1696 61.272165547
1697 56.908684013
1698 63.8586384563
1699 61.8371261135
1700 60.8948988284
1701 52.5644930491
1702 75.2742592631
1703 57.4871886214
1704 57.3208202307
1705 68.6775533207
1706 64.2137717712
1707 60.9580064637
1708 61.715140327
1709 62.087405875
1710 62.9186471703
1711 57.9512002375
1712 60.7592343782
1713 57.1100005701
1714 56.6397278284
1715 56.4779268648
1716 60.1477430507
1717 57.2048025029
1718 62.871055543
1719 58.2392685622
1720 80.149335229
1721 56.2971688478
1722 67.702681168
1723 65.0090909736
1724 58.9823013929
1725 60.3331379505
1726 76.2338644793
1727 55.7518042692
1728 58.2717776392
1729 62.8686244479
1730 56.8433465813
1731 55.0837133149
1732 59.5869405651
1733 62.4352933641
1734 48.9778670276
1735 59.5653727221
1736 70.7330823996
1737 64.8475265454
1738 71.1942958689
1739 57.6160284521
1740 65.3329703456
1741 53.5473524455
1742 68.6330920733
1743 55.0962781075
1744 64.6604998811
1745 54.6461621821
1746 55.4753819959
1747 52.5320928922
1748 45.543678435
1749 57.8678975416
1750 59.3203920842
1751 50.9502596989
1752 42.7531604672
1753 56.3426974427
1754 57.1265743177
1755 50.3336674132
1756 76.7710660205
1757 59.6906170241
1758 64.4193306677
1759 54.917730109
1760 66.1491980384
1761 42.3171975362
1762 65.2868581728
1763 57.3729671744
1764 108.506078863
1765 41.3569062819
1766 56.0341935927
1767 49.9919080593
1768 52.3719665896
1769 66.1353973422
1770 62.3878507885
1771 51.034978611
1772 52.425351831
1773 55.8546835978
1774 60.7350892226
1775 56.4733431485
1776 53.2229285035
1777 58.6648447666
1778 59.293246485
1779 57.4967308998
1780 55.5372281686
1781 66.2337825643
1782 57.7829989052
1783 52.9321892531
1784 56.3090648114
1785 58.057813005
1786 58.5597016757
1787 55.680721539
1788 57.8219940212
1789 54.8221761672
1790 57.6090012232
1791 54.13678739
1792 50.5732629711
1793 59.6272708556
1794 58.8255472685
1795 71.9898491367
1796 52.277058558
1797 56.5777355727
1798 58.7475558399
1799 56.7867277053
1800 55.1534803072
1801 50.9828388834
1802 65.9182452458
1803 48.705868817
1804 55.4184329492
1805 59.4848383307
1806 47.3596871802
1807 56.8934670006
1808 70.7910709624
1809 75.4994760717
1810 76.4969062687
1811 84.4097365808
1812 91.3628514903
1813 67.9277877913
1814 72.0101226348
1815 81.4437183618
1816 77.3934270738
1817 79.6861421089
1818 77.3375828875
1819 89.5745254982
1820 71.5024877072
1821 71.8056147241
1822 70.3019083011
1823 69.8169080792
1824 80.9125272186
1825 72.7430650178
1826 78.0562394328
1827 76.059799574
1828 80.4556675252
1829 72.0223810061
1830 74.2816020861
1831 77.5832683719
1832 68.8048800569
1833 79.8588890178
1834 80.1950269695
1835 73.9531170394
1836 80.2207626288
1837 76.7420311305
1838 85.0965170574
1839 68.0305929957
1840 68.9719855074
1841 77.9313669641
1842 79.6163146677
1843 73.2675400444
1844 67.645678908
1845 74.4244516963
1846 70.2314146098
1847 73.7387010585
1848 79.9053727207
1849 99.6612928956
1850 71.744170714
1851 81.5235659787
1852 70.2777259663
1853 76.3271535089
1854 77.3858384822
1855 67.9126563982
1856 71.4017720583
1857 68.583999315
1858 87.6390335049
1859 86.1402124644
1860 72.6333401625
1861 81.4260946004
1862 73.0455462471
1863 74.9011709905
1864 72.9479796294
1865 57.9896741931
1866 76.7869478142
1867 68.8214372127
1868 90.86052795
1869 83.754808457
1870 73.9256015012
1871 73.6813594453
1872 76.8674235477
1873 76.6400041234
1874 79.2540711628
1875 76.0621198609
1876 69.4775722217
1877 76.7988755953
1878 84.2903132335
1879 74.0987946352
1880 89.3990307716
1881 74.950467184
1882 69.5652536498
1883 87.7673299031
1884 87.1153678813
1885 68.2065042726
1886 69.1583604597
1887 75.9462679743
1888 74.6814682897
1889 85.8373685993
1890 72.8799969277
1891 86.7865110583
1892 80.2665429639
1893 71.9347322747
1894 73.9601453812
1895 68.8602623172
1896 69.4041588221
1897 87.8612636609
1898 76.7948970092
1899 53.7687864949
1900 61.5072645853
1901 58.3515233202
1902 66.2837501061
1903 53.6089628837
1904 57.8831135163
1905 57.0887804563
1906 58.7918581604
1907 57.0270762155
1908 51.4520922776
1909 72.0756590161
1910 59.4999554714
1911 50.9631579166
1912 44.6190691477
1913 57.7905769624
1914 56.0769957512
1915 54.6481237466
1916 58.1581766669
1917 63.9478939707
1918 53.1307259604
1919 50.3410524083
1920 57.6216127208
1921 58.2554970166
1922 67.6025029979
1923 52.5495510121
1924 51.4225816578
1925 55.6312492724
1926 53.8300568628
1927 109.818727034
1928 54.4613537927
1929 51.1325637438
1930 48.1234040267
1931 131.862058253
1932 57.1494685015
1933 52.6934389905
1934 64.9189148276
1935 54.9148480382
1936 62.8441472601
1937 64.7639743037
1938 48.2663902884
1939 52.7310501841
1940 56.2930045996
1941 52.4987897613
1942 54.1649253305
1943 61.7806138363
1944 51.0860364155
1945 49.9462217556
1946 50.7220646251
1947 67.1730991835
1948 50.8402483334
1949 59.8553138618
1950 69.8493981963
1951 57.6271969711
1952 50.0509291141
1953 59.4572578558
1954 52.8227105605
1955 61.5703645083
1956 51.5426365834
1957 60.7601299481
1958 55.8620414011
1959 56.1754656513
1960 60.2229429306
1961 55.9223540627
1962 64.4500345837
1963 62.8767740859
1964 54.3372296791
1965 63.1519655067
1966 62.3738936373
1967 61.6748592519
1968 69.4378602523
1969 75.1557160996
1970 62.7632590427
1971 57.7634529789
1972 55.831252608
1973 59.8726258059
1974 67.5510866443
1975 62.9952090109
1976 66.2664296234
1977 59.8650995603
1978 51.295926447
1979 56.3503892365
1980 59.231421404
1981 57.3569645862
1982 51.2546672321
1983 67.6962548594
1984 54.4943595813
1985 58.8257493648
1986 59.3229411778
1987 69.7404210312
1988 53.981075438
1989 67.0729963728
1990 55.4853276709
1991 66.9522879011
1992 63.9821042247
1993 57.0954925358
1994 58.3667433605
1995 48.1402932546
1996 61.9422916731
1997 56.9746757293
1998 62.0688083557
1999 73.4945817956
2000 66.2785432486
2001 77.7364473459
2002 58.6441987524
2003 52.5630520875
2004 53.3389687799
2005 105.914681435
2006 64.5204368239
2007 53.9119599806
2008 64.1768469617
2009 69.1187601765
2010 55.2879373052
2011 53.3356087868
2012 59.2606548068
2013 61.6837891913
2014 51.5681310208
2015 51.4777783449
2016 94.7510877796
2017 57.4512848847
2018 70.1916839212
2019 55.5957965372
2020 57.1849024006
2021 59.3159522547
2022 58.1610136488
2023 61.9336142895
2024 57.5340956402
2025 55.335920733
2026 53.1096371705
2027 68.463251477
2028 67.2467724599
2029 59.3643096647
2030 54.9509535212
2031 49.7255326845
2032 48.6245611059
2033 75.6840230239
2034 47.7107549633
2035 49.7673513255
2036 65.5486345671
2037 48.0053736518
2038 54.7226097516
2039 51.2593875535
2040 46.5038672292
2041 55.9739338526
2042 52.7971491643
2043 48.5587099167
2044 44.8868109393
2045 54.4587101906
2046 46.5601566648
2047 49.6519741766
2048 45.2120917573
2049 58.5760988459
2050 57.6681288542
2051 54.6154890824
2052 60.0722434131
2053 49.2214750626
2054 51.7743740136
2055 51.6417436176
2056 65.9253099427
2057 57.6549518487
2058 47.394449517
2059 52.7645856978
2060 59.4727162281
2061 70.7135188289
2062 45.0851877215
2063 65.9594435506
2064 50.6768584165
2065 59.0844763482
2066 50.325659562
2067 48.1050398822
2068 47.9478550444
2069 48.6152237735
2070 69.0546760668
2071 55.3675377286
2072 47.2140787236
2073 54.3876743373
2074 59.0726722664
2075 57.3452963606
2076 65.578093575
2077 58.4241730576
2078 62.6947453308
2079 55.8075731607
2080 53.0261288834
2081 45.9589788856
2082 50.9010157131
2083 63.2031220481
2084 42.1945768007
2085 45.6285338751
2086 51.4484834932
2087 47.1166575484
2088 45.9694911064
2089 45.7545748632
2090 42.6262986776
2091 52.7375341356
2092 53.0656385453
2093 57.7226841286
2094 58.8175225229
2095 51.0413603023
2096 57.7626153572
2097 39.3396203803
2098 44.7631969349
2099 62.5067906572
2100 59.3889670116
2101 52.0765196606
2102 55.4514761133
2103 56.0061865477
2104 58.6855587188
2105 67.797808742
2106 59.7326236197
2107 56.9075793005
2108 61.2648977284
2109 49.8091249335
2110 53.1976673186
2111 54.4348980335
2112 50.0778992202
2113 65.4039430584
2114 65.5971921397
2115 53.4682221353
2116 58.4213821304
2117 59.3743752088
2118 55.441787614
2119 69.1061589588
2120 49.0952958627
2121 59.7868334868
2122 87.6094143324
2123 55.2987462086
2124 42.4175656329
2125 45.8632715988
2126 55.4816053743
2127 59.4549438473
2128 78.2007332752
2129 61.9355402562
2130 54.5205770257
2131 60.0910463331
2132 52.8349617064
2133 50.1789996412
2134 65.9464948346
2135 52.8015696487
2136 52.9558872794
2137 57.039574919
2138 63.3958932834
2139 47.3852610883
2140 53.4178138639
2141 51.6447319545
2142 53.1182863031
2143 45.5835311484
2144 60.7628841956
2145 58.1923414548
2146 54.1261038929
2147 55.4920895613
2148 56.7496036835
2149 57.4266456863
2150 51.1845484556
2151 51.6854482964
2152 67.7348982896
2153 59.6772700546
2154 49.5604221441
2155 65.1412673579
2156 46.1745112482
2157 51.9701460672
2158 49.2963782592
2159 71.3214198981
2160 54.7568757526
2161 52.2162697055
2162 57.2087485466
2163 62.989749546
2164 53.836258417
2165 52.6584358365
2166 52.7945404293
2167 53.85186292
2168 52.0013071871
2169 52.1305484836
2170 46.2080456277
2171 63.921341114
2172 54.582956687
2173 55.5454856832
2174 58.7324534134
2175 54.3960169432
2176 55.4532564908
2177 47.0547214444
2178 52.2602047697
2179 53.9188998258
2180 57.0941432832
2181 59.8777877483
2182 62.4998858928
2183 51.6803198048
2184 66.6624106181
2185 46.607087782
2186 68.5012481893
2187 55.536369159
2188 61.7931369313
2189 63.7058962745
2190 64.7752066469
2191 60.9492128989
2192 51.8067671937
2193 58.7976513241
2194 50.2182611383
2195 63.1838852913
2196 66.3903951592
2197 53.4120108654
2198 75.96217392
2199 51.5111766645
2200 45.5992009371
2201 50.5319313267
2202 61.1139692917
2203 68.1000979206
2204 56.0519377476
2205 60.0794413493
2206 57.4729775992
2207 57.1281088466
2208 53.432635831
2209 59.0399525123
2210 53.236242013
2211 64.081492387
2212 52.136625969
2213 47.2245681645
2214 49.2039682184
2215 71.6323528591
2216 49.8324308904
2217 82.8208001046
2218 61.7301282061
2219 47.2704130468
2220 60.804562595
2221 46.5122371715
2222 59.5561207932
2223 53.1266854587
2224 45.8263857615
2225 47.074884225
2226 55.351679886
2227 52.4753751123
2228 102.51333778
2229 48.8100550196
2230 53.9296952962
2231 70.0254058733
2232 51.7902828658
2233 59.0332079192
2234 57.1160722634
2235 53.2291877794
2236 53.3964521993
2237 61.2763736317
2238 62.1070798564
2239 50.9433819081
2240 52.9906652873
2241 40.4312346536
2242 50.0807779484
2243 51.7217873697
2244 43.9293854927
2245 58.9050488605
2246 52.8140404042
2247 51.0847687436
2248 52.8173858282
2249 60.9892477756
2250 53.5811918966
2251 52.3934286117
2252 55.4572862587
2253 61.2089941704
2254 54.1611464034
2255 57.8299359039
2256 60.8552162792
2257 52.0116423655
2258 70.5172815095
2259 47.4736929975
2260 50.7865414498
2261 72.4941343257
2262 55.8282039951
2263 52.7891755994
2264 49.622063039
2265 51.4967053716
2266 68.1859545535
2267 64.8685721644
2268 42.2872796161
2269 51.0515191809
2270 49.999536564
2271 60.1273157068
2272 64.7895161708
2273 71.3655891182
2274 49.8870663414
2275 63.9822223917
2276 52.7446229952
2277 49.2155724514
2278 44.7994640375
2279 53.4578069487
2280 56.0335345369
2281 54.9615860774
2282 63.4535181203
2283 50.8755854047
2284 51.6295025177
2285 51.1265935246
2286 60.1228055277
2287 50.067731218
2288 54.3898258075
2289 56.9840254827
2290 61.8716420248
2291 64.4664459898
2292 53.1855755773
2293 56.9051212606
2294 64.9661678767
2295 58.37255449
2296 58.0191593916
2297 53.2786558032
2298 62.4416343246
2299 73.7567684454
2300 72.7172858533
2301 72.6305295066
2302 45.8885822459
2303 53.4160146854
2304 69.9857117085
2305 52.2601384834
2306 61.1147432877
2307 74.7523077704
2308 53.2775531905
2309 55.0974175266
2310 58.8111723178
2311 52.4085187045
2312 55.4739284133
2313 107.001248998
2314 62.8763172313
2315 56.8040618816
2316 49.5278666427
2317 59.439089291
2318 53.2065878068
2319 66.1326752058
2320 63.9921002522
2321 55.5859356382
2322 70.6458707213
2323 59.7316712342
2324 63.9565601411
2325 54.8117144505
2326 65.3054551012
2327 52.5015472463
2328 51.8557750274
2329 55.8319244029
2330 58.7601644273
2331 72.0330066398
2332 61.113173612
2333 62.2417416111
2334 54.8746252829
2335 56.2551599314
2336 53.6261886627
2337 55.2013824524
2338 64.6590851249
2339 54.0911441498
2340 75.059032869
2341 65.3767705283
2342 73.9066675272
2343 53.5898562472
2344 56.7992915856
2345 50.7840441177
2346 58.0067072807
2347 61.9266441992
2348 67.751176458
2349 44.598444388
2350 59.4175077546
2351 65.6420715547
2352 61.0928804151
2353 66.9189087197
2354 47.2004725724
2355 55.5169747324
2356 52.3628832356
2357 48.1196360772
2358 47.0633790662
2359 48.4738535217
2360 49.8911878037
2361 48.2274274159
2362 63.4920643789
2363 58.6331574593
2364 62.9951652259
2365 47.3378597231
2366 50.4119568599
2367 46.5665206846
2368 49.8396287182
2369 62.9871711936
2370 76.9873975301
2371 46.412876698
2372 64.217358493
2373 48.8051523542
2374 48.1239662902
2375 52.5830407599
2376 47.7614206773
2377 48.5747323545
2378 57.3767176696
2379 48.1657222478
2380 51.4466939038
2381 53.430222467
2382 45.1839358689
2383 43.1346492117
2384 49.1335787272
2385 49.0433093173
2386 51.1240202716
2387 58.5818207698
2388 44.7713791241
2389 51.9316054111
2390 57.5766720482
2391 49.8410071193
2392 63.0466492745
2393 49.0453001699
2394 55.3525213504
2395 49.5150775183
2396 53.6475563009
2397 51.8048938713
2398 48.6130212509
2399 67.9360983298
2400 61.5947514517
2401 45.1948768716
2402 47.0985593061
2403 53.7675053624
2404 49.8447063274
2405 46.7808890929
2406 48.7789083394
2407 50.051344896
2408 47.8918796133
2409 53.2894294486
2410 47.4609384063
2411 54.3380557439
2412 58.7299589542
2413 46.8607157269
2414 54.5792257605
2415 61.6220930622
2416 58.847985141
2417 71.6733817394
2418 65.130657665
2419 52.3373555664
2420 41.4893444497
2421 57.4829332767
2422 56.0949414773
2423 67.9589539816
2424 54.7766169229
2425 54.656786009
2426 46.9782821767
2427 70.5820240895
2428 48.4216893418
2429 56.7639540607
2430 49.8368533031
2431 53.9557607219
2432 43.7518516147
2433 55.8213929848
2434 60.9308684819
2435 59.3978724292
2436 54.0518229516
2437 48.8042083888
2438 58.2228931585
2439 53.8476552587
2440 50.7051827903
2441 54.2871919124
2442 52.1767340859
2443 55.8634941691
2444 50.0562371492
2445 53.6505457069
2446 50.2558607187
2447 60.1266032645
2448 70.2297941769
2449 67.8711979333
2450 61.3411937613
2451 51.0603685827
2452 56.1515714034
2453 54.1666586751
2454 49.3978889201
2455 47.6353776969
2456 50.4926365009
2457 53.1803623137
2458 64.6877143509
2459 48.3047599406
2460 45.6422488775
2461 52.6695757454
2462 53.3252945797
2463 45.6303466077
2464 60.7290588901
2465 56.6613479038
2466 56.7387488292
2467 50.3225711276
2468 67.9367002323
2469 53.5854100883
2470 46.2485283376
2471 54.5734034598
2472 50.8285062783
2473 65.2132958703
2474 75.4098505771
2475 49.936087101
2476 52.3935286625
2477 57.0367999319
2478 49.7331994804
