u s
1 70.0521878662
2 65.9971877603
3 69.8996425542
4 64.0654079527
5 66.6962946056
6 56.6257805834
7 55.3330816427
8 61.3276158406
9 76.356749725
10 64.5874858383
11 54.7021676454
12 69.7808379414
13 75.0900796312
14 63.4377284976
15 80.4633029236
16 66.8743864689
17 59.9118835723
18 61.5293950878
19 159.585137047
20 63.0350595255
21 67.1714082785
22 57.0806285636
23 82.131542551
24 65.9142943816
25 67.0421816662
26 60.3342963693
27 74.1117062623
28 52.5808309863
29 67.9405387184
30 68.301595102
31 73.2890557958
32 78.1241652082
33 66.2010264253
34 73.2106219771
35 52.3138198633
36 72.1842709121
37 76.4255622631
38 65.4801882932
39 53.2229591064
40 56.0335844382
41 68.2595575013
42 67.6392984834
43 64.0143167703
44 66.4515477479
45 76.6583720248
46 68.7010213785
47 65.0310334761
48 51.4773512545
49 57.7993831424
50 67.4840927213
51 55.5565471824
52 64.9480009832
53 72.941400951
54 68.4958835752
55 160.129578598
56 72.8730576138
57 82.5211152161
58 63.7434261149
59 65.6078742041
60 65.245465251
61 63.937356975
62 79.0843721196
63 67.0379077417
64 73.1942097551
65 85.6860875979
66 44.4140691375
67 52.5862148152
68 54.0541059541
69 43.9996853618
70 56.0634036476
71 61.1086052231
72 46.9265886698
73 54.9648710437
74 57.9795198614
75 63.5094761032
76 62.6657082078
77 54.1095811854
78 58.3167062992
79 51.0460179105
80 61.3673569497
81 50.3789486285
82 54.1960553936
83 43.6652084101
84 55.8252659173
85 44.6549637853
86 53.66521475
87 56.1527857849
88 47.0627126231
89 59.6874943398
90 53.7319820415
91 53.435699665
92 53.3147683752
93 59.2944513354
94 71.0729827554
95 50.9887487782
96 48.0993385595
97 49.4341618744
98 63.958106668
99 55.433082256
100 59.1045836383
101 54.2203234651
102 56.1842067974
103 54.9840464353
104 68.2344385567
105 54.1088477894
106 63.5397868806
107 48.4593236927
108 63.2958544114
109 70.3613589365
110 45.3454618192
111 55.8182286787
112 71.7652609136
113 57.606257033
114 60.9496928601
115 53.6628694661
116 54.9758886052
117 59.9232213174
118 62.3441128893
119 55.0516574866
120 55.1644613421
121 59.1077805315
122 50.1471391725
123 68.0946335983
124 53.1196159207
125 45.8567888177
126 56.6857385927
127 45.6611604459
128 48.6993239166
129 53.0744540342
130 52.5860546514
131 49.5939579768
132 46.6469341899
133 54.7847046664
134 48.9207282167
135 47.0393378507
136 50.0905982131
137 50.4218370211
138 46.8243358257
139 51.9734834551
140 52.2021376111
141 54.3718397522
142 44.9016156003
143 53.6056836386
144 55.0003473564
145 56.8363904583
146 54.1375340342
147 47.6299552278
148 49.9375207388
149 71.9450702104
150 55.237845783
151 61.3353535896
152 48.0064571754
153 46.1876377076
154 55.2327626769
155 59.0124994149
156 43.3668999035
157 49.315968448
158 46.2698274003
159 52.2794125103
160 47.9521108507
161 44.5544320336
162 51.1171966909
163 57.9707720521
164 52.3405203859
165 47.1186319584
166 52.7737729718
167 52.1292309676
168 48.224051108
169 66.1344789513
170 41.3983196218
171 50.3825296931
172 50.5971747575
173 40.4766032367
174 50.3389484571
175 49.4591290454
176 53.5803732561
177 48.5398887809
178 51.0281360493
179 49.445877344
180 53.5905594971
181 46.6734378724
182 49.5576918997
183 55.2681223738
184 58.3499350506
185 51.0601403862
186 52.1562700752
187 42.7773562019
188 54.6127897644
189 52.676791349
190 52.0624975441
191 51.7376794344
192 46.0796365675
193 51.5911757981
194 46.8454498403
195 46.7081133775
196 67.5082014914
197 58.3543385885
198 55.7551465195
199 69.2629397152
200 57.1139066419
201 50.4045203479
202 58.5805664746
203 75.38841192
204 61.1886972153
205 64.4635393097
206 56.4990228491
207 55.9644228066
208 59.9102899934
209 69.5596333871
210 62.4578300877
211 52.9448161725
212 55.9781909072
213 43.2910201175
214 48.1859352466
215 55.7939606807
216 42.8524701825
217 70.2809510845
218 68.9396232108
219 59.2407695528
220 59.0361265087
221 58.5236534834
222 58.6100300919
223 67.8634919166
224 58.7155002739
225 69.7909781029
226 64.7835210222
227 56.4431777244
228 48.8647669975
229 55.0612789901
230 62.7487061286
231 71.3634288371
232 59.0954321655
233 178.21573701
234 58.4297243752
235 57.2578486982
236 195.849521497
237 70.6166103483
238 57.9231968309
239 66.5830889293
240 59.2661514213
241 53.689427237
242 65.3558626825
243 58.7756160411
244 57.8867518687
245 58.566431668
246 58.4839705572
247 69.9767357081
248 54.8431164992
249 62.0456204215
250 53.944352248
251 57.4845646166
252 57.094171918
253 48.8521889804
254 60.3243490131
255 77.5197410775
256 62.6927088774
257 65.6452143287
258 63.0341060771
259 45.5801101269
260 67.0373323197
261 49.689420331
262 58.051520308
263 46.1000363014
264 55.2724605612
265 59.97251408
266 54.0197886648
267 55.5576005348
268 60.9112575251
269 50.4537530987
270 54.9424032172
271 66.0373078621
272 58.3726900925
273 53.8710177223
274 58.8490808628
275 50.933875874
276 59.0997269693
277 77.0518307047
278 60.8915501391
279 58.4824973611
280 54.2497656295
281 56.8664664509
282 52.8007825146
283 50.5072326593
284 59.6081184763
285 47.0033501384
286 55.8125463095
287 65.8714107978
288 54.5299428266
289 67.1956987076
290 63.8785812698
291 56.217921471
292 55.0716149861
293 56.8759307158
294 55.6389855863
295 50.3160626399
296 68.304776646
297 62.922432594
298 61.7563535426
299 51.5237638867
300 60.1019989769
301 52.1776464119
302 54.4592854328
303 57.9218085903
304 61.3540683993
305 53.4719695826
306 63.5240224636
307 63.2543158199
308 60.2223168765
309 55.3363407771
310 50.0348785319
311 56.4488654841
312 46.7719959058
313 45.5562751442
314 55.6145062165
315 57.4885467911
316 70.0251310753
317 52.7144615094
318 47.1156829143
319 57.8001072442
320 55.082514722
321 49.9062962279
322 55.7827569809
323 56.6400918104
324 84.2050334391
325 57.9831956925
326 61.2157764807
327 50.8502854092
328 44.4142389308
329 50.7454930529
330 55.9738339538
331 41.7938750144
332 45.9852969686
333 53.0550860678
334 44.6247100955
335 41.6520227984
336 54.2623820659
337 45.209424656
338 45.0787392261
339 48.4074743974
340 52.2387954605
341 55.655810619
342 46.8340970573
343 45.7675682082
344 47.4607564219
345 49.0250026353
346 42.6484624086
347 54.8537909008
348 51.7809283554
349 42.8083440105
350 56.509036664
351 48.8662379457
352 50.4895605945
353 48.3138667806
354 47.5476900855
355 46.3529669068
356 61.0807128073
357 48.0858868208
358 48.1097730061
359 45.5444373309
360 52.3728173336
361 44.9161942894
362 51.5985536193
363 57.2260000602
364 48.8697748841
365 45.8486836341
366 45.9676016284
367 62.6674064724
368 54.9765885352
369 42.7612130145
370 30.3117464027
371 65.4925506849
372 73.7982622479
373 51.4397770346
374 48.4440673676
375 46.6783036459
376 49.6818780747
377 52.4852726625
378 56.5220186075
379 57.1962643325
380 50.2758662386
381 53.3864469634
382 49.978858358
383 53.955322993
384 49.7857343445
385 45.2537629977
386 48.0952300113
387 51.9499020841
388 44.5908217015
389 62.5161865951
390 59.6842745805
391 48.450023771
392 39.819202257
393 36.5571007522
394 45.8755819407
395 37.2408055815
396 39.735346669
397 59.2354478403
398 52.1511191032
399 51.5241538839
400 46.5299174877
401 43.7085166685
402 50.1133067492
403 48.26195869
404 56.7611454562
405 49.3792346012
406 43.7400735784
407 42.1238625866
408 33.3426910768
409 48.7369570957
410 47.3659874289
411 46.7854097888
412 48.9095056127
413 63.0985445336
414 46.840108746
415 38.9017730051
416 37.2496104878
417 53.1875781489
418 42.050539657
419 44.2801289959
420 47.3865405441
421 51.5775379852
422 36.1386931735
423 49.9682637476
424 59.7474030929
425 38.4501123003
426 47.7049104051
427 55.5524012317
428 45.0542516674
429 49.3276191653
430 38.4029386099
431 55.140386975
432 45.4837298032
433 47.7992075729
434 47.0882263446
435 52.6129700972
436 42.342331675
437 48.7475819719
438 47.3150993574
439 42.9667494789
440 51.5738049197
441 40.6654850959
442 38.3660807684
443 51.4008472077
444 38.718665447
445 42.7532436433
446 48.8704606562
447 53.098160854
448 56.2625141965
449 41.8990490759
450 47.8489019808
451 52.1739216245
452 47.6785031738
453 65.8345670035
454 32.6270851625
455 50.0334118751
456 52.7682945624
457 77.9533123826
458 51.9139192857
459 41.230000171
460 62.0231529765
461 48.758027593
462 53.76781671
463 58.2431947545
464 58.9764686616
465 53.1637531225
466 58.9619432572
467 49.3246426138
468 55.3829658238
469 52.3215631255
470 58.0665898155
471 74.4951789189
472 61.9632952665
473 49.4070371351
474 47.4841940925
475 49.0313931925
476 52.894781868
477 61.7007530828
478 48.4302349272
479 59.9225258801
480 43.8876714003
481 48.959772849
482 49.1385601651
483 56.1798709628
484 47.0599845649
485 47.6271014444
486 42.4894143636
487 47.588316484
488 40.4286120798
489 49.5578958813
490 31.4322627263
491 60.0663209386
492 55.5049144219
493 58.3451451637
494 47.7288376808
495 57.77931239
496 56.3517701938
497 54.5921806079
498 46.3499626457
499 47.4081710623
500 60.7015354612
501 53.6475027511
502 53.6521187289
503 49.2299961403
504 50.2131063984
505 67.6237646019
506 55.9627941263
507 55.0509669483
508 47.6171248267
509 51.3205515771
510 50.9755974934
511 53.1793941914
512 48.5236897387
513 56.3511640504
514 58.4978476418
515 56.8893450922
516 49.6402462436
517 48.4351459914
518 46.4936919977
519 60.1414206741
520 47.8431463122
521 45.818583176
522 42.9611775992
523 49.4643561245
524 49.0241420044
525 40.5633446365
526 59.9503238813
527 57.162360522
528 49.0584466627
529 48.430520451
530 45.8836597187
531 48.1625116398
532 44.1464314816
533 59.4877692965
534 52.6992447155
535 44.3562176024
536 50.563795684
537 54.8891859071
538 49.2838965216
539 44.2658122565
540 46.3264945279
541 38.2246282481
542 47.7718229461
543 49.5456750797
544 53.0834507488
545 42.8514069242
546 44.8792993796
547 51.9767081769
548 44.5127264349
549 46.773828124
550 49.6564223104
551 47.6698153767
552 49.3737454705
553 51.0697029442
554 51.1724505415
555 40.490600926
556 45.5069559175
557 42.1928237311
558 44.8556597674
559 48.0176275741
560 59.6844099464
561 52.3055118865
562 57.825518278
563 41.0466461482
564 55.1479447746
565 50.4290316963
566 51.8189221569
567 48.0838266339
568 47.8741927164
569 42.6188305182
570 48.9033007372
571 57.1293323436
572 49.1845143421
573 39.773380656
574 70.182765466
575 43.5489496396
576 45.0902336898
577 45.499408024
578 52.9406147118
579 54.6981012525
580 46.7581058208
581 48.3430448595
582 55.9004692347
583 41.5923063665
584 48.7910530731
585 59.552340304
586 60.5161017358
587 87.7141643746
588 55.1609111827
589 65.935808217
590 61.8194723278
591 52.2111869943
592 58.0159781556
593 60.8492550423
594 65.9244808582
595 58.6961522871
596 50.2102036801
597 62.1082000888
598 49.5192336896
599 65.1568450391
600 68.7915487647
601 64.1744723147
602 50.4792107814
603 53.9492177397
604 58.9870626301
605 52.6030149937
606 51.6158652237
607 61.4491535154
608 65.6199706687
609 58.431593296
610 34.775868198
611 50.8585721028
612 56.8097820557
613 53.9662081826
614 44.3644766949
615 57.7366347664
616 59.1060444261
617 74.6297022516
618 58.7121638484
619 42.5935313644
620 55.260883558
621 57.9895950706
622 61.8165431748
623 59.0376216398
624 59.8138177863
625 59.6618364498
626 60.9674922241
627 48.7661771202
628 54.4622070272
629 61.1671884624
630 58.9980861587
631 60.6667082445
632 62.6524528877
633 68.1940199974
634 50.0513665797
635 50.9898282412
636 58.1686864781
637 67.6740435032
638 63.3534341779
639 57.2435776289
640 55.0236531366
641 57.8407161745
642 64.3197270545
643 61.2959003674
644 57.4293305194
645 63.5501469651
646 59.839181558
647 49.836330829
648 60.6470029342
649 57.1543532156
650 57.2006779275
651 46.7689312354
652 39.8976323639
653 65.1504348461
654 57.8480281563
655 47.9776095527
656 55.554803004
657 57.6600754093
658 55.954356968
659 50.1126313536
660 53.7768589385
661 56.7377763305
662 48.8140206531
663 51.3627881784
664 53.6152575812
665 47.2784627953
666 59.193105113
667 73.2124455924
668 56.0411979045
669 56.9309180407
670 52.4494189535
671 48.9653742648
672 58.6048681997
673 54.7064030943
674 50.4358723685
675 50.996707712
676 52.8115800673
677 69.847417372
678 46.047843428
679 55.4389461435
680 57.4219765625
681 58.5776539137
682 54.3579737289
683 52.5114154363
684 33.4994149503
685 41.8162498205
686 56.4337107299
687 53.5047926416
688 54.7821287125
689 53.5712358597
690 48.8084326583
691 47.4037382122
692 53.0572566612
693 49.8300459929
694 55.5448024302
695 52.8455201526
696 60.4202991162
697 53.614466374
698 61.3853400404
699 59.2345555236
700 68.048311061
701 44.0517006823
702 61.1907633688
703 48.5329116231
704 52.3719612475
705 54.6032727823
706 45.7228886102
707 49.9345825385
708 72.9538150554
709 61.2862069481
710 54.3954646583
711 52.8376938912
712 51.1811292679
713 54.4282697934
714 53.7042854076
715 57.8870591125
716 53.8278113019
717 57.8241147392
718 65.4630961056
719 53.8342998668
720 55.5145363625
721 72.0780485924
722 58.1331993207
723 52.9006606211
724 58.9466129202
725 81.9444350385
726 66.6932986534
727 57.3372876939
728 59.5657572833
729 64.3288489304
730 58.9108204428
731 59.9521494609
732 54.0280619327
733 50.925401348
734 59.3797499292
735 51.0289005595
736 53.0134599755
737 57.255723335
738 70.4325753974
739 46.9114672814
740 64.3144985071
741 60.1086156425
742 71.2316167051
743 57.8881493682
744 46.5668107355
745 63.8919952378
746 59.9217385844
747 61.9121583367
748 60.8663393508
749 66.1217063973
750 57.0418496109
751 65.1500189608
752 64.1913114932
753 52.1232533586
754 61.3816410772
755 42.8985572551
756 52.4353822252
757 65.8551843829
758 73.9534956555
759 55.9536968783
760 48.6706211334
761 59.0695731334
762 60.9260279686
763 60.1456461632
764 53.8376030468
765 64.6320444892
766 58.0240863131
767 65.7204794624
768 64.3642796449
769 61.2640463482
770 61.3838538108
771 57.0848490088
772 52.5446969786
773 72.8377977949
774 59.8770508775
775 51.2443575755
776 51.8539948758
777 56.1071802382
778 59.0658117668
779 47.3073304227
780 51.0982172966
781 64.2953328546
782 49.7037794511
783 55.2442763765
784 54.7460653205
785 51.0513549093
786 49.7572778326
787 44.127420622
788 56.9691664235
789 58.4384941462
790 54.5508476756
791 57.5348844551
792 61.1547379148
793 47.8916305135
794 47.7860736208
795 62.6566067183
796 60.439697769
797 52.9890905039
798 65.5028938825
799 55.7459566289
800 58.284405812
801 58.9213840349
802 60.0481933457
803 50.7944093861
804 50.3535136443
805 51.3387077299
806 56.0942505696
807 52.3859719351
808 53.9596726066
809 52.2040752671
810 55.1184179105
811 73.9819467599
812 57.0944547018
813 58.897271099
814 57.5738728136
815 56.8758910513
816 52.6255249601
817 55.7431672422
818 57.8405279481
819 55.2556070434
820 58.2786893056
821 57.3627568677
822 62.3462504673
823 64.8932430515
824 53.701898091
825 65.516025097
826 60.0718286202
827 56.6322762881
828 56.6042014281
829 55.7902964219
830 60.6050237541
831 54.6074514662
832 61.0691875874
833 53.4742065033
834 55.3903241084
835 50.2786591311
836 53.7075741415
837 55.3814536937
838 62.6287283926
839 56.0497460688
840 62.0961028348
841 80.4917766951
842 58.4847885227
843 52.5142224728
844 45.1970832443
845 66.8016458743
846 51.9393945727
847 67.2900216231
848 64.7850481391
849 72.4405865989
850 62.0583842872
851 70.036738116
852 62.6303905872
853 70.5254444004
854 57.0702280951
855 74.1365488049
856 63.2023553908
857 65.927578216
858 60.2561971828
859 63.2180298076
860 65.2341520966
861 63.0299332565
862 66.6553162941
863 67.2029358362
864 66.167901944
865 59.4844918023
866 61.8539250263
867 50.7067890444
868 76.1056413879
869 69.5450088001
870 52.6765505956
871 58.4039029213
872 50.3504978563
873 85.0581562506
874 47.2445713749
875 58.1820653477
876 70.219695227
877 71.6319976157
878 63.6225527092
879 51.844052048
880 51.0436592214
881 47.0801019062
882 69.6644160611
883 77.8014393377
884 62.9739190118
885 61.7022012177
886 49.2072921318
887 61.620102789
888 64.0564435749
889 58.2306883326
890 57.0878914779
891 46.2363329705
892 52.0391504964
893 61.9163267519
894 68.0167507472
895 67.1082768518
896 71.4965497324
897 63.014650745
898 51.7308858348
899 65.3510017023
900 62.3693732753
901 61.5877816241
902 77.6705269965
903 65.0258903028
904 65.6814087473
905 68.3877193822
906 69.2511454478
907 65.5592663605
908 63.7721708557
909 73.241023885
910 47.880313763
911 64.4231669936
912 62.1068206333
913 56.2888848057
914 59.1556119136
915 42.3298988229
916 62.8225524066
917 59.6620585503
918 67.1989898453
919 58.4442580169
920 53.4134818667
921 58.861123874
922 57.8048571939
923 48.956500344
924 61.2806272103
925 55.2759101964
926 53.406723737
927 57.7603567226
928 50.214323504
929 52.9499504042
930 56.3764140501
931 53.554924526
932 62.9007048287
933 52.0561347217
934 56.0118720167
935 43.9547820949
936 57.4962059384
937 48.7828037507
938 59.5008026563
939 57.14222515
940 55.4502642343
941 56.3860811804
942 55.7357320403
943 58.1299343165
944 55.8907444752
945 70.9223078682
946 51.9942103782
947 51.9438842953
948 56.7506611482
949 50.3531825967
950 69.0613942772
951 50.1494686932
952 56.2873177498
953 48.3701209465
954 53.2109792942
955 61.4358238123
956 58.8095848148
957 71.3783370178
958 49.0740668691
959 59.3625665184
960 45.4682741846
961 60.7796777483
962 46.9935628766
963 56.2706829759
964 63.5462832617
965 53.4311934888
966 48.1645653599
967 57.5126286688
968 56.7637109364
969 61.4438124054
970 64.1889748783
971 56.979735281
972 58.0172091079
973 58.9730935022
974 54.7656374897
975 51.6665654157
976 55.5036071973
977 74.4471217842
978 54.270814064
979 54.2260826658
980 45.3357336872
981 52.1373699873
982 53.8026197837
983 47.7823685492
984 47.8892507531
985 54.4017442069
986 50.4451690543
987 54.680137905
988 56.1396003389
989 61.5707716542
990 69.2511979097
991 60.1409750334
992 65.0466821644
993 67.7549719871
994 53.078234799
995 57.4761447112
996 52.2646529732
997 52.0097452698
998 45.5824866048
999 55.3296765497
1000 68.1390181577
1001 66.1165464185
1002 66.0257077318
1003 57.8554018556
1004 60.4317564244
1005 64.2206832081
1006 53.8007504566
1007 60.5167312259
1008 56.6708711149
1009 58.0370632758
1010 60.5616538252
1011 48.9458156205
1012 54.9329070087
1013 63.3517357528
1014 53.026782328
1015 69.5451979634
1016 56.8012198499
1017 71.8422328778
1018 57.8422307366
1019 48.6815416674
1020 60.1549423798
1021 45.9178584603
1022 57.8488577747
1023 56.6513529397
1024 54.4781107727
1025 62.4137048401
1026 60.1596960781
1027 63.2463043628
1028 59.5066326035
1029 54.9056193629
1030 55.6803531576
1031 59.2433385409
1032 57.5252587506
1033 52.2351388838
1034 58.2010416561
1035 60.1940134843
1036 46.9731707947
1037 48.342904665
1038 43.0253805396
1039 52.7236514046
1040 43.5213807143
1041 50.3710608066
1042 68.2797829326
1043 47.5429856895
1044 49.3901597564
1045 56.0947475748
1046 49.1800895829
1047 62.9347187146
1048 41.4576304941
1049 44.2586600327
1050 52.765498925
1051 58.9037568434
1052 53.8893590633
1053 50.2427874737
1054 55.3064233533
1055 53.3254282207
1056 57.805874081
1057 49.8422157815
1058 39.1197204728
1059 54.0168631881
1060 50.0902369697
1061 61.3826251484
1062 60.8890189372
1063 51.6391237472
1064 48.0674933337
1065 48.6825154031
1066 46.2691054176
1067 48.5924002475
1068 47.6935605791
1069 63.9827039831
1070 50.0731187752
1071 58.0534431066
1072 47.900356248
1073 59.5954705042
1074 49.0527197359
1075 28.8813795857
1076 42.8253731512
1077 50.7608804651
1078 48.4327032
1079 45.0218763977
1080 49.2392555595
1081 53.6425696914
1082 53.4602774018
1083 53.9885296675
1084 44.8143843252
1085 44.061414108
1086 50.4310510672
1087 56.0600970031
1088 45.8498910066
1089 47.0030776105
1090 47.8230941967
1091 52.6742470573
1092 47.7579859114
1093 54.4855316868
1094 47.7282751602
1095 50.1763111241
1096 48.7975942347
1097 46.9935116722
1098 49.0930371011
1099 44.0702717239
1100 47.3116197323
1101 51.7380440795
1102 48.8296856937
1103 50.8167733651
1104 57.1209141695
1105 48.3939470094
1106 48.5381396244
1107 46.8079475689
1108 45.052071125
1109 49.778430777
1110 43.0523538129
1111 46.7010719693
1112 47.0628250693
1113 52.0270045152
1114 43.855174101
1115 53.0428578321
1116 58.2230970224
1117 52.5500311595
1118 49.807989231
1119 48.5490826522
1120 52.9321839593
1121 71.5171992377
1122 54.659745621
1123 59.2967165036
1124 53.6451375089
1125 47.4248583409
1126 49.0934268173
1127 62.8579827521
1128 44.7637447219
1129 48.519089606
1130 50.879885133
1131 53.1333736121
1132 41.5924265584
1133 52.8317379299
1134 54.1111588927
1135 45.769794811
1136 48.6133267697
1137 53.879381614
1138 51.2624089175
1139 56.1059903509
1140 48.7228902367
1141 46.7909471951
1142 46.1619533799
1143 47.8029659837
1144 56.6034805832
1145 59.5971490918
1146 50.7003057299
1147 51.593428194
1148 61.2901945216
1149 49.0363948616
1150 47.8124978856
1151 43.0124428778
1152 49.5102984189
1153 53.2035154919
1154 46.9621457754
1155 48.0465709339
1156 46.4300837564
1157 47.0225517041
1158 55.3804866477
1159 46.5648256123
1160 57.5791668931
1161 50.3841216384
1162 50.5472265358
1163 44.4758121288
1164 47.1568106492
1165 49.0912333393
1166 46.7076918248
1167 45.5371469272
1168 52.6196259783
1169 48.7708116616
1170 54.1854953337
1171 51.8204080324
1172 45.3570842771
1173 59.9366587639
1174 53.0135407448
1175 50.1217673891
1176 50.6930554985
1177 50.4763761966
1178 50.199447066
1179 45.715819646
1180 47.210728092
1181 50.7410536369
1182 46.3286051791
1183 49.2608986618
1184 52.4323052834
1185 45.0036004684
1186 39.4360366821
1187 56.4814057956
1188 48.3610229105
1189 52.4920059593
1190 54.6687594667
1191 50.6132867114
1192 48.4761153916
1193 64.0014303041
1194 47.6581156423
1195 45.5045464174
1196 44.3362308517
1197 55.0961052732
1198 48.871487172
1199 48.2107124004
1200 51.9507626692
1201 45.2544695157
1202 50.8148739057
1203 53.617058478
1204 48.2712230128
1205 41.5258258478
1206 49.3111219139
1207 55.1445260349
1208 52.3447235469
1209 57.6209684059
1210 53.3086268118
1211 46.543244883
1212 47.7326335852
1213 49.5328232992
1214 57.4042786205
1215 43.0296380546
1216 48.8865142284
1217 51.4581596377
1218 46.8794902606
1219 48.7017552628
1220 54.4205492132
1221 52.2584223112
1222 64.143861251
1223 47.3588796605
1224 43.2084019762
1225 66.2316360619
1226 41.3457008883
1227 59.3459126321
1228 56.9540355293
1229 46.3657925558
1230 48.7896621481
1231 44.6603383398
1232 55.0720144206
1233 62.9395991194
1234 63.5641886787
1235 60.9188149
1236 59.1780472288
1237 52.0163337298
1238 53.4957794487
1239 47.1785608236
1240 62.0828695137
1241 58.7910864617
1242 57.0792281095
1243 43.8463557548
1244 61.9367888682
1245 62.8920495936
1246 58.9192113624
1247 53.2858106476
1248 51.9780919739
1249 57.3386892516
1250 55.2535832378
1251 52.5653354285
1252 51.8383323284
1253 52.6375835969
1254 58.9920896075
1255 53.3072489361
1256 57.64125886
1257 52.1279169642
1258 59.3574268289
1259 49.4583785246
1260 62.4522399724
1261 49.4283277721
1262 51.5625258053
1263 51.3484690333
1264 58.7015591842
1265 77.772191355
1266 50.1152634843
1267 38.966696246
1268 55.1113639635
1269 54.2378374609
1270 63.6264167147
1271 50.2185046978
1272 52.851854617
1273 44.9523885764
1274 52.4241726366
1275 55.7618284676
1276 56.5104632265
1277 59.4377024767
1278 62.4444917756
1279 55.0202003962
1280 66.114950006
1281 55.8639186115
1282 55.6556305571
1283 50.901782216
1284 55.4983713063
1285 56.8423862918
1286 52.1690893118
1287 54.5997102251
1288 52.0230480041
1289 54.5637771664
1290 53.7703978149
1291 48.338910332
1292 74.505037528
1293 57.6565255887
1294 53.0455061167
1295 60.6914192038
1296 63.8860391088
1297 64.2787600265
1298 47.1773923436
1299 56.177654945
1300 59.3810268893
1301 56.5250733547
1302 54.7312382082
1303 73.9091391933
1304 53.269684445
1305 77.7155754855
1306 50.173414563
1307 56.4533322547
1308 51.7035636624
1309 61.7927090862
1310 61.2106462767
1311 56.911096607
1312 52.695086872
1313 56.2960293875
1314 65.1051154647
1315 52.564867703
1316 58.2232512583
1317 56.7935921359
1318 59.7250599947
1319 54.0640048336
1320 55.487331224
1321 60.0569697522
1322 57.5951921091
1323 55.8268757546
1324 61.3995833026
1325 55.4192214403
1326 82.3902453289
1327 53.5507284655
1328 54.75299064
1329 64.6756168768
1330 55.663609301
1331 51.2151199105
1332 62.3395703535
1333 53.0762826538
1334 71.2410504513
1335 70.3776825268
1336 64.2036658949
1337 57.7646475947
1338 54.5235537998
1339 54.9162906379
1340 55.4648118664
1341 57.5038141439
1342 60.5139910721
1343 48.260799557
1344 65.6776637412
1345 59.1267787236
1346 57.5420742863
1347 57.2969342994
1348 51.5190622697
1349 64.3089404452
1350 64.5924976424
1351 52.1521133539
1352 53.240800903
1353 57.2872471236
1354 64.31518939
1355 57.4676187327
1356 75.371106853
1357 48.2972360037
1358 64.6645386052
1359 53.6314210926
1360 46.907615153
1361 66.7407533824
1362 48.3839813546
1363 67.6496271527
1364 48.5854062165
1365 55.2765535002
1366 50.3722367127
1367 45.5191544161
1368 61.0884683557
1369 55.4703110749
1370 59.6247110526
1371 47.8829222058
1372 54.6514520098
1373 51.1587334805
1374 49.7555868238
1375 48.4190735412
1376 48.4152508316
1377 57.4864989481
1378 62.5394464943
1379 51.6026031082
1380 61.1930379296
1381 58.2880924547
1382 52.7848455166
1383 52.2107091937
1384 72.755043256
1385 52.6368239199
1386 52.7424704667
1387 52.0572398336
1388 56.707969695
1389 55.4766277117
1390 53.179765824
1391 63.3648260027
1392 47.3628813834
1393 53.6334821393
1394 43.3505578076
1395 56.4473958979
1396 59.2646032038
1397 54.3792158902
1398 41.162233704
1399 63.6718905392
1400 48.7524054774
1401 55.6989001531
1402 52.0329376917
1403 54.6660080434
1404 54.5308192334
1405 64.8555955663
1406 47.900700001
1407 52.721612973
1408 40.3040947885
1409 49.0143286633
1410 45.6256915781
1411 74.6570192453
1412 57.4838407896
1413 58.7191873405
1414 66.8903450216
1415 57.4911457665
1416 56.0143355036
1417 53.2339023625
1418 59.0743018594
1419 66.1307675208
1420 53.8732695814
1421 50.8370159072
1422 47.1146027197
1423 63.0402279784
1424 60.5323263761
1425 52.9595938187
1426 63.1326411493
1427 52.1169394998
1428 49.8700928296
1429 46.6961480324
1430 62.6581422094
1431 51.4482949984
1432 57.4991210374
1433 60.0386621878
1434 51.2405372254
1435 52.8554844686
1436 55.2249216561
1437 57.0084345284
1438 68.9766797641
1439 56.3487515256
1440 59.118401749
1441 29.402380454
1442 58.1781136428
1443 45.7268242194
1444 53.2548791683
1445 51.6137695602
1446 46.4681858687
1447 56.2207637982
1448 61.6832868835
1449 52.4527730515
1450 56.311361667
1451 52.5550748921
1452 55.7172394452
1453 56.1306831473
1454 46.6361641772
1455 41.6194273035
1456 51.948258972
1457 59.5618146994
1458 51.1546749305
1459 54.9189123528
1460 51.8516746393
1461 52.9344387923
1462 46.8973828075
1463 57.0612836103
1464 52.7728568014
1465 49.2651297102
1466 56.2078716871
1467 53.7036538784
1468 39.1644461917
1469 56.7432694626
1470 65.2271531332
1471 53.6402015623
1472 61.6506224342
1473 56.8715789293
1474 44.6190147686
1475 48.8876210288
1476 72.1532459725
1477 65.2482205412
1478 56.3347466993
1479 62.5385330054
1480 52.2645239402
1481 47.0966013456
1482 45.6395395665
1483 52.3033689891
1484 53.3349314988
1485 59.9216622132
1486 46.289399805
1487 53.0975386456
1488 55.6106342211
1489 50.0317693092
1490 55.0392075587
1491 54.397091862
1492 51.3006643239
1493 76.0382884676
1494 49.9290101584
1495 46.9195749174
1496 49.9068217524
1497 49.4536012974
1498 50.840446162
1499 60.4189490255
1500 50.4521451247
1501 54.8755495535
1502 54.8965858996
1503 47.079743683
1504 49.6638133524
1505 42.0765832102
1506 51.1940437967
1507 50.9495590275
1508 59.6888694107
1509 49.78594414
1510 51.910974774
1511 48.0959633852
1512 51.3347324967
1513 48.233961258
1514 48.3286462971
1515 69.3826060114
1516 46.0234353157
1517 61.0870160938
1518 45.631308363
1519 55.5633145826
1520 48.2163427599
1521 50.156116839
1522 52.2512332802
1523 47.9327974868
1524 49.3493369188
1525 47.0590754878
1526 54.1063417896
1527 75.6787666311
1528 52.3358044249
1529 56.0880250839
1530 54.3915422338
1531 49.1988487973
1532 49.8083684449
1533 47.5161426332
1534 51.3707199799
1535 52.8903915749
1536 49.5528335171
1537 68.7092756248
1538 50.9133357918
1539 80.1938708116
1540 50.7992231512
1541 57.3517335099
1542 48.8919194062
1543 48.064804269
1544 51.3972351567
1545 49.0281221069
1546 59.084730109
1547 63.0878737377
1548 50.6051218256
1549 42.1794156306
1550 51.2379477315
1551 49.5053499249
1552 49.8921001526
1553 41.7554194903
1554 56.5326028227
1555 55.1410262602
1556 65.4769470868
1557 67.979922739
1558 61.7437579729
1559 47.862901594
1560 58.8590912545
1561 47.8042458714
1562 55.0111429631
1563 56.188366006
1564 54.2647872097
1565 62.3484228219
1566 55.9701361267
1567 61.3575069978
1568 54.4399829632
1569 52.3067909138
1570 42.6710942108
1571 75.6647738897
1572 62.064216241
1573 59.4315650969
1574 55.1694736432
1575 51.83356255
1576 42.7435035132
1577 51.7846702435
1578 55.27344941
1579 52.9779575168
1580 73.4537509845
1581 54.9412958218
1582 21.6913867322
1583 60.3443593852
1584 54.0918994214
1585 69.7891371426
1586 58.3665408139
1587 57.4000428587
1588 56.2217305454
1589 54.7483356234
1590 59.3089196821
1591 58.7728604227
1592 52.5788451783
1593 53.2040085301
1594 50.5216963769
1595 47.7432915751
1596 58.7362676258
1597 39.8919665762
1598 55.5046486395
1599 42.8895217391
1600 54.4256929009
1601 54.152813487
1602 57.9349438995
1603 53.720302347
1604 58.5125042979
1605 56.3742551649
1606 46.5612757564
1607 54.4431953838
1608 54.4813259474
1609 52.9916268018
1610 54.9660460308
1611 59.4483057189
1612 62.9413042237
1613 56.7835265984
1614 48.3514658826
1615 54.8117254622
1616 43.4505966825
1617 52.2015762462
1618 68.1507231913
1619 54.509405405
1620 60.6643492931
1621 42.4175656329
1622 59.3626540831
1623 50.3674508376
1624 51.0605817076
1625 61.2271893979
1626 51.5954586885
1627 58.8175225229
1628 59.6490569253
1629 58.3334636013
1630 49.5107746264
1631 64.934374104
1632 55.9336466747
1633 55.4816053743
1634 52.9035219827
1635 46.8147494615
1636 40.5060019712
1637 57.4519718442
1638 43.4571889518
1639 50.1486469537
1640 46.4283074753
1641 54.1261038929
1642 55.9028898635
1643 59.7326236197
1644 56.8030927889
1645 53.7678518599
1646 61.5154327082
1647 51.1845484556
1648 46.9830829877
1649 56.1471361535
1650 52.7756819561
1651 55.151372469
1652 53.6027800457
1653 49.5604221441
1654 60.0387498505
1655 55.3154962285
1656 52.5656723291
1657 78.7450570184
1658 61.7295630583
1659 51.7694940728
1660 51.1942093116
1661 60.8889213771
1662 61.396356858
1663 58.8364856132
1664 54.4131870559
1665 53.181825159
1666 65.4576248467
1667 50.4378341688
1668 43.0737510228
1669 46.1745112482
1670 54.4761628581
1671 60.7628841956
1672 52.5455683323
1673 49.2963782592
1674 63.3543656812
1675 61.2648977284
1676 56.4788649133
1677 43.422245906
1678 50.4205791144
1679 49.0952958627
1680 53.9587744703
1681 55.5478167149
1682 82.4424988537
1683 74.8219789208
1684 75.5859917924
1685 71.2612783421
1686 64.4137307734
1687 65.1421363109
1688 69.6700033501
1689 68.6648458951
1690 80.0911520637
1691 70.6962311364
1692 57.3032265482
1693 48.6475688082
1694 63.0077604362
1695 84.4593409637
1696 68.4901756382
1697 68.8106380996
1698 66.3203644799
1699 79.3959081637
1700 72.7474332962
1701 88.5082349509
1702 72.6513529351
1703 86.8297124073
1704 78.4927322384
1705 74.700707238
1706 79.9952360861
1707 67.9362515086
1708 70.0477028367
1709 74.4076141867
1710 70.5290604651
1711 74.1175673681
1712 77.3133825956
1713 80.043233137
1714 67.9859592178
1715 73.2571686404
1716 64.0107873682
1717 63.2708046863
1718 88.1665969111
1719 70.8681273711
1720 70.2883223793
1721 89.4851651184
1722 76.8633099263
1723 75.6334938202
1724 61.9579597088
1725 72.7938249659
1726 52.0639836722
1727 70.932100689
1728 80.0092923392
1729 66.001706381
1730 73.162543512
1731 67.1566867811
1732 77.8531396905
1733 79.4755617678
1734 66.0860434025
1735 73.331558411
1736 86.5556470632
1737 86.5422045303
1738 75.1078460172
1739 75.9022438793
1740 69.5891525956
1741 80.9746619152
1742 82.2053603189
1743 50.3887075937
1744 52.8528687363
1745 51.246306505
1746 59.4927866909
1747 62.9600911292
1748 42.9348746296
1749 63.6858175463
1750 51.2813789338
1751 51.29988259
1752 57.965050085
1753 53.1270035888
1754 55.0321099146
1755 50.9017657313
1756 51.2045522783
1757 54.4670404637
1758 52.9955009162
1759 58.0851578595
1760 55.167808319
1761 56.8106290176
1762 55.0104642143
1763 53.9724792946
1764 73.2068168067
1765 57.5228198368
1766 48.9267540803
1767 56.9883458854
1768 54.6816767522
1769 53.7398522422
1770 55.8631792383
1771 56.3853065556
1772 53.5600162029
1773 65.0374753151
1774 56.8980876721
1775 55.7781346926
1776 52.5727171209
1777 55.5841757224
1778 52.2125856607
1779 47.9964033687
1780 52.7130323936
1781 54.1472337523
1782 53.359457664
1783 52.5551135981
1784 54.9195290906
1785 31.56879466
1786 54.249636439
1787 55.5902331577
1788 73.6667620244
1789 55.6874486497
1790 56.9782096873
1791 57.5110560921
1792 50.6485210155
1793 55.0885256047
1794 56.9311731487
1795 49.2834739523
1796 52.2786538708
1797 59.2372396592
1798 56.3763562038
1799 45.6065701753
1800 47.8982647794
1801 62.1436987096
1802 57.0883005118
1803 49.5510993839
1804 55.8181343395
1805 54.993587278
1806 51.622384107
1807 56.0947048885
1808 60.1125345406
1809 64.4489085201
1810 57.0737200848
1811 63.1558165305
1812 54.0194409685
1813 54.6984400281
1814 64.6123139623
1815 73.5166645434
1816 49.9753315134
1817 42.417138058
1818 50.9177840068
1819 63.7821449663
1820 50.9317580856
1821 55.40856953
1822 64.716105162
1823 52.4012606322
1824 51.7074004895
1825 56.8816201079
1826 48.3654779213
1827 61.8677191284
1828 52.9315193149
1829 50.8249264195
1830 49.9026747106
1831 53.4637144558
1832 51.5289507095
1833 54.4119012532
1834 56.9395498583
1835 76.024064947
1836 55.4751834547
1837 53.2194099714
1838 58.0403245896
1839 63.3582109207
1840 54.4239342823
1841 49.1065734428
1842 55.217648634
1843 54.0207157106
1844 58.4411872259
1845 59.7987301657
1846 60.607979675
1847 57.4528293039
1848 49.7310609509
1849 58.9101018542
1850 58.2276793082
1851 68.7879305002
1852 58.4456157293
1853 60.1918907055
1854 49.9731567156
1855 62.2843581937
1856 54.5787453063
1857 51.7016704695
1858 59.0441171171
1859 56.172829703
1860 51.6050225156
1861 57.2627858123
1862 60.1918208957
1863 58.738991306
1864 54.9954273043
1865 56.8215435463
1866 50.0544380291
1867 62.9794787388
1868 47.7676156192
1869 52.9982592422
1870 58.6846692356
1871 53.1418811631
1872 53.2812701326
1873 63.6786683561
1874 66.5819279989
1875 67.355246124
1876 78.2788902594
1877 82.4636055691
1878 62.6356255661
1879 67.5506524635
1880 75.3238681793
1881 68.715488336
1882 75.687845469
1883 70.0975229155
1884 83.9383830948
1885 66.9792553789
1886 66.1647081914
1887 67.7958320461
1888 62.1835575425
1889 75.7766009748
1890 64.2825270724
1891 67.8557657103
1892 71.8555461363
1893 76.7964834368
1894 62.2765251964
1895 66.6864825759
1896 70.5905487816
1897 58.9653283666
1898 74.230154229
1899 77.3729122278
1900 66.3114409448
1901 74.4271982484
1902 69.003178969
1903 77.8386030588
1904 61.4540768945
1905 62.2886580532
1906 68.2330329983
1907 67.1643984123
1908 66.3937971846
1909 59.3350261802
1910 66.4660154717
1911 61.8293770136
1912 70.1322043238
1913 70.6464472716
1914 92.6777829998
1915 64.5645584752
1916 74.164607032
1917 63.3266678427
1918 71.7547767104
1919 66.9889473029
1920 61.0015921687
1921 64.1259708267
1922 59.889047077
1923 79.4634436302
1924 79.0156159751
1925 63.2877887767
1926 75.9736111528
1927 66.7542973727
1928 66.8367767805
1929 65.7574525657
1930 51.4710043023
1931 67.962549263
1932 60.8588294737
1933 91.0160836331
1934 77.0480334303
1935 69.1625865444
1936 65.974592632
1937 73.1349825297
1938 70.9281414531
1939 71.6261009897
1940 69.4336336021
1941 60.7551634087
1942 66.6960331921
1943 76.3834717336
1944 67.2486263495
1945 80.9811322779
1946 67.3447601216
1947 62.329284204
1948 84.1534981735
1949 85.4155412874
1950 63.6949533392
1951 65.340687418
1952 67.6241000724
1953 65.772715691
1954 82.0788468471
1955 64.4410047525
1956 78.289263791
1957 72.3103412192
1958 62.5888614384
1959 66.3095366389
1960 61.9136026358
1961 60.7258406799
1962 80.1633388875
1963 67.6577069902
1964 56.4622683584
1965 63.2070346289
1966 55.9130195618
1967 58.3183580806
1968 54.4279843064
1969 72.4851304919
1970 55.3705466719
1971 57.7597912004
1972 57.9791555561
1973 57.753297759
1974 67.3359822228
1975 53.1198009958
1976 55.7156728104
1977 44.0061771319
1978 62.099107566
1979 49.78493742
1980 50.4703168164
1981 55.3410883478
1982 54.9622633511
1983 54.3869297296
1984 56.5038831182
1985 51.2366320841
1986 57.8486387254
1987 58.597762289
1988 56.1085197473
1989 55.639876479
1990 57.1289166513
1991 57.7081727737
1992 43.4502125217
1993 61.4347804479
1994 56.8957648119
1995 56.3012300158
1996 65.8502796068
1997 60.7267408303
1998 56.1593548868
1999 53.6773165242
2000 53.9568738555
2001 66.0965607122
2002 58.8062527442
2003 52.0529830274
2004 59.6252940475
2005 58.5706779409
2006 55.1000948732
2007 66.6756842481
2008 61.4950540548
2009 48.9734496559
2010 57.5227970091
2011 56.3152706005
2012 82.9634824633
2013 53.2634819651
2014 53.6421281342
2015 56.4020488901
2016 54.9003325327
2017 56.4937972475
2018 54.5645670226
2019 56.0959313179
2020 58.6246953054
2021 54.6222518193
2022 67.060849627
2023 61.6811543538
2024 59.3885124634
2025 66.6288136015
2026 60.6578119435
2027 60.3756948088
2028 59.7030316551
2029 50.6322197671
2030 59.0446631641
2031 50.8212587163
2032 54.1638578917
2033 54.7951843232
2034 55.8678846847
2035 51.6824898001
2036 60.0806035946
2037 51.8103657619
2038 60.3164430265
2039 59.0444471138
2040 62.9337631905
2041 54.7397327183
2042 54.5024906258
2043 44.7052302189
2044 46.5477908439
2045 54.7601809384
2046 58.6488093812
2047 48.2705431296
2048 58.8805729
2049 49.5784107893
2050 55.525373752
2051 48.8217300737
2052 67.7129590017
2053 55.3975383319
2054 64.9531144335
2055 55.9349483943
2056 72.8166498243
2057 59.3310795638
2058 52.4718562584
2059 56.0044138883
2060 48.5581857075
2061 73.5193982482
2062 52.9627668723
2063 58.0301609895
2064 69.8163423677
2065 58.9563899288
2066 55.1688246297
2067 55.2353234938
2068 52.0153721932
2069 56.7473664794
2070 59.5938794333
2071 63.4952221094
2072 47.3317783404
2073 55.2606097385
2074 63.7934410881
2075 51.3244758111
2076 50.8953192375
2077 52.9476220875
2078 48.3396082623
2079 48.4346438972
2080 52.8505002237
2081 50.3060467638
2082 56.7563352131
2083 54.5654257231
2084 50.8292232396
2085 54.4509422142
2086 53.2853996196
2087 52.7430012939
2088 56.4093309729
2089 52.1172852727
2090 48.3012203579
2091 52.703041665
2092 62.2540387848
2093 51.187470225
2094 66.8886282593
2095 56.603032037
2096 55.3097849525
2097 54.8707419152
2098 28.5749882655
2099 54.7715640261
2100 52.0294480317
2101 57.8390299376
2102 56.8978811781
2103 52.9480726703
2104 51.7707610718
2105 50.2341635378
2106 57.4193859837
2107 56.6750238136
2108 54.3987575435
2109 50.9178523998
2110 64.4878642562
2111 47.3061270472
2112 56.8462184205
2113 49.4341912537
2114 64.7196772165
2115 59.3457897491
2116 59.6066242208
2117 61.6203751531
2118 52.1122471415
2119 51.4391214066
2120 57.0473496035
2121 65.2277928248
2122 59.0911147626
2123 51.1615874785
2124 54.0760545489
2125 61.7968416822
2126 55.082526542
2127 45.5756571116
2128 59.5521019684
2129 49.8014833613
2130 54.8575650862
2131 53.9583308295
2132 49.8795917717
2133 53.3959175954
2134 50.7920097045
2135 59.5235578114
2136 55.5660412939
2137 48.2031020092
2138 60.7664459309
2139 54.9013277597
2140 68.8094580941
2141 52.8257171745
2142 59.0310234832
2143 60.5379868499
2144 61.335344762
2145 61.1819400031
2146 49.4810984525
2147 53.1515960632
2148 76.9509773279
2149 52.1281276772
2150 50.4709007367
2151 53.3917459561
2152 56.4697716611
2153 48.3178536923
2154 45.2690856289
2155 48.5708689636
2156 57.664676406
2157 52.2254489783
2158 58.712907597
2159 66.8826410979
2160 49.0220854913
2161 41.5768306724
2162 52.3193508356
2163 56.5002720213
2164 51.3593983149
2165 50.7808503744
2166 52.7515775998
2167 54.3000430801
2168 48.1153675914
2169 49.8957819138
2170 40.2972842288
2171 57.941854488
2172 52.1366336838
2173 41.3430691401
2174 54.356196944
2175 50.4289383548
2176 46.4858645148
2177 40.0008032894
2178 50.3859601106
2179 50.9435567008
2180 42.955479711
2181 47.2423307051
2182 42.2582388894
2183 44.6056846469
2184 52.7208609632
2185 47.3384422153
2186 42.3504880245
2187 47.4452564959
2188 43.4419618345
2189 47.8950234828
2190 57.238052296
2191 57.6008845961
2192 51.5246692427
2193 45.9242057962
2194 44.8270139657
2195 55.4384806771
2196 52.6007208743
2197 49.5404747758
2198 46.9460467691
2199 39.2547024059
2200 43.7134108854
2201 49.4905981141
2202 53.7116881763
2203 51.4562800818
2204 48.3049706811
2205 52.203502468
2206 50.1925271175
2207 53.5648625776
2208 49.4446483893
2209 52.5030469534
2210 54.2582134166
2211 49.8159368729
2212 40.8038352192
2213 41.1955554177
2214 39.9650967918
2215 39.74606569
2216 38.5828750731
2217 16.5067495433
2218 59.7313567557
2219 47.2467839859
2220 57.2316833453
2221 37.0349191706
2222 48.8012345835
2223 52.4558291254
2224 44.6625445995
2225 53.9811137458
2226 60.650574469
2227 52.3404568322
2228 39.387545354
2229 49.6388254839
2230 56.4379398132
2231 49.0591092255
2232 52.7789269951
2233 55.5310330055
2234 55.5051849056
2235 52.2319909468
2236 53.3709656675
2237 52.1882646468
2238 60.1000998413
2239 50.3627622556
2240 54.5168976409
2241 46.3805981081
2242 53.513716726
2243 54.8932067935
2244 46.4389155272
2245 57.9980681192
2246 66.4152259076
2247 55.8033786514
2248 55.7437372814
2249 58.2702454726
2250 63.1502240621
2251 55.1084988878
2252 58.2620387596
2253 64.8388290885
2254 64.3616881926
2255 66.2076140694
2256 72.6247992826
2257 53.4053076114
2258 56.7097359661
2259 50.760704311
2260 52.7696212147
2261 57.0002830279
2262 50.4055170442
2263 56.6699600861
2264 54.330417508
2265 54.4679110683
2266 62.3803975259
2267 74.6814997035
2268 47.1622759219
2269 48.9953317321
2270 50.8135190153
2271 57.0546017141
2272 70.2360632431
2273 54.8438233001
2274 54.2223378065
2275 65.1314699596
2276 54.5301156183
2277 47.8031284212
2278 48.5619532707
2279 57.3373806982
2280 67.2775506526
2281 66.4775965601
2282 53.0566917899
2283 49.4272004998
2284 51.5008866337
2285 47.7930989723
2286 57.9851455891
2287 52.1796922142
2288 60.9509248385
2289 59.1263030782
2290 69.619035321
2291 59.0334998863
2292 56.1600401405
2293 65.0035420024
2294 71.0552183489
2295 62.5610123186
2296 64.3517474103
2297 59.2556664487
2298 66.7614287295
2299 67.5424518569
2300 75.6434976947
2301 70.6996972829
2302 47.9051391138
2303 58.3867317204
2304 64.3085083265
2305 54.8942742173
2306 66.1883146636
2307 63.7949277557
2308 52.9334438072
2309 58.4868629178
2310 66.9249848115
2311 58.8855124022
2312 58.5447635151
2313 45.846419579
2314 64.3625743459
2315 59.5290773414
2316 52.5894035909
2317 65.0531542397
2318 59.2620216365
2319 69.0292377628
2320 65.6699784166
2321 56.422951175
2322 67.4739364227
2323 65.9724666867
2324 68.4006128487
2325 54.7939506001
2326 70.9649338202
2327 55.9115140421
2328 54.8140975332
2329 58.1335012619
2330 54.9562339022
2331 62.9644200576
2332 63.6033742914
2333 63.0468502622
2334 59.4584759895
2335 57.3417728901
2336 53.4868481046
2337 54.4411956863
2338 75.7418250724
2339 53.7008193187
2340 63.4716997615
2341 70.3469100037
2342 59.5546391942
2343 56.9130603317
2344 65.0862373317
2345 58.1058788225
2346 65.7518679309
2347 66.4011828457
2348 66.7580300993
2349 47.6185376594
2350 58.7544909856
2351 76.965909302
2352 62.0933593887
2353 69.9282922351
2354 43.8284128426
2355 44.5686835342
2356 63.4909337817
2357 48.3969416105
2358 46.9019281076
2359 46.1251864914
2360 48.1749238857
2361 42.6817348955
2362 54.0288154007
2363 54.5189481556
2364 44.5183019499
2365 43.5556146512
2366 44.7708049387
2367 39.681170172
2368 55.858994753
2369 42.1310848831
2370 50.4879514617
2371 48.9870047217
2372 49.1785817059
2373 51.940644727
2374 44.9233107555
2375 51.5369756746
2376 44.6812906587
2377 47.2449779469
2378 41.8969632935
2379 46.4510410226
2380 48.3554974089
2381 41.5261050835
2382 41.2189195163
2383 45.6729058005
2384 46.0897880636
2385 49.7127177715
2386 46.3307681197
2387 55.1475898658
2388 44.7398498708
2389 48.3113545947
2390 56.431684383
2391 45.9877840512
2392 45.0493993092
2393 47.2308022561
2394 61.5431720073
2395 43.4176291082
2396 48.0572126261
2397 42.5701881523
2398 46.9792849899
2399 43.9460663369
2400 52.941895216
2401 48.6527386852
2402 40.5715425323
2403 51.0715321128
2404 52.2342306926
2405 42.2389409756
2406 48.1493147657
2407 50.2429876448
2408 46.7138000657
2409 48.0933300282
2410 44.8796999421
2411 56.2288450584
2412 54.8441129823
2413 42.1917158599
2414 52.1114287946
2415 60.1972475854
2416 59.3416784941
2417 51.954865243
2418 70.6905694899
2419 48.0701000176
2420 48.6873223217
2421 55.0238589144
2422 50.3519020084
2423 48.7573141295
2424 53.0965961452
2425 57.9076914361
2426 48.2426425064
2427 54.6356418057
2428 50.8083876391
2429 60.2094236729
2430 49.0449313844
2431 53.7022795136
2432 48.1461969818
2433 54.2994776656
2434 49.1835130981
2435 53.7233563055
2436 48.6180768324
2437 47.6043765001
2438 53.0573907147
2439 48.2727062069
2440 48.2478031074
2441 54.8930351464
2442 51.7965820751
2443 50.148523151
2444 49.6665038098
2445 46.0563877936
2446 43.838069657
2447 55.829004184
2448 51.3224216419
2449 60.4802351644
2450 56.780125051
2451 49.0360597156
2452 58.7344646082
2453 47.7078496009
2454 55.9484086225
2455 51.0875391555
2456 49.0441063515
2457 48.2774821006
2458 68.4542439734
2459 44.522279602
2460 44.1961974817
2461 47.6993448972
2462 54.3503833112
2463 42.5457576207
2464 52.1241909566
2465 60.8141991268
2466 51.8412006474
2467 52.8010538627
2468 50.1068789773
2469 51.1959956168
2470 49.2284570019
2471 50.6076851705
2472 49.4780320128
2473 58.7401026025
2474 55.2738344554
2475 52.7658861203
2476 50.7266958594
2477 47.7609533561
2478 49.9470696956
