u s
1 56.4208695932
2 67.649260585
3 52.9412139124
4 58.892550045
5 60.8350073575
6 58.2244495603
7 53.0733354312
8 52.1564124669
9 65.2946333086
10 57.5922152571
11 55.2068024332
12 64.4252984378
13 65.8906887392
14 66.2039284964
15 69.1874125158
16 59.6173151934
17 54.0530525076
18 53.3660531697
19 163.694198706
20 53.1230358519
21 59.9328733341
22 59.1931259779
23 64.7217507756
24 59.9219447066
25 63.5042197059
26 71.3427962599
27 63.6669143931
28 57.7365550449
29 51.8325110557
30 69.2009639815
31 61.8962194138
32 76.4161124489
33 57.7668912263
34 67.3745731436
35 56.0255271255
36 63.9621763267
37 72.8578151774
38 59.2867589721
39 49.6083494679
40 61.9619659502
41 62.4586504846
42 57.4217609083
43 57.5134434605
44 60.9236177586
45 71.180718585
46 64.476369981
47 61.3948373745
48 54.5363544185
49 47.5805127986
50 59.2007215869
51 57.8084944121
52 59.2748881667
53 65.0889518942
54 63.982485406
55 153.722141758
56 63.2692518861
57 75.5573260576
58 68.6794632759
59 57.4523844718
60 60.2008360764
61 62.174201187
62 85.3767748676
63 58.9611810133
64 67.3516821069
65 80.0542996655
66 41.6794849003
67 47.4454620298
68 50.8259648842
69 30.9535683912
70 50.0167371107
71 44.9880808876
72 42.4326683822
73 41.3593383033
74 62.4713107992
75 53.5237778167
76 53.2196962363
77 50.1166508423
78 49.7019190446
79 54.7229100283
80 52.787977446
81 40.9211816911
82 50.8284648046
83 41.7274417448
84 51.6930094799
85 55.4659331791
86 46.4707732922
87 48.0769137713
88 46.7418767486
89 54.5955731475
90 45.3907625286
91 51.5258093712
92 51.1203276572
93 61.3319961045
94 67.7505625123
95 52.1497043191
96 42.8048848271
97 51.5015914624
98 63.6822580693
99 42.9806069962
100 50.8647932222
101 49.842288552
102 48.5090170956
103 52.1340891663
104 56.3120059443
105 49.1584750248
106 57.4367361782
107 47.394377519
108 56.1557845479
109 53.7343899407
110 42.0464464523
111 49.7978410007
112 54.2942831554
113 51.2483566312
114 54.9328144289
115 47.2071087804
116 45.5759189103
117 52.8427132517
118 49.1412247829
119 48.6877480175
120 63.2207223915
121 53.4594680858
122 56.6208996048
123 51.6918791752
124 48.9925205189
125 48.4192904182
126 52.6118002863
127 50.6023903214
128 39.8756551432
129 49.5724787486
130 49.3833628225
131 51.0281706597
132 53.1143717011
133 45.7713645816
134 56.1778611292
135 49.4797435213
136 48.9365306981
137 47.9528494029
138 41.858553773
139 44.388865524
140 49.9571736646
141 49.8181163343
142 43.1287961904
143 43.7734120119
144 48.461706846
145 48.9061516988
146 55.0222080897
147 54.3585126573
148 48.0468774295
149 48.9935567862
150 46.9114100303
151 60.83302198
152 46.0635240504
153 44.0927582228
154 50.0403089672
155 62.7205355998
156 49.8201829898
157 46.7883250695
158 42.968380697
159 60.45564486
160 47.4859521613
161 44.2250238195
162 50.3830155671
163 52.0650769279
164 48.243425597
165 47.4178146331
166 44.1120365558
167 55.8728227874
168 44.4075170362
169 65.3738181372
170 45.6983964955
171 49.889644398
172 45.886686995
173 51.1496554524
174 55.0809284287
175 62.737824028
176 55.6937357218
177 44.0572087327
178 44.4454293956
179 46.0077436522
180 44.8605466905
181 50.4012158663
182 45.5046667144
183 48.7771685083
184 46.3408806999
185 47.3656285072
186 54.9615118771
187 47.3352927114
188 48.0857427209
189 54.7397177303
190 50.7944425616
191 48.6809057978
192 51.6418350824
193 54.2826641306
194 44.2984966308
195 44.0260494586
196 53.0516619536
197 51.0309909959
198 59.5993935807
199 57.8850908521
200 52.4161877004
201 54.7084772582
202 52.830205728
203 58.123406695
204 51.857902845
205 55.7328453188
206 51.2177735801
207 55.4452104991
208 52.6263440827
209 56.3457143636
210 54.581782059
211 53.3617273554
212 46.593689487
213 42.3803478537
214 53.1500537206
215 46.5811329802
216 43.8577582492
217 61.5589117893
218 60.9329301677
219 52.3093311378
220 49.6859011635
221 51.2870519304
222 53.174540641
223 57.0946240745
224 51.8328615691
225 65.1565862292
226 59.1228023396
227 61.0693299643
228 51.7895696047
229 43.5439385139
230 53.8986099541
231 60.5443628886
232 50.443664332
233 177.014960609
234 52.1009072597
235 51.8683207353
236 194.154326715
237 60.0036915613
238 52.5261880638
239 55.4999542742
240 46.0367066803
241 62.3184972224
242 56.6679627796
243 57.8269320959
244 50.6500285178
245 56.6048535625
246 52.0903932532
247 59.3654469312
248 48.6055803161
249 53.1944193936
250 62.7683325616
251 52.9118560937
252 53.362896401
253 48.1951589078
254 51.0345674234
255 62.9046384308
256 54.7309193514
257 54.7252202801
258 66.5753545035
259 56.8827859772
260 51.7888231796
261 55.4977989347
262 50.1740804226
263 45.6230700596
264 54.6770636999
265 49.3141644235
266 49.2821708966
267 53.7765508807
268 48.4829337434
269 57.1122629785
270 67.1737596551
271 67.8563717189
272 56.5738054752
273 49.2806308988
274 53.0934964522
275 42.7982229289
276 52.331011384
277 72.6979233027
278 64.5670317928
279 57.078739943
280 52.1715402946
281 57.8734058819
282 51.5947889026
283 47.5908116315
284 54.5688204462
285 48.1437586385
286 51.1342269818
287 58.0304384569
288 53.5941110448
289 52.3848878474
290 59.9070667645
291 54.9263953999
292 48.8187951276
293 52.8590736988
294 57.561798466
295 46.4621011223
296 50.7607718159
297 50.6504487069
298 53.4475101971
299 51.2325331874
300 52.8512528901
301 48.9389569488
302 49.6842930138
303 52.3063771008
304 47.4214891646
305 40.7050199818
306 56.2136155061
307 51.4647890539
308 49.2275170786
309 48.0243762051
310 52.6944611137
311 58.4153838189
312 49.4135132013
313 44.8578396446
314 47.8879229876
315 62.5051007799
316 67.730084595
317 48.9163603689
318 58.891124214
319 54.3165393002
320 48.9806131003
321 54.6722803913
322 52.0810009364
323 61.4999627626
324 55.7173965355
325 50.0694330262
326 49.4336345565
327 47.0373731826
328 52.8414103782
329 49.0773844013
330 54.1282895277
331 59.5488958802
332 58.2569876911
333 56.4929869226
334 52.5683944892
335 48.1356511305
336 46.1326723159
337 47.4993132744
338 50.311974209
339 60.0155458484
340 56.4934069908
341 50.3526047329
342 49.4968282266
343 42.0959263915
344 50.7424250853
345 67.4191901657
346 47.4398435154
347 51.3072723727
348 64.0152184793
349 49.3566859626
350 55.9987820124
351 56.5477836813
352 50.2234777577
353 42.2762137856
354 43.1391213605
355 48.5207254466
356 54.3172556451
357 46.6533638034
358 65.9995354299
359 54.9458858296
360 50.2714666759
361 51.4058305929
362 52.9667045583
363 46.8757391389
364 51.3071781268
365 48.4594738494
366 49.5273909471
367 52.0943939076
368 56.330010914
369 51.8195611679
370 55.8903514257
371 48.8465929095
372 59.5801882525
373 52.2699034495
374 49.2533281827
375 48.648237088
376 57.5842582877
377 45.3153222909
378 53.0755005423
379 48.6983258113
380 54.8045876437
381 50.6600843862
382 52.3692593893
383 49.9929938943
384 49.001717804
385 51.1357252842
386 49.9054249346
387 46.5541609707
388 57.0098374907
389 34.2392938708
390 48.4698111296
391 48.1163852878
392 54.1716133413
393 50.5036386914
394 42.6473331417
395 50.3790202665
396 42.5957479553
397 54.3454996908
398 52.2036229211
399 43.1770661222
400 38.2090487663
401 49.4455777767
402 46.2891578015
403 53.793706689
404 45.2138335992
405 54.8515766589
406 66.9281302875
407 57.8282409609
408 50.114802525
409 47.1109095262
410 42.301767622
411 57.796756953
412 54.1981599242
413 49.4528188743
414 42.4621912323
415 46.4995933791
416 49.4834313661
417 49.0847125245
418 42.0840580941
419 47.9346576867
420 46.9881791599
421 42.7312289611
422 55.3272595415
423 46.9468432565
424 43.4930349397
425 28.0210234107
426 48.3010423263
427 48.8112931272
428 49.7992172242
429 46.5371241494
430 60.6574367766
431 48.969280409
432 50.8619012876
433 40.9313248392
434 53.8998946228
435 47.0935366776
436 58.4118228702
437 40.2429417071
438 46.0685809627
439 47.7182041246
440 57.9367805302
441 56.0459361218
442 49.1669358971
443 51.3754446101
444 47.827946852
445 48.5148494869
446 51.9946644409
447 47.8164326687
448 51.1476125222
449 58.6869450817
450 58.7594953229
451 42.5820095882
452 46.5616434612
453 43.2624202082
454 50.3408465797
455 50.1512578117
456 43.4309841863
457 52.6156259248
458 49.1468585373
459 50.5822089303
460 50.2834197551
461 58.9646766749
462 53.7058576624
463 45.5854437569
464 47.0260671893
465 49.3903630917
466 44.1570151393
467 47.0082811157
468 57.3498195702
469 46.2166495347
470 46.9302330336
471 59.4387957625
472 49.7447231546
473 48.0825312613
474 55.5164396647
475 47.6736500937
476 52.3339702795
477 52.489755915
478 46.5033844094
479 65.5667564948
480 52.6790745832
481 53.9860183719
482 49.5389618207
483 48.2665599743
484 56.6591292457
485 48.3518350263
486 48.5618800773
487 48.841961459
488 50.6377955876
489 51.7124063069
490 40.9902383146
491 38.1140272498
492 49.2845808856
493 42.4240593727
494 51.523980713
495 57.8573899571
496 51.4043219321
497 65.6094945415
498 48.3403686244
499 53.080850146
500 43.8322511516
501 52.2539949879
502 58.5962780893
503 48.0826373364
504 41.9009953779
505 56.0977967132
506 50.5435351805
507 47.2205401423
508 46.7117246441
509 46.7879586327
510 43.3722213119
511 60.9019675673
512 49.6265948759
513 47.307858815
514 46.4637152031
515 58.462921493
516 56.9443863864
517 56.852513302
518 54.3610563758
519 49.5074620188
520 59.3540077617
521 61.6866127122
522 68.5690266639
523 62.2164900495
524 72.6796218887
525 59.7673070214
526 54.1417848549
527 56.5422275628
528 50.5590417018
529 64.5650404296
530 58.9001618581
531 58.8822858225
532 65.671180521
533 51.8763814612
534 58.3440060363
535 64.7353172644
536 55.0413763099
537 51.0799847371
538 50.2248398635
539 56.0852205217
540 64.2172558154
541 57.9916947566
542 61.6960613343
543 58.5552001287
544 66.3038791216
545 29.635281576
546 59.4974483688
547 57.5432753284
548 45.0265196033
549 50.2796009824
550 53.8644806871
551 51.8632246635
552 78.3069395769
553 56.858849398
554 51.1315489191
555 54.0044850044
556 58.2889908689
557 57.7759381219
558 59.782615275
559 59.2326699824
560 54.7985438117
561 49.7625287455
562 48.1266404392
563 49.1102820182
564 55.7937252373
565 58.1216180321
566 59.9816632009
567 61.0951591915
568 67.8866620604
569 48.0740208625
570 50.0736126391
571 57.2472421135
572 68.40708474
573 54.9118361288
574 55.8823255489
575 55.3933577448
576 55.3566396768
577 59.6117998667
578 56.308248507
579 54.1005601005
580 68.7604712308
581 51.4702698076
582 45.4836735396
583 70.0383656295
584 58.2311173239
585 59.5198587346
586 42.6712730792
587 42.9121728974
588 51.7462719746
589 47.6300369732
590 48.4735936212
591 49.1315732326
592 52.462756401
593 49.3595122014
594 46.1953766233
595 47.3787765338
596 46.2051591418
597 54.6584603298
598 52.5466200157
599 43.7641741685
600 52.0127194231
601 53.3466071299
602 68.375504673
603 47.1337608207
604 52.5865352568
605 48.0618505456
606 55.1086889518
607 55.50773433
608 47.0970009015
609 54.5489507707
610 46.3309282232
611 45.2206401153
612 68.7653767391
613 51.7631241262
614 47.0029858574
615 48.5795763435
616 49.3182785414
617 52.1662645273
618 46.371061686
619 34.0620934723
620 44.6245320545
621 45.8902647697
622 45.696200718
623 64.0152590667
624 45.8205336588
625 42.3089555278
626 45.310526857
627 46.7586322526
628 42.5722948131
629 48.1264192616
630 41.652035624
631 53.7564866223
632 46.2665322106
633 57.4479219444
634 45.9849806381
635 51.2247630086
636 48.3222517337
637 55.3282357728
638 42.9572560232
639 45.8566215458
640 49.7923861659
641 41.1170330922
642 54.498700951
643 55.4637181846
644 52.1001011494
645 45.8275404977
646 46.2231916838
647 43.8729726747
648 49.7606952748
649 46.043801096
650 64.8092447929
651 47.4546737704
652 58.8315076279
653 58.3697160475
654 59.0216066376
655 57.7379461237
656 64.8516443468
657 52.784618009
658 52.6090140299
659 57.3445149722
660 66.8396275321
661 60.763088613
662 58.5766189283
663 62.2835408807
664 60.9348100926
665 51.7564143706
666 54.6867161293
667 54.1022696922
668 51.1281085312
669 53.187978338
670 49.3949263766
671 51.8620122505
672 57.6639378746
673 59.7835237527
674 54.1714913317
675 57.7401402625
676 58.2432850872
677 69.7536705501
678 54.0102884383
679 47.1112394512
680 60.5795075748
681 58.5897965868
682 55.6896339041
683 59.1408363547
684 68.0149724627
685 55.3936204292
686 62.6641254439
687 61.5524367433
688 53.5382496889
689 55.7846482044
690 36.8401764763
691 50.4081657758
692 54.6892327426
693 77.4247607799
694 59.4005467984
695 53.55516514
696 59.9238478071
697 55.0135741086
698 65.0559986951
699 56.3750854695
700 53.2162520202
701 53.395747058
702 62.503984756
703 57.9415132573
704 58.5376054427
705 57.9076416902
706 67.1050232028
707 53.8665028238
708 66.5205717024
709 57.2413913218
710 52.5463372255
711 52.3368856606
712 57.2457649242
713 59.3604652311
714 47.5892921757
715 55.5443370548
716 59.5053116645
717 51.794413987
718 57.6830495693
719 53.2966712824
720 47.4980381173
721 49.3808638074
722 50.9619111747
723 53.7576210904
724 63.5135500552
725 51.1038790165
726 64.5719436978
727 55.6818633111
728 51.0289449135
729 52.0722082428
730 49.8813174569
731 62.9504909636
732 50.1016204707
733 58.6378882243
734 44.1456193741
735 49.0178383638
736 52.3341710968
737 50.2572921424
738 56.2215356496
739 51.2822782634
740 58.1654267564
741 54.0933135758
742 50.0984155498
743 49.2486600391
744 49.5780946096
745 50.1136890776
746 74.4159333379
747 61.9767280487
748 50.6142351293
749 52.1377845122
750 53.9687616894
751 58.2973994113
752 56.6483455219
753 63.0665811642
754 58.9527479981
755 56.1344587594
756 53.5604396156
757 63.1715481987
758 51.7230323397
759 50.3997968133
760 56.0568940865
761 56.2805690634
762 50.4263403764
763 52.8413720496
764 52.2687559434
765 58.4285448863
766 52.7951911955
767 53.5871810064
768 52.1238895815
769 50.8566790723
770 47.2119391554
771 51.9675239002
772 54.0751799704
773 57.0542773273
774 51.8294697198
775 55.6258885041
776 56.7643801744
777 53.1103703187
778 48.1176747865
779 48.4976882235
780 65.6448762491
781 41.8687101008
782 61.1734807552
783 63.8237287426
784 72.0894527488
785 59.8063032076
786 70.2134713376
787 50.0781958343
788 66.9220096569
789 60.7608328045
790 69.9758844334
791 60.1054881098
792 65.8295842803
793 52.1637901149
794 59.3991285551
795 59.714169963
796 59.4095086786
797 57.7277967697
798 62.2517420428
799 59.8895506841
800 60.7541084435
801 46.0111612714
802 55.5945027756
803 65.2973934458
804 66.4913896448
805 45.249511243
806 51.6341449339
807 58.2316352748
808 66.1581741724
809 48.8420440712
810 56.0559913232
811 62.1770084562
812 66.7806987942
813 58.3068742692
814 50.3442936479
815 57.4743766992
816 41.2019392891
817 62.6519489944
818 72.6115076614
819 61.4222478702
820 59.5548970576
821 49.9250900376
822 56.875383883
823 63.6924728515
824 49.5379786881
825 58.8971536258
826 46.0651681298
827 54.4514560917
828 56.7817985651
829 68.8745301519
830 64.6954809277
831 67.465394851
832 59.8089060608
833 57.9035027054
834 64.5619644614
835 61.3386884944
836 59.7903684065
837 68.8785258273
838 57.0810243381
839 54.9809629964
840 62.3346797815
841 65.9740190398
842 61.5464770562
843 63.4758050709
844 71.2673600896
845 51.7232453682
846 60.0132777276
847 63.3657439244
848 57.8336520202
849 56.3684178397
850 52.8872425613
851 60.6757187479
852 57.5888095067
853 55.7978206856
854 67.8711595653
855 61.8707016585
856 60.9231719446
857 54.840865638
858 55.3396367646
859 62.8592505767
860 52.7836695563
861 49.7948191002
862 56.9178933389
863 59.6727765616
864 51.1293174359
865 66.6161866716
866 52.1109297475
867 59.9458840122
868 60.8030400806
869 52.5661199602
870 51.2379553417
871 56.8864154835
872 49.2394922543
873 55.1163002658
874 53.6519751936
875 51.7345465977
876 52.9255371185
877 55.1095854826
878 54.2786338718
879 52.9920648124
880 67.1815552956
881 49.1518884899
882 54.9793748108
883 55.1038118549
884 57.7505590319
885 56.3803124424
886 59.1280190954
887 56.5480487778
888 48.3185406197
889 53.7960057543
890 56.214133979
891 53.5554303132
892 75.0845253152
893 54.8696959146
894 54.4702022135
895 48.0693185491
896 55.6196300501
897 43.7659798186
898 56.2341577494
899 54.4649121913
900 61.1772436474
901 53.7606916015
902 55.4372674977
903 57.7051106399
904 58.8895204867
905 57.6127703399
906 55.2222253658
907 58.2670213866
908 57.2924875269
909 49.366956325
910 51.363022217
911 52.8975201841
912 70.5343794258
913 53.368783408
914 52.2351374182
915 50.2805564973
916 52.2087276981
917 48.2783746407
918 48.6886324091
919 51.8458576471
920 53.3242092416
921 52.1708067326
922 57.0807039214
923 53.0153606268
924 60.1336091497
925 60.0846846673
926 59.2446147432
927 52.1465525666
928 61.2716780093
929 50.2328540254
930 50.8352928497
931 46.5688640028
932 51.8357606174
933 49.7772077848
934 50.3245987636
935 58.9602322251
936 57.6972386153
937 56.0557062341
938 59.0191643347
939 55.523178627
940 54.8555251631
941 50.1363388867
942 57.3762796058
943 56.4918302342
944 52.3553524339
945 54.3464092701
946 48.6596778557
947 50.6001789431
948 56.6854634611
949 61.9133976258
950 58.586412907
951 52.6849724742
952 58.3881019013
953 51.2653315613
954 48.3845062257
955 54.3583091509
956 50.1693815416
957 55.922824721
958 52.7321055218
959 50.1109583574
960 56.2303945748
961 53.6639043576
962 56.5613866324
963 49.8031010823
964 49.2442737431
965 49.8251454879
966 51.9606441692
967 51.0569323128
968 48.9996306555
969 53.8080764161
970 59.5588005557
971 48.0066338638
972 52.1784491832
973 53.2090756724
974 50.6096577377
975 59.4920014612
976 62.6535857261
977 61.0141306846
978 49.8655625997
979 50.3296628518
980 55.8815747326
981 51.8730729061
982 56.282859679
983 52.2509520061
984 58.5716328229
985 48.3130112304
986 54.1048739688
987 49.78009484
988 49.319415235
989 60.4236387231
990 54.0605404005
991 60.3020595165
992 50.6127412623
993 46.4241030016
994 53.9075274796
995 53.6623914237
996 62.65951374
997 61.2469724376
998 57.6783867774
999 49.7712643366
1000 49.9896494726
1001 47.8030932182
1002 46.8190051442
1003 50.6983353367
1004 57.8089313855
1005 59.9089901043
1006 50.8811965121
1007 56.4692553186
1008 58.9832822978
1009 49.2929820111
1010 33.4594387291
1011 49.2181559826
1012 55.2366328028
1013 49.9948677613
1014 48.3772267048
1015 52.1592156909
1016 54.2615509521
1017 51.6143413019
1018 53.1019974025
1019 49.9236093695
1020 59.914498337
1021 53.1534017776
1022 54.6418292464
1023 48.3997849946
1024 57.0005276898
1025 48.6535237872
1026 53.4012145175
1027 50.2954004744
1028 55.1918082216
1029 51.3982769955
1030 53.2869653917
1031 52.8668874263
1032 46.0672001107
1033 53.2982689204
1034 48.8806396197
1035 54.3990462648
1036 44.6228713645
1037 47.9556262646
1038 46.8848405436
1039 47.6497676141
1040 46.9666712958
1041 60.2052625419
1042 47.7741679378
1043 53.4232168112
1044 47.507097206
1045 42.5375505827
1046 54.9181878047
1047 46.8147214122
1048 51.1168486269
1049 46.73383981
1050 41.2485003814
1051 50.0078603936
1052 61.9265488419
1053 44.6515761271
1054 55.7176395696
1055 51.5411881345
1056 47.8429910626
1057 47.9856112424
1058 46.8701871989
1059 49.0508062788
1060 52.5659600441
1061 51.718710811
1062 55.3968545234
1063 50.6342922692
1064 52.6962393099
1065 48.966240219
1066 48.3073437744
1067 50.6977565963
1068 64.0082669304
1069 58.5910479897
1070 46.238772682
1071 45.5501101894
1072 52.7783342232
1073 46.915693532
1074 48.396781617
1075 47.2412672507
1076 46.6537179987
1077 50.2102834241
1078 46.7581586814
1079 60.6065374253
1080 58.9123679604
1081 52.3886700124
1082 47.1193247568
1083 60.048953729
1084 53.1889354489
1085 46.7879133469
1086 44.298309272
1087 44.6260272044
1088 47.1537231706
1089 44.74351347
1090 51.2513007121
1091 46.1412445604
1092 50.7552479402
1093 48.9928312058
1094 45.4945245721
1095 46.7061252023
1096 46.3151891151
1097 46.7660379616
1098 55.7412287705
1099 45.4592164079
1100 48.3868092418
1101 45.0891280112
1102 44.3577871529
1103 46.5947719115
1104 46.1531440568
1105 46.2048410851
1106 47.5678887403
1107 45.4203493643
1108 55.7025482184
1109 47.2112887348
1110 46.1477267421
1111 46.1710794081
1112 46.9391603513
1113 46.921263739
1114 47.0257992333
1115 45.746373206
1116 57.9191276044
1117 53.9699266823
1118 43.1019353324
1119 44.7590878064
1120 44.9452029019
1121 43.782670564
1122 46.8005765194
1123 47.4925875444
1124 46.7831758114
1125 47.000962299
1126 53.5445497833
1127 49.4801389866
1128 65.6209864169
1129 47.812388612
1130 53.4981684922
1131 46.8137550024
1132 52.8953056068
1133 44.0598572461
1134 47.8799813011
1135 51.2754785968
1136 46.525619593
1137 49.8828753242
1138 45.8951626141
1139 45.2107020959
1140 49.5779729355
1141 45.0775682887
1142 66.7518861965
1143 54.2144610592
1144 49.2170656519
1145 48.8444186627
1146 46.5455318204
1147 55.8311373591
1148 45.8185683003
1149 43.5556299384
1150 48.6122565286
1151 47.7734741436
1152 46.9682871426
1153 48.1086617868
1154 44.9473849067
1155 45.971936642
1156 44.8448311903
1157 51.4378149081
1158 51.3128897432
1159 51.4282273467
1160 67.7742046349
1161 46.0603189191
1162 55.8561541263
1163 54.0168210308
1164 45.499707249
1165 46.9389829092
1166 49.9779580976
1167 49.2232694007
1168 53.7823218828
1169 57.2894093482
1170 56.1855458839
1171 52.7525215023
1172 52.0826729668
1173 48.6230335405
1174 53.6934969552
1175 50.0577580397
1176 52.2630797886
1177 51.5287742093
1178 45.3284508583
1179 64.6921391214
1180 54.6524291009
1181 59.0271311463
1182 49.9811307893
1183 48.9190576056
1184 48.3594020097
1185 48.4133184207
1186 57.1306929883
1187 48.9707765984
1188 49.3690601953
1189 53.9855013293
1190 49.3560705105
1191 58.5129480738
1192 49.1224452077
1193 50.2339154732
1194 47.4532582204
1195 53.0601284735
1196 47.7447479123
1197 48.9543909668
1198 45.9334683562
1199 54.581501866
1200 69.733500907
1201 59.5900234589
1202 44.456667206
1203 47.7309910699
1204 49.8192117633
1205 62.7789341903
1206 47.7846240334
1207 49.6192913076
1208 44.3265802482
1209 61.5411101972
1210 54.7664149164
1211 53.1242893801
1212 48.0566784989
1213 61.4426498142
1214 50.6507904131
1215 62.5283164192
1216 49.2492715472
1217 66.7671915874
1218 48.3848636719
1219 65.9630309334
1220 51.6093939851
1221 49.5883459857
1222 48.2001719064
1223 47.08005531
1224 59.0652185962
1225 47.4612074173
1226 48.9873156795
1227 54.2662623468
1228 65.7187577395
1229 52.6149470083
1230 56.3299249689
1231 54.6666109007
1232 52.7396168728
1233 49.8748765417
1234 50.4956883055
1235 52.5220384469
1236 50.467605706
1237 49.5955967526
1238 58.0301775819
1239 46.2543188228
1240 57.5283092179
1241 51.1979121975
1242 49.8881854609
1243 51.2739215437
1244 45.6748674361
1245 53.0599692069
1246 48.2700462559
1247 44.1129823011
1248 49.2112187453
1249 54.7814201508
1250 48.5472846348
1251 51.5857519044
1252 51.3665973437
1253 47.2597677947
1254 47.4697091833
1255 54.9206350773
1256 44.2138559354
1257 47.3714176096
1258 52.6661042354
1259 53.3340671316
1260 45.8163050735
1261 56.5487185882
1262 46.3139402732
1263 46.2093501846
1264 54.0890481519
1265 49.677022342
1266 41.354223279
1267 48.2190084944
1268 48.4362862376
1269 62.5873062636
1270 55.6589215177
1271 59.0718714618
1272 59.7633367174
1273 45.8812646052
1274 45.63724648
1275 51.2506051244
1276 54.1878561984
1277 53.528513161
1278 45.6498741327
1279 49.9553164087
1280 48.494040413
1281 65.7778308488
1282 48.3745892226
1283 42.2280622973
1284 54.8548091319
1285 53.3367963349
1286 40.363394637
1287 47.945321247
1288 49.389316674
1289 51.7177160911
1290 46.952376885
1291 69.0564691385
1292 54.7263833609
1293 57.3831847579
1294 46.6763182209
1295 49.8576342966
1296 53.1358201462
1297 51.1034939022
1298 59.4882086027
1299 51.7085957467
1300 44.9510139998
1301 52.3493697764
1302 45.5760890253
1303 66.6874157069
1304 45.9379245715
1305 50.0844723177
1306 45.1318012477
1307 59.9834248127
1308 47.749229385
1309 43.9561955862
1310 54.5459542766
1311 44.8387985428
1312 47.9722510532
1313 52.1558422377
1314 61.4064914202
1315 51.6096647655
1316 51.5834575649
1317 53.6480052781
1318 47.5603210887
1319 67.283435469
1320 46.4981908283
1321 46.6214566352
1322 45.7607775398
1323 44.8685740709
1324 45.4543940609
1325 46.174406776
1326 55.1037039195
1327 49.46980816
1328 46.4521767773
1329 47.3793896084
1330 47.6211411189
1331 66.6884422584
1332 43.5180225805
1333 39.1409563091
1334 48.1781730775
1335 53.8723246724
1336 46.1667693963
1337 59.4960882123
1338 45.899273796
1339 46.8370768112
1340 51.3818174418
1341 46.1156870869
1342 45.0299192793
1343 47.2746216349
1344 49.2700614963
1345 45.3329399042
1346 56.1155929452
1347 47.505847809
1348 47.6866619083
1349 49.9017733427
1350 42.2482684876
1351 51.4357604329
1352 48.4895936703
1353 46.6891915681
1354 67.0980029502
1355 46.8229727841
1356 54.1838877587
1357 52.7450008106
1358 55.7004919146
1359 57.3897823703
1360 49.5342001429
1361 49.3932249972
1362 41.5438242669
1363 54.2882661482
1364 47.3498083402
1365 51.4721892464
1366 49.3005323704
1367 49.7564765311
1368 56.5868649382
1369 42.2082742091
1370 55.8957155364
1371 47.8476646353
1372 48.5832066157
1373 66.2317536968
1374 48.782258131
1375 46.9721035086
1376 29.6273321798
1377 47.4239265814
1378 47.5971829131
1379 49.2849741583
1380 48.1563345143
1381 55.2263591483
1382 47.3683200667
1383 47.3385208413
1384 45.2661827564
1385 48.5921349992
1386 48.7402890981
1387 45.5642066031
1388 51.6161865574
1389 52.7404786007
1390 44.081010508
1391 47.4395726447
1392 46.8781599782
1393 42.2272884607
1394 55.2429047682
1395 47.2132868141
1396 48.6513410128
1397 44.2231573221
1398 48.1489295897
1399 40.3880371055
1400 51.5170221894
1401 49.7380035816
1402 50.532527598
1403 43.5888412787
1404 50.1179762107
1405 55.1580936174
1406 47.632614522
1407 48.4957233378
1408 53.6900431585
1409 53.3762188228
1410 42.7484058069
1411 54.2281660385
1412 51.3907285851
1413 48.143645429
1414 48.0342952774
1415 43.6017382034
1416 55.550863759
1417 41.4612535583
1418 47.4368965182
1419 49.3328896803
1420 46.5217165883
1421 43.3991257621
1422 62.5522678988
1423 50.8554865096
1424 45.0225061789
1425 46.8227009542
1426 48.8764689343
1427 62.5929250184
1428 46.4718415107
1429 56.3144486079
1430 45.9923687489
1431 44.3378030074
1432 43.6005252294
1433 44.0311364322
1434 48.048164076
1435 44.247934207
1436 47.0340486559
1437 47.5500135346
1438 43.270089582
1439 43.145829407
1440 51.5373424179
1441 57.3702559826
1442 42.8371257349
1443 55.0542827486
1444 38.6621528669
1445 40.3336116575
1446 45.7286673407
1447 45.2260541436
1448 55.2110428983
1449 46.5358122542
1450 63.4299609995
1451 48.3835122035
1452 68.5067658169
1453 52.1426259716
1454 42.1453461849
1455 42.1615915336
1456 51.0485798303
1457 49.4230064869
1458 43.2535414918
1459 46.7422670519
1460 47.1176453044
1461 50.1761754754
1462 75.4412565457
1463 42.2069275618
1464 46.8669405168
1465 56.3920927309
1466 49.5157343542
1467 40.1670970094
1468 47.7363646042
1469 48.7053871281
1470 44.9332314747
1471 44.6706481492
1472 58.1997640517
1473 42.8595672477
1474 67.2893037281
1475 41.1507718454
1476 43.982983923
1477 42.1783603767
1478 42.8639614545
1479 47.0040140768
1480 41.9403358031
1481 47.3411701721
1482 49.5740649555
1483 48.1251821991
1484 42.1327217067
1485 48.1314837493
1486 47.9609343173
1487 46.6956528391
1488 43.6307073156
1489 48.9989591099
1490 52.0988754954
1491 59.6351544948
1492 63.1629714903
1493 59.7901089747
1494 47.8667692368
1495 70.2775173086
1496 52.7131133397
1497 59.4460229306
1498 54.5397581264
1499 48.1829564453
1500 65.7017352095
1501 53.2921406425
1502 59.4458839207
1503 54.2364073275
1504 54.3057310663
1505 45.4696346363
1506 51.4294235322
1507 57.0035879918
1508 50.9492615999
1509 54.5673320357
1510 54.4880653926
1511 43.2750196153
1512 66.2235595116
1513 56.584984488
1514 59.9884541461
1515 68.290370688
1516 54.373343547
1517 21.8479951177
1518 50.3448307467
1519 52.6990541249
1520 61.137648896
1521 65.3281676917
1522 51.4096388606
1523 59.7949291294
1524 54.8501105773
1525 55.3463902896
1526 59.3311004937
1527 55.0897042207
1528 54.3918741247
1529 48.7612463146
1530 56.1910133116
1531 72.2240864843
1532 47.8393535252
1533 56.512902489
1534 48.1800725855
1535 53.3237652722
1536 42.1489351835
1537 59.7252316114
1538 52.6152895345
1539 48.8604097409
1540 64.3193394585
1541 51.6617581688
1542 51.124326459
1543 56.7357848124
1544 65.0288409597
1545 49.4042071116
1546 59.7226649807
1547 57.6554922244
1548 56.9859142209
1549 45.961479291
1550 56.7759837585
1551 57.8147407247
1552 44.8310932669
1553 53.471517142
1554 48.2796447741
1555 48.4462892692
1556 48.5164806138
1557 60.2754079931
1558 45.8135045498
1559 51.0281716299
1560 58.707438234
1561 55.2766891597
1562 52.9700075508
1563 48.3096029854
1564 50.9939847361
1565 53.4865886231
1566 53.8187240496
1567 48.6593151493
1568 46.4867533417
1569 49.4949156861
1570 44.730942541
1571 48.8715605427
1572 47.4910115829
1573 47.8617563517
1574 48.0366872435
1575 47.0850944036
1576 45.5993423178
1577 47.5207100967
1578 50.4554675263
1579 45.2714931761
1580 45.4783150794
1581 46.5856752527
1582 45.4634661834
1583 51.6674902498
1584 47.9343751077
1585 47.6084043431
1586 44.8163057815
1587 45.1567099561
1588 44.2469550006
1589 51.4500177913
1590 47.0377947834
1591 49.06295373
1592 56.0642274931
1593 56.2063413453
1594 46.0411354037
1595 45.905859901
1596 52.7299530769
1597 54.5844562411
1598 63.8490793045
1599 46.5436466866
1600 45.9048490246
1601 58.9015548844
1602 48.1363990031
1603 28.1873613511
1604 42.0698025952
1605 42.5798632488
1606 48.6791739109
1607 46.3528948885
1608 45.6903441639
1609 67.7284650631
1610 52.297475348
1611 49.0838427499
1612 53.646003071
1613 44.3010804692
1614 50.1112612181
1615 49.2509595228
1616 47.1684979382
1617 83.3955534889
1618 76.0022505485
1619 76.6679983762
1620 73.5568066216
1621 66.8616706268
1622 64.2175073878
1623 69.7165707293
1624 71.1242524345
1625 77.7043485968
1626 73.6943330203
1627 56.9639389424
1628 50.8353952922
1629 69.2995728429
1630 85.3149026815
1631 64.5182703457
1632 69.4484326525
1633 73.9834410872
1634 66.1677200338
1635 72.9167391233
1636 80.1724552456
1637 72.5001544243
1638 80.2767517467
1639 79.5245870121
1640 75.8305423643
1641 80.2979506131
1642 68.3813257249
1643 74.4842610974
1644 75.0564562633
1645 75.8329844995
1646 76.8398258816
1647 82.9444099707
1648 74.119707898
1649 69.8723929844
1650 66.8157619222
1651 65.4208389641
1652 69.3794028616
1653 84.4082979912
1654 67.2809896185
1655 72.387155017
1656 85.8513696382
1657 76.3010338269
1658 74.8728491998
1659 70.1609821567
1660 75.7761206823
1661 48.9441132565
1662 71.1169159683
1663 74.5694768547
1664 57.1298365011
1665 71.8324526452
1666 73.544837126
1667 75.659925513
1668 75.8210620652
1669 64.1579217091
1670 75.0166155267
1671 86.6431269461
1672 79.0117751275
1673 74.961199089
1674 81.5479402875
1675 70.7558654805
1676 81.6056316019
1677 81.8306434365
1678 56.4977316502
1679 53.393548941
1680 58.7067533547
1681 60.4372361277
1682 58.7287417413
1683 50.4513928916
1684 63.7178766046
1685 55.4162249128
1686 55.1136881541
1687 54.7547028293
1688 56.6944903048
1689 55.6933746751
1690 52.1841683993
1691 55.7132502391
1692 58.2030525363
1693 58.544742244
1694 57.0179457511
1695 65.0715271095
1696 59.530166216
1697 55.4241833381
1698 57.9865332636
1699 74.0422964359
1700 56.7020985609
1701 52.4564767352
1702 62.2363325307
1703 57.1155535702
1704 56.9665681894
1705 65.818559732
1706 61.1607705271
1707 55.6994245377
1708 63.3518098431
1709 65.0394752457
1710 60.9501221707
1711 56.6695304575
1712 59.4229820174
1713 54.6442293174
1714 52.6966948388
1715 54.4944097281
1716 57.7590020304
1717 54.7886840696
1718 56.281759502
1719 55.8375077181
1720 35.5925119535
1721 57.6063554247
1722 64.0363316647
1723 63.3537921552
1724 56.3279735446
1725 59.9065885369
1726 67.2254049841
1727 53.1833385516
1728 59.9544260992
1729 62.4069119056
1730 56.406718694
1731 52.1212092927
1732 46.1568089789
1733 55.3277428956
1734 60.4251626534
1735 55.5838225534
1736 59.9761560593
1737 60.4652994217
1738 62.9649300307
1739 54.5068427003
1740 54.6646439851
1741 55.0185491291
1742 67.8535126367
1743 48.0015203961
1744 50.2138746494
1745 53.1910189671
1746 51.8525872627
1747 46.3501646942
1748 47.6608675551
1749 55.3144307249
1750 65.9075866073
1751 46.8929425412
1752 44.7913312451
1753 51.4574119378
1754 53.9020882866
1755 48.7489250425
1756 62.0440507558
1757 55.3264978167
1758 56.2431197341
1759 50.3496214876
1760 52.2504166211
1761 42.9548260228
1762 52.7644809283
1763 52.7984895192
1764 49.3615881079
1765 54.6316300842
1766 54.7823235463
1767 56.9152203247
1768 52.1825253448
1769 55.4061824651
1770 54.9521444793
1771 46.5729000276
1772 49.1076574418
1773 51.8217405987
1774 54.2824945832
1775 52.9861819013
1776 50.4755529517
1777 49.258005531
1778 52.5785287018
1779 52.4464854376
1780 54.6278564575
1781 65.8191425629
1782 48.661021896
1783 49.0238998836
1784 41.015850611
1785 50.541237955
1786 54.728966702
1787 53.0208973577
1788 56.2201591158
1789 50.4243395291
1790 50.2930096469
1791 53.159381437
1792 47.1801037909
1793 54.5475401332
1794 59.5113518145
1795 57.9354984176
1796 44.9923376759
1797 51.3058092047
1798 55.8654126623
1799 51.8221050606
1800 47.5632322135
1801 46.9804829846
1802 53.9981439163
1803 44.7540295941
1804 52.3061198159
1805 57.571529873
1806 52.5948535922
1807 47.042385043
1808 66.3107800452
1809 72.5252987167
1810 71.1084380918
1811 79.3281610676
1812 88.1143326535
1813 59.2706267836
1814 65.5386232746
1815 78.3130836447
1816 75.0100164144
1817 77.1337429381
1818 73.1068771946
1819 87.2779032897
1820 65.5932368435
1821 68.2401653637
1822 68.8224834759
1823 64.1666661607
1824 76.9425648987
1825 68.2518413467
1826 72.0670574931
1827 68.0752360219
1828 77.6509610131
1829 64.5787009038
1830 71.5200351013
1831 74.1648097435
1832 62.7026105744
1833 78.0824511486
1834 79.2826015385
1835 69.6183742105
1836 78.5868492419
1837 72.766855227
1838 80.431803492
1839 64.8125874857
1840 65.6870254769
1841 76.0620808864
1842 76.1098334432
1843 66.4976031119
1844 63.2612724259
1845 74.2930780874
1846 64.5281309517
1847 72.843048645
1848 76.2284444561
1849 95.9149454331
1850 67.4157898341
1851 74.940252336
1852 65.8099265572
1853 71.2928542789
1854 70.4597268188
1855 62.7828668813
1856 67.8630109089
1857 65.1397821631
1858 83.1389257751
1859 83.3531219901
1860 66.3547297977
1861 77.3241180649
1862 70.2818725931
1863 69.8806510563
1864 67.6556873478
1865 53.5527023455
1866 72.21703053
1867 61.0355791273
1868 92.984167129
1869 78.6047885189
1870 73.1543621905
1871 71.3285250992
1872 74.1049666339
1873 73.8047877514
1874 77.9464682045
1875 73.8933483033
1876 63.9373366897
1877 70.4776044931
1878 80.9491114877
1879 74.2590985464
1880 88.1941779143
1881 69.9505349485
1882 62.5439062949
1883 87.0090804867
1884 88.6254287211
1885 63.2747976881
1886 65.1147279927
1887 71.8908171011
1888 69.7302860584
1889 85.2494926605
1890 69.4578663259
1891 82.2304461856
1892 75.5452340759
1893 65.050096362
1894 68.4150762604
1895 64.1884278765
1896 64.5799508459
1897 85.4585191662
1898 73.0091110859
1899 49.5387868414
1900 58.4706441972
1901 48.3709132344
1902 55.001447434
1903 60.4790022968
1904 51.5408632434
1905 48.6785901569
1906 48.1165542286
1907 54.491983957
1908 49.5654757841
1909 55.3315592256
1910 46.5102523578
1911 49.8916635202
1912 37.8980613965
1913 57.0556287528
1914 46.9468499918
1915 50.8067413304
1916 47.7477431734
1917 51.6289389169
1918 47.3703520129
1919 50.3926492796
1920 45.3430927919
1921 52.6756038115
1922 43.0496063607
1923 51.3649143782
1924 51.3584929404
1925 53.1429843395
1926 51.4353063413
1927 23.0504728055
1928 50.563047536
1929 50.8768209619
1930 44.248553437
1931 67.7228817736
1932 45.1133570297
1933 50.3652149828
1934 51.7716469462
1935 45.7747414999
1936 51.0111846857
1937 49.258253307
1938 48.6314370226
1939 47.6296870314
1940 52.7339080971
1941 51.3397984195
1942 57.065857133
1943 50.3986232803
1944 53.9479398925
1945 49.4207221744
1946 49.4509657274
1947 78.165997577
1948 39.7944021174
1949 51.9297525534
1950 59.7178574563
1951 45.9346674862
1952 50.6830438034
1953 55.7875006716
1954 53.2991724459
1955 56.3270539826
1956 44.2523030767
1957 57.3265630446
1958 51.3165574098
1959 50.8945070308
1960 49.0153948508
1961 50.948406195
1962 59.6511349109
1963 47.857855442
1964 43.7115746226
1965 53.2876574039
1966 53.7172515454
1967 56.5239440096
1968 61.6161749647
1969 64.3716128792
1970 54.2057537425
1971 48.9794046727
1972 48.3226086384
1973 51.7075181775
1974 60.3830841155
1975 62.9773030771
1976 63.3096048163
1977 55.8727310109
1978 43.6597878979
1979 53.7452104109
1980 54.7921983808
1981 46.7877523831
1982 48.4858059096
1983 60.9792798537
1984 48.7243459907
1985 43.3371431483
1986 59.6539157203
1987 62.5335485686
1988 47.4111215073
1989 62.7346905842
1990 52.1733634197
1991 77.2120852634
1992 60.1100830911
1993 54.5345255753
1994 46.1864525272
1995 45.8789353393
1996 54.4085991269
1997 54.042068629
1998 56.5931893202
1999 74.117960992
2000 57.5116115729
2001 55.2677961753
2002 56.267260487
2003 48.2677555462
2004 44.5429810783
2005 66.5038250253
2006 62.0695590945
2007 51.5765077926
2008 55.622980296
2009 63.1613887056
2010 47.0741385124
2011 45.8979668856
2012 53.3272755067
2013 48.6531155568
2014 46.3698884312
2015 55.8952608002
2016 42.5159423729
2017 51.0846278753
2018 52.286102435
2019 46.961274769
2020 51.0437825183
2021 50.4088230073
2022 49.2444327677
2023 54.9240251174
2024 54.4553297762
2025 48.3353915123
2026 47.4910078324
2027 60.3603798762
2028 53.849794077
2029 58.7258206936
2030 49.0746219888
2031 57.8102715903
2032 46.0521267222
2033 31.0526520841
2034 45.4178096105
2035 46.4420620864
2036 58.9819085621
2037 47.0096156382
2038 56.7596690236
2039 51.3504106492
2040 44.9555824211
2041 45.8102683693
2042 47.6707611789
2043 47.1988146545
2044 48.0661300724
2045 56.4944843722
2046 44.60361988
2047 49.1740233665
2048 45.3391891292
2049 47.6939443038
2050 42.9920930809
2051 49.0941143746
2052 47.0855137216
2053 46.115038106
2054 50.6845488726
2055 52.1071041299
2056 48.7258273397
2057 48.3246536871
2058 43.8712250774
2059 45.6120758252
2060 60.6207045507
2061 55.8569515598
2062 43.0708959265
2063 54.4850151662
2064 51.9333648483
2065 46.3230377896
2066 45.7776320669
2067 46.2395586724
2068 53.1062525208
2069 44.1677976746
2070 64.0796111334
2071 47.3415510825
2072 47.2392123042
2073 49.9896639041
2074 64.2030494193
2075 61.9647675537
2076 53.1953532364
2077 56.2415599741
2078 49.6118726394
2079 48.0721013022
2080 54.9066909661
2081 44.0242853588
2082 46.0389414807
2083 50.5875181536
2084 53.2836187966
2085 44.0892488539
2086 49.8177437216
2087 47.0897877387
2088 44.5254934164
2089 46.8274075879
2090 41.6879990557
2091 44.2194380798
2092 47.8674067705
2093 41.7443712419
2094 54.2623820659
2095 49.1457964597
2096 53.4962863673
2097 50.3738519757
2098 54.2323567449
2099 45.5573531731
2100 48.8697748841
2101 48.278362529
2102 48.6780113957
2103 51.3023432045
2104 44.4142389308
2105 58.0373708277
2106 51.7809283554
2107 49.8105427823
2108 60.9549641891
2109 44.8605947359
2110 55.3184705131
2111 48.7409386396
2112 54.0724635118
2113 57.6047761647
2114 52.7998810115
2115 49.588502854
2116 51.2221300514
2117 46.1950377301
2118 44.6167061736
2119 53.3907483574
2120 43.2526685676
2121 52.75989095
2122 30.3117464027
2123 49.9657863633
2124 45.0787392261
2125 44.6741844938
2126 47.4607564219
2127 56.0692756481
2128 67.2639856282
2129 56.3057221402
2130 49.0301444946
2131 43.9945593659
2132 49.5751193115
2133 47.8009558025
2134 61.0807128073
2135 49.5491871652
2136 49.7857343445
2137 60.0797316163
2138 55.5342014981
2139 44.1493405712
2140 48.3080940226
2141 49.7705563155
2142 51.3874148851
2143 45.1692512662
2144 60.0056434602
2145 50.005210797
2146 49.978858358
2147 53.7454814127
2148 51.5985536193
2149 46.8850840258
2150 48.4440673676
2151 50.5339880065
2152 59.1840729028
2153 56.4049319653
2154 48.0952300113
2155 65.6935284058
2156 42.6484624086
2157 47.2707020473
2158 44.6247100955
2159 70.5296163416
2160 53.2151557896
2161 47.6087743472
2162 52.5730658117
2163 64.9884108157
2164 54.4338349229
2165 54.2437207287
2166 53.6837717668
2167 55.1894423311
2168 52.9548710817
2169 54.581269767
2170 48.2053239736
2171 70.0089711617
2172 54.7956795404
2173 56.1359812085
2174 57.1362471151
2175 53.971100843
2176 52.1219055748
2177 47.9615600404
2178 54.6848184769
2179 55.1621870412
2180 49.9336353145
2181 60.1268763522
2182 52.2669387312
2183 49.9045235899
2184 62.073566074
2185 51.0723875209
2186 60.5308840222
2187 54.3228109353
2188 57.475198438
2189 64.9528654803
2190 62.318689093
2191 57.3478798757
2192 53.5029429829
2193 60.4729320818
2194 49.668101885
2195 58.4526392514
2196 55.3073139418
2197 53.4509601241
2198 64.8633550099
2199 57.5242230007
2200 49.8381345867
2201 54.4812429062
2202 58.4517046487
2203 54.66907361
2204 55.3804294793
2205 58.0917408507
2206 55.2984578496
2207 56.1906626481
2208 55.1423608063
2209 57.8235751855
2210 53.0270160786
2211 60.3483579971
2212 52.20625714
2213 44.973415175
2214 49.3031230985
2215 60.2627255499
2216 51.5504856141
2217 35.4649813515
2218 55.9859890463
2219 54.7796792442
2220 57.7181463677
2221 46.7499768105
2222 53.0142684072
2223 54.193081274
2224 41.1894635892
2225 43.0395625144
2226 49.9669219204
2227 40.2909278302
2228 35.2366005554
2229 52.1646719382
2230 47.9416158737
2231 54.824162454
2232 45.1476236187
2233 50.7296542966
2234 58.3424677763
2235 45.7149062741
2236 52.9299236225
2237 50.2799500729
2238 47.5185664969
2239 46.2947332034
2240 45.1485497038
2241 43.134283182
2242 50.3241946381
2243 46.5932333068
2244 45.2542272919
2245 62.2212970219
2246 55.8666819005
2247 47.2527651662
2248 44.5878924559
2249 54.2009582683
2250 53.5666334887
2251 47.7468638628
2252 47.8022518291
2253 50.9851664199
2254 48.1756828022
2255 50.2764945934
2256 50.3837327131
2257 42.4208449276
2258 61.2109293568
2259 48.147236186
2260 47.1034181692
2261 52.6340165878
2262 45.8356235369
2263 47.2315766577
2264 47.7020635917
2265 48.957787383
2266 53.3975125636
2267 52.4538153117
2268 50.6744228777
2269 44.4765353461
2270 42.7225489624
2271 50.4026281387
2272 53.0551645423
2273 58.8593305026
2274 49.2939523501
2275 53.8622765569
2276 49.7847673723
2277 45.4665241311
2278 47.8882410945
2279 43.8163644131
2280 52.5283990471
2281 55.0367717408
2282 53.3805934613
2283 44.6010997337
2284 44.0360788541
2285 46.2404011807
2286 52.2989339382
2287 45.8144479913
2288 55.8806899289
2289 60.9189416018
2290 64.4179623798
2291 64.8753079478
2292 54.5102185937
2293 62.721021194
2294 66.8565120599
2295 59.1066879357
2296 63.6099372491
2297 57.302040657
2298 57.269922916
2299 62.9008449401
2300 65.8113053071
2301 61.6295260508
2302 50.7876371448
2303 58.0500830306
2304 69.1613513824
2305 57.0808875116
2306 56.2448793946
2307 63.7789848475
2308 56.2692970811
2309 56.7907409796
2310 62.5106408182
2311 57.6065961989
2312 56.8071848427
2313 40.5839010367
2314 64.4711700306
2315 57.9049213995
2316 57.5076777786
2317 61.5410001169
2318 58.3958616831
2319 66.817180051
2320 72.280307615
2321 58.4474919535
2322 67.6107487901
2323 63.7659056685
2324 56.8282272951
2325 53.9888876056
2326 65.266213381
2327 56.4840602605
2328 56.8093691121
2329 56.2489238303
2330 58.3418014564
2331 61.9573733115
2332 59.2755473013
2333 55.5008461008
2334 57.5522040563
2335 58.3905570871
2336 55.5283225646
2337 58.0922919918
2338 60.7371556211
2339 54.1187946786
2340 63.3876109454
2341 59.6894374134
2342 61.967922164
2343 56.3446751701
2344 59.7581163452
2345 60.9247043779
2346 58.5199676198
2347 62.271589967
2348 56.8059677983
2349 50.240612275
2350 58.7297517355
2351 77.0159332318
2352 59.7814482928
2353 65.4008740693
2354 44.664267775
2355 41.0188363849
2356 64.399188938
2357 46.1187265668
2358 43.489777114
2359 44.1478153553
2360 58.47077644
2361 44.9988092659
2362 43.0329557546
2363 59.8731350985
2364 55.668641896
2365 43.9836499906
2366 47.6370260269
2367 48.3161050756
2368 52.2614918227
2369 55.3753039705
2370 61.3252188019
2371 46.6791226467
2372 53.8321153325
2373 45.5423204448
2374 47.0164289517
2375 49.4527300647
2376 42.0528599159
2377 44.2671407399
2378 48.3637771654
2379 53.1185523553
2380 53.7169935661
2381 50.0987405562
2382 46.4177959783
2383 45.4984002263
2384 44.9623155569
2385 46.1448178725
2386 47.2003365381
2387 57.5752991595
2388 45.8195848829
2389 46.9755763597
2390 50.0651323922
2391 41.2935218369
2392 54.0347948987
2393 42.4181208593
2394 46.2292096586
2395 44.9295710747
2396 45.0087832501
2397 58.0265727865
2398 44.7273880269
2399 57.2646589796
2400 49.4998816789
2401 41.1216328891
2402 50.5808771206
2403 49.3189835956
2404 45.6254474538
2405 44.2618171491
2406 54.9330256425
2407 45.1535966086
2408 46.7025856564
2409 49.6468922315
2410 47.3308654597
2411 47.8178364991
2412 50.3705977465
2413 43.8145975058
2414 46.5062409242
2415 49.3233916913
2416 54.4956969788
2417 60.7914979653
2418 57.9802198718
2419 47.5437048148
2420 49.1192974212
2421 51.975557363
2422 59.1226868946
2423 56.753684045
2424 52.399047768
2425 52.0280639001
2426 48.1544018453
2427 63.3271933595
2428 48.4266686334
2429 55.0903667296
2430 46.4560474702
2431 49.9209408513
2432 50.439196223
2433 47.7213712128
2434 49.0820152538
2435 50.729251864
2436 51.2139614928
2437 47.0591237144
2438 57.0951117965
2439 50.6396872549
2440 48.6585561803
2441 55.7573332342
2442 50.8453928669
2443 61.9410695204
2444 46.7637541289
2445 55.2730145903
2446 49.7009415475
2447 61.8874420832
2448 57.2494299983
2449 63.248719377
2450 52.1543969025
2451 50.3373214748
2452 51.8578973902
2453 50.1340427721
2454 47.0510641638
2455 48.4221064412
2456 49.3356488193
2457 48.3598820233
2458 68.4736022314
2459 49.7922658559
2460 46.6595305219
2461 48.960724157
2462 50.5668010981
2463 51.5089734647
2464 53.2140407963
2465 52.6051266977
2466 43.3490960006
2467 48.4763286024
2468 57.7270891399
2469 50.4520550053
2470 47.5348474791
2471 49.4679131927
2472 47.4893315363
2473 55.1605782981
2474 66.6825501366
2475 48.9070747027
2476 56.2660885479
2477 54.9675339999
2478 48.7223711132
