u s
60 26.8416350273
120 29.5796536673
180 55.488327757
240 26.5861958533
300 42.8491808029
360 43.8656476058
420 50.1002386784
480 43.2276037641
540 38.1923848273
600 25.938529498
660 31.2750714033
720 26.3013155378
780 55.8566756382
840 37.4514338627
900 27.2955999587
960 39.3836282523
1020 38.2696610008
1080 48.2120787308
1140 45.5382802338
1200 78.7670075918
1260 40.7802085094
1320 48.4784531832
1380 41.9684170332
1440 43.602469017
1500 37.8508677885
1560 43.701134644
1620 39.9093586523
1680 25.8482486728
1740 36.534434969
1800 40.800368092
1860 42.920630991
1920 35.4036015394
