u s
60 37.4271342177
120 26.563714299
180 36.7487781684
240 35.6363060627
300 69.9966114273
360 39.6148917772
420 35.7541894842
480 28.0438279764
540 26.5696980434
600 35.2605946977
660 34.5224168828
720 38.1267569957
780 31.1824573935
840 29.835808483
900 26.9451663369
960 41.3728983423
1020 27.4136373931
1080 45.2789178959
1140 38.9118812458
1200 38.3310916439
1260 37.6049036944
1320 35.793172327
1380 36.2423333609
1440 48.2040125265
1500 28.4907316475
1560 44.6941156914
1620 34.2595317861
1680 42.1086537694
1740 27.7158215287
1800 34.6500407348
1860 27.5961456202
1920 31.2483133826
