u s
60 38.87629789
120 39.3147378067
180 41.8102811776
240 45.8100412755
300 33.2163410883
360 47.1967557799
420 35.9697506545
480 34.3117624351
540 43.3611481127
600 42.1646002078
660 111.921332857
720 38.7431238553
780 37.4553201979
840 54.291290058
900 30.1915476128
960 31.6077542227
1020 33.4707407801
1080 24.8492292491
1140 37.7496163852
1200 34.5371332815
1260 44.2192428414
1320 39.1868422009
1380 37.417722613
1440 44.8869995494
1500 25.67459925
1560 36.6215551055
1620 37.1360643029
1680 33.4153995232
1740 26.3678098501
1800 43.5144124096
1860 25.4354130321
1920 33.0008703175
