u s
60 28.2657335096
120 41.3730125531
180 25.6095530955
240 28.1781138243
300 25.415850323
360 36.2315739187
420 25.7641162121
480 35.5395315721
540 35.7731066871
600 25.2229599701
660 37.948612826
720 37.6031305302
780 41.4039958824
840 34.8267634598
900 40.0557754587
960 47.533646127
1020 26.5399011603
1080 41.0522408374
1140 41.4797068194
1200 45.1310112815
1260 31.75126293
1320 36.2851645747
1380 34.8282072438
1440 26.0671938273
1500 29.5339584771
1560 26.2964608349
1620 33.7009248754
1680 34.5042298715
1740 39.8646946148
1800 41.7977736245
1860 53.6534929927
1920 50.4169676013
