u s
1 53.5386248709
2 63.6408247756
3 48.2900943744
4 58.0390726622
5 61.6266348311
6 43.551047233
7 48.7236655569
8 49.3676308659
9 65.7367747725
10 60.852154581
11 45.5919995781
12 64.0882685398
13 63.4097114156
14 60.068426328
15 69.1366154743
16 57.3567293502
17 49.4781824555
18 53.3101687978
19 54.7776682413
20 55.0113083537
21 58.0910247503
22 54.3271313027
23 63.189189687
24 62.6727963999
25 63.639925431
26 29.420622811
27 61.9611236163
28 48.1833336033
29 47.8832692613
30 62.0042437563
31 61.7298215551
32 74.7789844078
33 58.9993335644
34 64.5032648993
35 44.3029765747
36 61.3506984383
37 69.6995006903
38 59.9006783495
39 43.1942144913
40 48.3546482952
41 64.0526610117
42 52.29873586
43 57.1507140952
44 62.6632161421
45 61.795315702
46 63.9913462289
47 59.2230251159
48 45.1332666917
49 51.3248123768
50 60.7428579512
51 49.8890856435
52 59.5420352475
53 64.1680054269
54 55.773460249
55 70.9170834869
56 66.3329794593
57 74.8568086902
58 62.3149304442
59 60.6625614489
60 61.1616339014
61 57.2178909695
62 78.9775106009
63 59.8947370411
64 58.8213114175
65 77.1061530423
66 49.0553479886
67 66.5860847058
68 53.5823962248
69 65.6837779543
70 56.111849957
71 43.645100006
72 46.0107257531
73 48.7320368675
74 55.841728705
75 58.0482000721
76 57.1964981755
77 54.5796708005
78 54.9068439919
79 59.7709753627
80 68.6919505588
81 49.537566424
82 53.855572431
83 38.6248235855
84 52.329697482
85 47.7105078677
86 45.4375377934
87 53.0682319646
88 46.7393591176
89 60.3775147089
90 46.4036998032
91 53.1696142276
92 56.4023270036
93 56.8845062853
94 87.3381084923
95 41.7584569231
96 54.5384858479
97 51.5075614618
98 51.8794476652
99 52.200177234
100 54.2260795401
101 55.9590153234
102 53.894792816
103 56.1503199954
104 61.4070033907
105 54.0493844003
106 63.3946529604
107 51.7496399455
108 57.0881105373
109 59.2568624837
110 47.9633057447
111 55.6958385068
112 70.6226254158
113 56.2753009741
114 55.8453408008
115 52.2447724478
116 52.0639231099
117 53.8311342041
118 57.8138619258
119 55.0012469417
120 61.716831378
121 55.767173584
122 53.6471911075
123 64.3880922831
124 53.2869266806
125 45.9640651483
126 54.624213631
127 46.5631120314
128 50.5358023771
129 52.7654518052
130 51.6783330604
131 54.5581306572
132 62.2331377187
133 65.9721246201
134 58.6565867562
135 63.6985121074
136 55.1795937557
137 61.08479849
138 56.0796210999
139 59.8013577923
140 65.1207044394
141 63.4867820171
142 56.918097215
143 62.1413433973
144 59.1723702646
145 68.3800448406
146 56.8422342698
147 58.1002294126
148 58.384485318
149 71.3556966497
150 62.1477298312
151 80.6781286374
152 58.2687935495
153 58.5422553411
154 50.7206846658
155 64.4365519103
156 49.358283628
157 64.7143469146
158 58.380483035
159 63.3505767414
160 57.5834286078
161 57.6395078872
162 52.5535518299
163 62.2396188455
164 60.0404005316
165 54.3872031265
166 57.2569916251
167 52.1562202656
168 57.8276197608
169 73.3674532216
170 44.1785945935
171 59.3881022579
172 60.196641365
173 48.279428974
174 59.0530089782
175 62.6314602779
176 61.1822195659
177 54.9627345673
178 57.5024015005
179 55.2755863419
180 61.1027169608
181 48.657046023
182 58.0894905698
183 61.1306026763
184 49.1832061677
185 48.857017109
186 54.616505999
187 45.2140726447
188 61.9559015777
189 57.6849521223
190 44.3801006863
191 50.8481933559
192 53.2241888892
193 62.5268049257
194 58.3778537485
195 55.7896227585
196 46.0197111719
197 57.1695006077
198 70.565458648
199 58.4403665392
200 58.1207684235
201 56.2078024869
202 63.3148086933
203 49.9458609065
204 59.9084643074
205 56.5465925355
206 77.8817375155
207 64.0538570208
208 59.2791142958
209 72.3092233645
210 51.2864610651
211 64.1818406456
212 90.2990357481
213 63.8980317965
214 62.0521981337
215 58.6082250073
216 63.9687934075
217 55.8783468778
218 56.2816422893
219 65.241758502
220 53.4649676033
221 63.1595886608
222 69.747290354
223 62.014348672
224 56.4234624585
225 73.6657975984
226 69.0933938961
227 60.5885016781
228 63.4868095411
229 63.4948832279
230 53.6650090216
231 60.9947852678
232 63.4092898909
233 58.6534742756
234 53.1931276344
235 50.3772786625
236 58.5091966887
237 57.4448655754
238 58.7322790636
239 59.3223366777
240 59.0389369215
241 65.7594552585
242 67.3346025041
243 65.0746560512
244 56.7889066587
245 52.978157789
246 57.8425471258
247 55.3281202456
248 54.2266299187
249 50.7605377911
250 65.4307371367
251 73.441434169
252 57.6016975943
253 52.6454900038
254 64.4413258688
255 50.500435781
256 58.7658669872
257 63.0498815809
258 68.9111002478
259 87.3471788944
260 57.3423173818
261 53.0516619536
262 52.2560052094
263 65.1829898937
264 49.6728355432
265 55.1073564973
266 56.9953442585
267 50.0230754437
268 55.5818286476
269 52.0903932532
270 51.6116600523
271 54.581782059
272 51.4270064939
273 43.8577582492
274 51.0695175704
275 46.593689487
276 63.6027749137
277 58.1228100433
278 51.8174088874
279 52.4630193903
280 53.6206246969
281 51.7895696047
282 56.7407093633
283 55.828403984
284 48.6189531907
285 55.2343390099
286 53.7378210318
287 69.8818680533
288 50.817270735
289 50.443664332
290 49.4193212962
291 59.1228023396
292 55.6302361057
293 53.477713068
294 52.0168962946
295 52.6263440827
296 42.1152332189
297 54.8274576357
298 54.534232571
299 51.857902845
300 52.1143677024
301 53.0346629464
302 65.5466176447
303 57.2972783091
304 52.1520160571
305 62.7683325616
306 86.170109495
307 69.9675248655
308 54.0415794257
309 51.2177735801
310 50.1503441015
311 48.7476523282
312 46.4539187188
313 46.0367066803
314 57.4156592235
315 50.6500285178
316 55.0740168638
317 52.1009072597
318 59.4754017524
319 52.2053168395
320 50.5347111409
321 48.6055803161
322 50.2057829068
323 53.1500537206
324 58.92176903
325 51.7888231796
326 49.2738180945
327 53.3187821779
328 57.2869188214
329 50.9797703926
330 51.9767388667
331 52.9327864702
332 66.051057638
333 66.9806719551
334 62.010678482
335 51.5048795146
336 48.2422722946
337 48.9844765297
338 54.3386024247
339 67.1032311386
340 61.954409236
341 52.1118122484
342 61.5355798331
343 50.2097067795
344 52.5465358952
345 57.4714789575
346 49.1492238581
347 54.0605795976
348 74.6028707506
349 49.8448283182
350 58.4641669294
351 56.8951209303
352 60.1263216836
353 52.1445653724
354 51.6921456479
355 50.4384114266
356 64.5807045852
357 51.2882252815
358 78.3824554909
359 64.2921831885
360 56.2843269894
361 53.8652048379
362 56.210445368
363 49.0002318787
364 59.2087715474
365 53.1825589668
366 72.5638178153
367 47.281678506
368 57.3894579266
369 76.6415782809
370 66.4493882251
371 57.3470977817
372 59.9942980209
373 53.4515031853
374 52.3169084531
375 53.8305076974
376 60.0942223229
377 51.3879102338
378 57.38054824
379 49.366433265
380 60.7287815008
381 49.9201856134
382 56.514217661
383 54.6361616286
384 53.2784527968
385 59.17764659
386 51.4548927262
387 51.6924433837
388 64.7101679894
389 66.425294522
390 61.501385628
391 65.733150162
392 78.6980271029
393 58.5628709446
394 53.2179330602
395 66.0164914852
396 53.1939561003
397 58.265124
398 60.7385715061
399 53.3374734643
400 52.2623592481
401 65.820843101
402 60.3065884384
403 61.1957618508
404 67.181139312
405 64.2022051384
406 89.0815015607
407 68.2642605875
408 58.5537168707
409 59.8202677808
410 56.4787332831
411 59.2451882452
412 67.9127928637
413 58.3710040558
414 59.8916569598
415 54.5693713943
416 59.3902153929
417 60.1607018838
418 55.7493994592
419 57.7413731546
420 53.1197736504
421 54.2893229005
422 51.7295027338
423 45.0225595619
424 54.1604911663
425 67.6180024143
426 64.1017575244
427 59.9051519175
428 71.0977993003
429 57.8811828102
430 65.3007212707
431 59.5238302531
432 57.4373893431
433 50.893966947
434 43.7232342485
435 63.9428426492
436 58.7847794886
437 56.8163900062
438 58.8021741642
439 61.0618897748
440 68.6268259304
441 60.0007641699
442 61.5738759085
443 59.9900560432
444 61.0326243282
445 58.2032345401
446 53.7748549171
447 60.0806540064
448 59.1236628766
449 73.7188630369
450 64.0320933614
451 55.6973895433
452 59.8953523043
453 62.8333704348
454 53.1783790496
455 54.7417522271
456 55.5025007278
457 59.3331030881
458 56.2442890112
459 53.5841622971
460 55.0414533573
461 68.9008113362
462 59.0190421938
463 53.826085503
464 54.3470999881
465 40.7348365303
466 55.859041378
467 59.3059930964
468 79.1562522428
469 52.6227481492
470 52.409576053
471 62.140512778
472 53.1349992279
473 55.739497819
474 54.9579605149
475 52.8955070448
476 50.2247270322
477 54.6075634834
478 53.4222605668
479 66.460788019
480 54.9518057609
481 54.3334702199
482 47.7041414809
483 57.0054128515
484 58.7020600618
485 53.443461161
486 52.2182096525
487 54.1195350575
488 54.1241524869
489 64.2440453096
490 53.4343929867
491 48.7526832772
492 65.5515846815
493 64.4008309137
494 54.8552401512
495 64.296582196
496 58.9928302891
497 38.7554940783
498 50.0516164009
499 64.294289369
500 66.6073304542
501 53.1990319419
502 57.8461561138
503 53.6079092997
504 53.7486633499
505 56.8260367066
506 60.2439551314
507 55.7099276318
508 52.4140587453
509 75.5561818951
510 47.9633338981
511 71.0956474995
512 57.1944541939
513 55.7085567067
514 53.5091946034
515 57.0681475314
516 60.4727765157
517 60.0803819154
518 49.0822044305
519 54.0126666967
520 70.2207291656
521 61.3177614772
522 92.0744113089
523 65.1556712195
524 70.6433082331
525 76.0000147938
526 57.2828386633
527 63.7284827934
528 47.1245026174
529 67.03043235
530 62.8790337535
531 60.5639719127
532 71.3529386206
533 59.4368213306
534 61.1743525451
535 70.7078577809
536 58.8871788653
537 58.1699811196
538 55.3606635631
539 61.5084287734
540 59.6872879633
541 46.3879163567
542 70.3866511223
543 58.3545926391
544 67.6497861241
545 68.8839023811
546 58.7103677876
547 57.3854374193
548 51.8528145073
549 52.1221606522
550 57.7360433034
551 60.607778309
552 88.5562282664
553 62.5178592267
554 50.0957263619
555 62.4032172026
556 62.815803224
557 63.8835168712
558 62.0040961222
559 61.2882788585
560 59.6988856961
561 50.3465787851
562 48.7696576548
563 53.1531373519
564 62.0954291622
565 62.0392297486
566 60.0016518738
567 67.7469089011
568 73.4224880872
569 55.4241182017
570 55.8614598985
571 63.3897464926
572 73.8397796937
573 60.7064332914
574 60.8962276484
575 56.6899330663
576 59.6438256015
577 60.5873976426
578 60.7260299527
579 58.9582279961
580 68.0771695472
581 54.2188229274
582 56.488770644
583 63.4205184196
584 61.9670853833
585 59.5878669959
586 50.0260265289
587 49.3509271955
588 63.388151497
589 59.0326351485
590 57.1292578557
591 58.7647104116
592 57.5818881748
593 61.200231809
594 58.0633483528
595 70.0728403465
596 64.2354795687
597 54.0229559037
598 56.1026765351
599 55.2085258985
600 54.0282016337
601 61.9380768885
602 79.1604743213
603 58.5076651292
604 47.9693170846
605 48.5587466712
606 60.6382845158
607 70.9164803976
608 56.7605906662
609 45.5609915004
610 53.0928924904
611 57.4011100191
612 82.6647543315
613 57.8418115598
614 56.5465466843
615 57.7812211181
616 59.8510247354
617 61.6351724657
618 55.4533270618
619 68.3007760001
620 49.0546838511
621 57.8084682707
622 56.5649251711
623 55.6295602816
624 54.573455853
625 52.2289046422
626 50.6477214922
627 56.5038678876
628 51.2659665576
629 57.0750050304
630 47.9183548815
631 61.3911308122
632 55.0988669992
633 62.766424276
634 59.3222811734
635 60.157686195
636 53.4006480784
637 59.9385185581
638 52.2225482652
639 54.3037774402
640 72.1470856212
641 52.3611856124
642 57.5390495414
643 72.6602250318
644 64.5064883075
645 56.6011617453
646 56.5052618864
647 56.1587963056
648 61.580478124
649 50.9299681547
650 63.6774421686
651 55.144143037
652 60.2594878015
653 65.1858985746
654 48.3603191257
655 57.5234659868
656 69.6862464441
657 60.7050943253
658 59.7140920462
659 64.6701886726
660 88.3576314694
661 66.7808890184
662 57.3175519347
663 52.5243942347
664 70.0017239895
665 57.2063594011
666 64.4308810305
667 57.039925678
668 55.1194268128
669 62.7308345099
670 53.2805950079
671 60.6221335094
672 60.8251628649
673 65.1056114541
674 50.5640300818
675 63.3439146143
676 66.323064524
677 81.1145856606
678 59.3483384638
679 42.9061954278
680 65.8097425485
681 64.4439895336
682 57.0414722251
683 65.1372101648
684 66.1791346342
685 60.4872153489
686 68.9796323239
687 68.7324065534
688 60.878597559
689 63.3276080753
690 66.071935912
691 59.1126141394
692 58.7395715494
693 83.813490478
694 58.1521426317
695 57.9460607286
696 60.9163204587
697 59.671674195
698 64.0538957794
699 61.6360885135
700 63.1749338507
701 59.6935111744
702 62.7199843385
703 65.0002879442
704 70.8739806305
705 65.5519653711
706 66.5591933168
707 58.0560681307
708 76.9441297771
709 63.4826561757
710 46.5640949265
711 56.2235297029
712 57.8483948822
713 71.4944100026
714 47.577560524
715 56.0670738864
716 68.9377321376
717 52.1330993425
718 58.3091645996
719 59.8981864895
720 51.0815411241
721 41.3230960534
722 47.4941981903
723 62.3310305534
724 64.1940830201
725 58.4962657001
726 60.3950709989
727 66.2054020217
728 50.7267846699
729 55.4159776733
730 60.5772604177
731 63.8741259288
732 61.3690509409
733 70.0559019017
734 48.6688709744
735 48.3266046574
736 61.9547552837
737 62.7817282425
738 56.1359672822
739 53.1532639278
740 57.0698796828
741 61.472386658
742 59.9148345976
743 59.8576254083
744 59.1893471696
745 48.5798562063
746 87.7364373655
747 35.2444274402
748 67.66765177
749 67.0106573637
750 64.915983943
751 57.5575447601
752 61.4640013695
753 61.9168196836
754 59.0698231654
755 67.4484614556
756 58.7867284462
757 61.3500560378
758 58.655416246
759 59.9912921309
760 68.9446006586
761 63.4169181928
762 61.0730830908
763 60.9300391121
764 60.9474511079
765 62.1100823474
766 62.2006208325
767 49.0793493033
768 53.0089623624
769 60.4021260581
770 53.2300124863
771 59.7382092136
772 61.3430141005
773 63.0990640052
774 59.4937804662
775 66.1191065951
776 74.7676775046
777 60.5722809652
778 53.4393951488
779 52.8433107234
780 71.4135515284
781 46.8952737846
782 66.8821632149
783 74.1369829248
784 80.3403341874
785 66.2174068035
786 69.4406981206
787 51.6802219113
788 69.719862831
789 61.1054375179
790 66.2092745671
791 72.0658530144
792 72.5236028531
793 52.4947813011
794 61.2867263145
795 71.030654877
796 67.892116073
797 53.6426383891
798 70.3816103069
799 69.795462308
800 70.1269434247
801 50.1676344945
802 50.1941417039
803 70.491512584
804 71.6474979753
805 49.1845137546
806 53.0107895244
807 49.6390264379
808 76.4627766605
809 50.8637621308
810 53.104890266
811 69.2214425274
812 70.9886335908
813 68.1090754458
814 42.9666906836
815 58.4975983341
816 69.1595747271
817 73.1017043183
818 78.0935928311
819 70.4645088625
820 68.8882672968
821 43.7007290222
822 67.2846820153
823 73.5976361083
824 58.3525855162
825 61.1170929827
826 42.6426697406
827 49.3040392713
828 59.7301706544
829 67.3263955623
830 73.5070067002
831 74.2076635428
832 69.448242164
833 49.0624363778
834 72.0789317949
835 71.4456554677
836 60.1090542693
837 72.5226646202
838 53.6973784614
839 47.1315861829
840 70.3702959789
841 73.1721733656
842 72.7092084392
843 72.0561983788
844 77.6237711342
845 50.2278797343
846 64.0858514735
847 65.5204109551
848 60.868776881
849 60.7100802258
850 47.3616665333
851 62.065393095
852 64.7662679569
853 62.247133385
854 30.7926710308
855 60.2478955177
856 63.6883371419
857 60.2433220389
858 53.3193583818
859 58.1979036331
860 57.9200620307
861 55.5581420721
862 59.9854773891
863 58.7041916622
864 55.688257017
865 61.9360122616
866 49.6863587808
867 62.9131597345
868 57.8431316584
869 59.254908608
870 48.7972331264
871 65.7364123799
872 52.1802329665
873 62.2218852963
874 58.1059648414
875 58.8342861898
876 66.9258185893
877 58.5367351228
878 58.4526885455
879 59.1519229855
880 71.5863053228
881 48.56612686
882 54.893527358
883 59.4752388883
884 55.1292772686
885 61.7596870493
886 58.3444789687
887 60.8493312465
888 51.630461694
889 55.6626030472
890 65.1159318281
891 57.3490583409
892 82.3267910183
893 52.8363818497
894 59.5385548619
895 49.6223819795
896 67.1000952155
897 39.6088496362
898 61.4909542817
899 62.110434593
900 55.7942628083
901 53.2050408096
902 60.3519788449
903 49.5226107422
904 65.5651275161
905 67.5655892169
906 60.6800064842
907 63.2597238096
908 61.8986145179
909 48.8540986982
910 55.2769397524
911 56.5251412071
912 76.8421122918
913 60.2282118792
914 58.7253737153
915 48.300013069
916 55.7920012591
917 52.3575299485
918 51.8939461043
919 56.9890812599
920 58.5513184133
921 43.3110191007
922 57.4198924727
923 57.0326414508
924 66.447320116
925 61.5510632353
926 68.4511567573
927 73.9395039142
928 75.052587141
929 54.3334787535
930 51.7728848819
931 53.1151926405
932 56.7307584835
933 52.7616677791
934 55.0025093768
935 63.5190460541
936 69.356524429
937 69.0417238506
938 64.5917112979
939 63.1171267409
940 60.5027269751
941 52.7690956003
942 61.014969245
943 57.5305759562
944 57.48601505
945 54.030543881
946 49.5637331462
947 60.2718099242
948 58.2928834576
949 58.8616341534
950 67.1020235572
951 60.0723382586
952 66.597631515
953 56.7975811134
954 49.75926749
955 72.0352469196
956 69.9018735557
957 62.9004274191
958 57.7402198699
959 53.5245719349
960 57.9529516661
961 51.259147843
962 65.3893274122
963 59.9293458201
964 54.5420222488
965 57.1007661995
966 62.8363398336
967 49.1261162538
968 54.4662844618
969 58.1588873278
970 67.9923957763
971 59.6518955357
972 61.5328015694
973 59.8613417986
974 63.0878372395
975 60.7020431359
976 63.9673472564
977 83.8233703601
978 62.0168250669
979 54.7256298472
980 76.7103911277
981 59.5310043853
982 73.313195662
983 57.3383663884
984 57.8347341853
985 53.3107330565
986 67.0190756215
987 52.3828153394
988 52.8735629324
989 65.3638113921
990 61.4939821998
991 66.6454075126
992 62.1131026943
993 52.2985671567
994 60.6445742805
995 60.0373245688
996 80.2174143441
997 74.1100399906
998 68.5702733468
999 57.8347087972
1000 59.4508433264
1001 57.9257742527
1002 58.6345687088
1003 61.2028022454
1004 66.8367561782
1005 68.3272395215
1006 76.5408605746
1007 60.6534052489
1008 70.2588863014
1009 64.1555509751
1010 61.9034504098
1011 53.1655002381
1012 63.3650226836
1013 61.2067310506
1014 59.7314563895
1015 62.4160497263
1016 66.9532496494
1017 62.9921839021
1018 67.0259253456
1019 55.6393437032
1020 65.1015285665
1021 61.001323937
1022 70.8746232466
1023 55.9590520659
1024 59.4803308943
1025 59.2646507929
1026 61.9915467425
1027 61.0589423548
1028 69.5873993772
1029 66.932154035
1030 54.1445866803
1031 65.8504496577
1032 58.724394356
1033 61.6941220769
1034 54.8078200947
1035 47.8452702545
1036 51.1727808722
1037 54.8267246948
1038 54.6103935772
1039 52.7497609073
1040 57.4858374113
1041 55.9434334906
1042 56.0237972886
1043 53.3629776584
1044 54.8666812575
1045 39.2479735952
1046 49.5088436436
1047 48.9960605398
1048 64.1025820959
1049 41.2985669524
1050 46.856706848
1051 55.4568465566
1052 27.016405573
1053 54.1288272729
1054 48.1592721854
1055 61.7423618003
1056 65.9308413424
1057 54.1670314945
1058 57.7812379295
1059 52.4302999689
1060 42.3390841061
1061 47.203682948
1062 62.1983165333
1063 54.5191851721
1064 56.2752228878
1065 51.422637394
1066 53.8532350212
1067 49.3946564667
1068 60.4119637919
1069 60.7692872449
1070 51.8036405064
1071 55.1482371016
1072 62.4506100792
1073 53.8260644099
1074 58.7789871197
1075 55.264538781
1076 55.220250453
1077 47.1732895405
1078 55.0898537185
1079 68.4587710715
1080 63.1036840605
1081 57.6297744755
1082 54.935253168
1083 74.5079838219
1084 55.5260531348
1085 50.9519339007
1086 45.5430231418
1087 51.9911978143
1088 45.9072961757
1089 52.0982599131
1090 51.3579957182
1091 52.2351797297
1092 55.3856494564
1093 44.2466257119
1094 45.7255495197
1095 47.5215978543
1096 50.019826673
1097 56.2937878948
1098 51.823385195
1099 55.2986957906
1100 61.4799867436
1101 46.1226400779
1102 43.9355289079
1103 47.8532800126
1104 45.0438070808
1105 59.7657444072
1106 46.0770522042
1107 48.2813589336
1108 54.206356639
1109 54.2602341773
1110 50.207718188
1111 47.4366697218
1112 48.8824862526
1113 48.7240102458
1114 45.0757850915
1115 48.6984474873
1116 57.3942087671
1117 52.9288564329
1118 46.8440395339
1119 42.6450471521
1120 43.3588432475
1121 43.0997217857
1122 47.7818405588
1123 46.5204227398
1124 46.0444102275
1125 48.7441204822
1126 44.1200107775
1127 53.9250360483
1128 73.7836297321
1129 48.1462220441
1130 48.5615537836
1131 44.3824935724
1132 46.466595773
1133 44.7417803666
1134 48.793293434
1135 48.6082260995
1136 49.5689387536
1137 50.1176422185
1138 53.2650713912
1139 47.8792631607
1140 45.4587158172
1141 49.6009654674
1142 24.0974525316
1143 54.3407528187
1144 57.3280118119
1145 43.3547790841
1146 47.6964927914
1147 55.2050336289
1148 44.387938308
1149 50.1976865641
1150 51.4457521636
1151 50.4350464388
1152 68.2014738952
1153 47.0026963731
1154 48.6430036651
1155 65.5189136855
1156 55.1527844068
1157 63.4766313136
1158 47.1753744754
1159 49.3140362857
1160 67.2069987196
1161 43.9605931786
1162 57.7192757334
1163 60.8289856742
1164 46.2655068843
1165 51.553655623
1166 53.1636064601
1167 55.1481760934
1168 64.3701165203
1169 68.2666687631
1170 74.6198486362
1171 59.4708009685
1172 45.0657419222
1173 52.543155281
1174 56.4857649797
1175 67.7598853292
1176 51.7352032226
1177 60.536246832
1178 49.6965605133
1179 64.8991341285
1180 76.755238105
1181 62.9963350416
1182 56.2494263897
1183 55.7415660577
1184 56.5600370241
1185 55.7734819869
1186 59.715152878
1187 56.7700217743
1188 59.0725886178
1189 62.72157322
1190 57.848520164
1191 59.7090454229
1192 55.8136450289
1193 55.271057468
1194 50.7758311924
1195 55.1955969324
1196 59.1000978567
1197 58.945838932
1198 52.6999868524
1199 61.6694869921
1200 91.3366158988
1201 56.5545641478
1202 46.018377784
1203 51.0928584845
1204 54.8527371616
1205 69.7469129852
1206 56.9611207974
1207 60.2964089136
1208 49.02178535
1209 55.7023229292
1210 58.3931629862
1211 59.3552382106
1212 50.0116276483
1213 69.3005634328
1214 61.9486919451
1215 69.7935736031
1216 64.2099187832
1217 31.6005998239
1218 56.6436948844
1219 30.086544334
1220 56.2468868724
1221 57.9610852661
1222 59.3845645458
1223 55.239858112
1224 53.7903344978
1225 56.1990560811
1226 49.2463090882
1227 80.8893328506
1228 63.0571994731
1229 57.931017748
1230 58.8060645572
1231 56.6084844999
1232 56.4826538402
1233 39.9724673683
1234 51.7031637419
1235 60.7729122151
1236 55.7469829741
1237 51.6627835469
1238 62.6535961658
1239 59.2066170386
1240 59.0827702353
1241 48.1812449478
1242 48.5708679288
1243 49.9037690996
1244 53.2205418977
1245 55.8169182813
1246 55.7637951834
1247 42.4620522255
1248 49.2321113017
1249 56.9759628818
1250 48.2040329102
1251 54.6531178311
1252 52.3534036602
1253 52.2656701292
1254 50.0026702622
1255 60.5243334747
1256 41.4413821042
1257 49.4192830213
1258 56.368700597
1259 47.0458658507
1260 67.2353456991
1261 87.6806244848
1262 55.7264120691
1263 44.9841732811
1264 53.3664750607
1265 46.9136498498
1266 45.5771304699
1267 69.5481886778
1268 46.5457813274
1269 80.8888468956
1270 58.9390718095
1271 57.3798095628
1272 63.5299075673
1273 49.6264748704
1274 56.370835738
1275 52.9336385641
1276 55.1545100712
1277 50.3025508441
1278 50.2904959104
1279 55.1507664183
1280 46.7821418048
1281 55.1123455381
1282 50.6006883837
1283 48.6367682222
1284 54.4587389546
1285 70.8295389428
1286 42.812163271
1287 47.7208815968
1288 53.4270319173
1289 49.3618803377
1290 50.8149036571
1291 70.3215651701
1292 48.5501770139
1293 80.0252588086
1294 49.1577068555
1295 54.5558685551
1296 66.4587427158
1297 37.0721358884
1298 57.7702234154
1299 45.2560731106
1300 50.7343833324
1301 45.496386112
1302 44.3463124054
1303 38.0504014934
1304 54.3333191344
1305 52.0693358812
1306 46.5387194829
1307 57.8562413602
1308 44.6904002746
1309 47.6233358618
1310 45.8813174647
1311 46.1597740813
1312 45.8487966122
1313 56.1130851044
1314 47.733072571
1315 59.80683608
1316 61.6885709112
1317 57.7638046738
1318 45.8485701104
1319 80.1332296162
1320 48.8460995995
1321 46.3366488823
1322 50.0701939264
1323 46.3581460022
1324 41.7550850687
1325 45.8334587469
1326 54.4792574615
1327 45.8992607502
1328 69.8676081687
1329 45.0178860211
1330 49.3362176249
1331 50.059016333
1332 40.2172569029
1333 60.7780290114
1334 49.0649697137
1335 52.3809450892
1336 49.5036195921
1337 60.9485111339
1338 41.2695866489
1339 47.5345937312
1340 49.6132655036
1341 46.9636790379
1342 48.4685899679
1343 43.4303739889
1344 50.0302519237
1345 41.0014577565
1346 53.7952569528
1347 48.0057776943
1348 49.2963039399
1349 52.7640064782
1350 68.0314895527
1351 40.9250998526
1352 47.5748665456
1353 48.5714222361
1354 70.1435150555
1355 47.9008545595
1356 49.294019597
1357 49.6734849881
1358 52.9628891107
1359 58.1450798761
1360 54.3470779003
1361 58.042302647
1362 48.5239217993
1363 56.525616517
1364 48.520330184
1365 65.0672400644
1366 55.6340772516
1367 57.4081905385
1368 60.5493381347
1369 52.6275041891
1370 58.0502887078
1371 55.9509390279
1372 57.1353656743
1373 84.6083685751
1374 63.1598240351
1375 57.9453908377
1376 66.3865642104
1377 59.0877822354
1378 49.2375102672
1379 54.9651749172
1380 56.1960741949
1381 53.4029567329
1382 58.7103852811
1383 61.2323270495
1384 48.5450401907
1385 55.2264948898
1386 55.8099807254
1387 49.0483974313
1388 57.3859682782
1389 57.1730983639
1390 50.4445337189
1391 55.8577920337
1392 74.069513407
1393 51.9661129189
1394 60.2661378493
1395 54.5748700289
1396 56.208125016
1397 57.2691399219
1398 53.672558517
1399 51.8886456981
1400 44.5904884779
1401 56.8028135608
1402 56.8103003951
1403 49.3112974343
1404 54.682615505
1405 65.2487580667
1406 55.0075228565
1407 54.6167602609
1408 60.1378555493
1409 53.937521263
1410 69.6028939113
1411 72.1110043141
1412 57.139782231
1413 57.6125866846
1414 58.5790947046
1415 56.5794322362
1416 54.5813529593
1417 49.6084617697
1418 62.8573533203
1419 52.7736916522
1420 64.0714610764
1421 49.1652207797
1422 52.4828517248
1423 55.7151281564
1424 55.7216721813
1425 48.1491314473
1426 58.1538740099
1427 61.3916014819
1428 76.4343788365
1429 56.997095718
1430 53.3909005254
1431 50.2027655619
1432 51.6069272514
1433 51.9159915169
1434 62.3437077237
1435 51.4469967698
1436 57.3007167159
1437 56.9778260359
1438 52.8440627075
1439 59.6846623666
1440 49.5797121122
1441 63.3567082683
1442 53.4891771176
1443 59.9527951435
1444 50.6290026986
1445 58.3508349289
1446 55.5850496494
1447 58.0272433879
1448 57.0377370146
1449 49.3438901817
1450 86.0764514465
1451 59.3925952179
1452 35.9591944393
1453 47.4232148091
1454 54.8775745162
1455 63.7489081581
1456 60.06755414
1457 60.4657318076
1458 68.1093162
1459 57.1441581874
1460 56.341876974
1461 62.5744567752
1462 89.3426479449
1463 55.9115961109
1464 46.7414039551
1465 61.4903534789
1466 51.1724022147
1467 51.4791860172
1468 49.3575614132
1469 56.1801656773
1470 54.4079478041
1471 49.3131640138
1472 61.9602335171
1473 53.9160184458
1474 85.3010749549
1475 52.7235007545
1476 57.1986704969
1477 51.289740207
1478 52.9683638202
1479 53.7614305908
1480 52.5876699779
1481 59.6085462902
1482 62.3776655428
1483 59.202960209
1484 49.1058793848
1485 58.4141228707
1486 59.7689325015
1487 57.9801177045
1488 36.1249178073
1489 49.1074640969
1490 62.3811435706
1491 60.5451644335
1492 58.9763599417
1493 69.0009156876
1494 52.7340843963
1495 64.744793754
1496 47.515921093
1497 57.5475160028
1498 61.7305065961
1499 53.9105225186
1500 63.4861856349
1501 61.0775022558
1502 59.5176850578
1503 55.3910427982
1504 58.0021605613
1505 47.2383267754
1506 78.1597062583
1507 66.4936431739
1508 44.430623727
1509 58.7823467188
1510 58.9470433143
1511 49.9086226532
1512 56.603250304
1513 54.282453165
1514 58.2846374874
1515 89.926721858
1516 60.596565538
1517 59.8389639577
1518 50.3452136879
1519 68.2682148166
1520 68.0600924823
1521 60.486585474
1522 60.9000348387
1523 65.117032259
1524 60.1871956412
1525 59.410498023
1526 56.7912478736
1527 58.4517389742
1528 42.3767664284
1529 59.0604734141
1530 56.4591718914
1531 66.0296604745
1532 45.5198523293
1533 57.9969474838
1534 45.8354682322
1535 58.8860148556
1536 48.5660709466
1537 58.9274481114
1538 58.5520190215
1539 72.3357918845
1540 60.6662825483
1541 50.6403681038
1542 49.8314109943
1543 56.9224072884
1544 58.5709941413
1545 52.71289659
1546 59.4516494861
1547 59.7857779361
1548 64.7206850826
1549 48.2017160556
1550 57.8893361896
1551 49.9606270094
1552 47.0565603101
1553 59.2871223477
1554 49.9836262291
1555 50.7339058605
1556 34.7771053027
1557 57.0175947437
1558 48.7034752593
1559 51.5932303969
1560 75.9783116744
1561 49.5211974712
1562 51.7036796731
1563 46.242387623
1564 51.1910009386
1565 46.9945354823
1566 59.1175901383
1567 52.4132666639
1568 49.9776341274
1569 48.6536979796
1570 44.9059711829
1571 43.8424584214
1572 50.2271304731
1573 46.4936819009
1574 49.5721341912
1575 46.8721688595
1576 49.1229092411
1577 49.1843891883
1578 54.9875455073
1579 48.7260405164
1580 49.912167485
1581 64.0428722705
1582 42.9497050047
1583 43.2391486245
1584 51.0941783691
1585 48.625691889
1586 48.549067341
1587 51.1919498812
1588 41.9245563071
1589 42.5034132966
1590 47.7853833466
1591 52.4399538415
1592 77.3911126392
1593 55.5262801626
1594 49.9243127163
1595 48.3822595321
1596 57.4280584347
1597 56.5218994535
1598 49.2139455001
1599 59.9038380109
1600 48.0428059202
1601 58.7268153904
1602 47.1841998993
1603 68.4467007773
1604 46.2777474909
1605 49.324690361
1606 49.9081130245
1607 50.0263913657
1608 47.5348835925
1609 40.7116130889
1610 58.5966955716
1611 49.1250921698
1612 42.0215538021
1613 45.2839408027
1614 40.7383740209
1615 50.0357883423
1616 51.0501384338
1617 79.8241193981
1618 66.4195292147
1619 72.0112355521
1620 70.3021989343
1621 72.9328217385
1622 52.5864005699
1623 62.9938100972
1624 63.0971956342
1625 83.4777218857
1626 60.8943292329
1627 49.8585591368
1628 46.2629392617
1629 55.7673413798
1630 82.413711338
1631 56.5342431645
1632 59.9413767972
1633 59.8754238192
1634 65.7938153942
1635 64.2560197118
1636 77.5958470955
1637 58.3220790217
1638 76.643228023
1639 70.0836582194
1640 72.8697321792
1641 74.8208161318
1642 60.4620359473
1643 75.1070072887
1644 69.9235301597
1645 61.5479967968
1646 66.7621459208
1647 82.0129116619
1648 71.7679085424
1649 62.0602519839
1650 63.1149596174
1651 56.7640082359
1652 64.5875458324
1653 83.8596403035
1654 59.2670951514
1655 62.6127801179
1656 79.668047331
1657 68.773106097
1658 65.0080421658
1659 56.4003024114
1660 70.9926483886
1661 42.5869358885
1662 62.8464095361
1663 73.874283773
1664 54.0800210532
1665 67.7598007527
1666 63.9560964575
1667 60.4786957097
1668 68.6446620987
1669 49.8301029019
1670 75.1215999909
1671 83.3650512811
1672 77.7443095245
1673 70.163491477
1674 82.2476468154
1675 65.0244454699
1676 78.3314057357
1677 74.8001172748
1678 46.4779150112
1679 64.0803576153
1680 60.6771585143
1681 66.0200948966
1682 69.4391193931
1683 50.8790265812
1684 72.1532894212
1685 58.3221166122
1686 59.5750679561
1687 48.1874482391
1688 55.5593058404
1689 61.0064969089
1690 59.4210701373
1691 55.1230502682
1692 58.7110342302
1693 61.6484148121
1694 65.3729385701
1695 64.4066803618
1696 75.5623726522
1697 61.1736988165
1698 63.5476424626
1699 83.6360908604
1700 64.9282827614
1701 53.3466184909
1702 63.4384216526
1703 59.227999771
1704 58.616409456
1705 66.4262542702
1706 64.9784694657
1707 58.0041317495
1708 68.8172355963
1709 69.7699598804
1710 63.1725541243
1711 59.4619735379
1712 61.6712504017
1713 61.0373365307
1714 57.0177718842
1715 60.1859804664
1716 66.0532114214
1717 59.1099103951
1718 57.780396723
1719 60.366656257
1720 66.1515464728
1721 59.1430431295
1722 61.4874745524
1723 76.7557635844
1724 62.0117249862
1725 63.8634915785
1726 65.4057487208
1727 59.0880465686
1728 58.6198376807
1729 62.4949900808
1730 56.430380813
1731 55.0448265038
1732 51.3328275445
1733 52.4866652971
1734 53.4587430493
1735 58.9407289435
1736 80.1649623342
1737 64.6902165673
1738 58.100339111
1739 60.1488591286
1740 55.2996196828
1741 53.0353740259
1742 66.0063309379
1743 51.6756510576
1744 55.8053009727
1745 57.1191291568
1746 59.6151444461
1747 51.871307708
1748 48.1478734722
1749 64.0304713138
1750 82.3962318391
1751 53.7892465873
1752 47.5556508569
1753 56.7136249632
1754 63.8531981356
1755 54.4438630955
1756 58.3115085834
1757 57.1443853922
1758 57.1908422891
1759 55.9825062239
1760 62.4436025524
1761 51.9438694576
1762 66.0648215838
1763 57.2840319883
1764 63.9196862492
1765 43.2659241558
1766 55.4975516853
1767 51.5110917442
1768 59.5286611296
1769 54.170484458
1770 72.8380488001
1771 55.0118248927
1772 56.2944320187
1773 56.8258271919
1774 59.6716524516
1775 57.427924632
1776 51.3198213081
1777 58.723668518
1778 58.6594593151
1779 57.4473917034
1780 58.1162051674
1781 63.677906669
1782 55.0938389227
1783 55.5849139105
1784 52.3808151835
1785 65.28532685
1786 65.9012037267
1787 62.1830829376
1788 56.3641772327
1789 56.9023855852
1790 49.2168078168
1791 58.4967736364
1792 54.236828282
1793 56.7552095397
1794 58.124904816
1795 55.7628392389
1796 53.3768621096
1797 59.7596203075
1798 59.7101333063
1799 56.8008863906
1800 58.1034256797
1801 53.9314578384
1802 67.7017602691
1803 50.0988591588
1804 58.8325626552
1805 58.2403028389
1806 51.2958206817
1807 54.1439558963
1808 58.8825010776
1809 73.3895863443
1810 54.7657523006
1811 66.4176053928
1812 43.7740090789
1813 72.1579309975
1814 59.6869741216
1815 60.2987015114
1816 57.2104513314
1817 56.5972378386
1818 71.1392468108
1819 53.1523465018
1820 54.154194566
1821 42.0937810358
1822 63.9831901813
1823 62.6664296281
1824 56.5713769749
1825 58.9617789054
1826 63.6779417536
1827 53.4314252767
1828 57.5907085112
1829 58.3302315358
1830 59.9372907577
1831 58.6640275524
1832 55.4311084347
1833 53.0430088956
1834 57.2622419294
1835 57.3169275501
1836 70.1358912374
1837 58.237662112
1838 54.1867162338
1839 53.4109844149
1840 50.6140435396
1841 52.4977340384
1842 56.2248578301
1843 56.3735865361
1844 63.6577908621
1845 60.722127863
1846 55.3457709712
1847 50.7849177614
1848 58.1715684009
1849 59.1098335641
1850 54.5928329854
1851 66.1021723323
1852 58.0381618172
1853 56.816140698
1854 56.4429477423
1855 55.8878522704
1856 93.328482528
1857 55.7608912173
1858 60.4018907101
1859 59.8095384535
1860 64.5211314963
1861 56.490284572
1862 61.5274872932
1863 55.2868607844
1864 61.0451678324
1865 57.798644295
1866 54.9656902373
1867 61.2686673291
1868 60.1113586913
1869 62.0430855983
1870 58.2971544684
1871 63.7693310839
1872 65.6397909444
1873 58.6513378608
1874 50.9201546825
1875 57.4374741083
1876 68.1731725441
1877 72.1664906817
1878 63.4557664778
1879 61.1252045982
1880 63.3002665168
1881 60.3861747894
1882 62.7417614789
1883 61.4067102761
1884 72.5013416279
1885 68.965021405
1886 64.9467928883
1887 58.0051929476
1888 61.261913724
1889 63.9644583351
1890 64.7011347991
1891 59.5579268544
1892 68.5571761537
1893 59.1938304949
1894 50.3986457312
1895 62.7988132532
1896 69.8525576014
1897 62.0965912231
1898 70.9163377618
1899 62.1270831496
1900 86.8895253274
1901 70.454099501
1902 63.9229848118
1903 50.5644536814
1904 48.3010564508
1905 78.3875435506
1906 63.2095642352
1907 66.1624992735
1908 76.0014829833
1909 73.0398312473
1910 69.0563165984
1911 64.0622904959
1912 58.9317069151
1913 45.4004789683
1914 40.1965792698
1915 73.8218313919
1916 60.9016207198
1917 69.4113187056
1918 73.5567924727
1919 60.7127741113
1920 59.5813467985
1921 65.0267621411
1922 55.9166471548
1923 60.2417944788
1924 52.949206694
1925 73.3977592625
1926 61.683275525
1927 73.375378934
1928 56.403665394
1929 61.305766812
1930 59.6973683012
1931 63.6657659296
1932 71.829624457
1933 63.2916289213
1934 59.2519085736
1935 60.6115902059
1936 70.0328572258
1937 56.4758913245
1938 65.7478967396
1939 58.9389852429
1940 55.1861053279
1941 57.1241577296
1942 61.9754410244
1943 58.0884303319
1944 56.4381399181
1945 65.2809911001
1946 53.5380995802
1947 53.9297089591
1948 54.7692652154
1949 55.8478766801
1950 56.4191893029
1951 61.1938182391
1952 56.2706056233
1953 54.1003359241
1954 71.839444313
1955 53.3304938169
1956 59.4545939373
1957 54.728183184
1958 61.4779190445
1959 62.2774763941
1960 51.4739841449
1961 53.1614232783
1962 49.7730698919
1963 50.0876153331
1964 60.1693421505
1965 65.4542272044
1966 63.9717955843
1967 55.2088683533
1968 59.9203715464
1969 61.4034419144
1970 60.7560704138
1971 54.389581944
1972 58.3384406284
1973 52.9697562547
1974 53.2477501725
1975 57.7577434479
1976 54.776116913
1977 49.4656740916
1978 55.6419871094
1979 69.0685513325
1980 61.3499054422
1981 46.7599876508
1982 58.5012213218
1983 60.2576284046
1984 81.2733383751
1985 53.8718274172
1986 58.8799705101
1987 61.5473638088
1988 62.4074301966
1989 60.6642880112
1990 55.2523408202
1991 56.6041142221
1992 75.4728081173
1993 44.0913899403
1994 55.524782051
1995 58.6411492728
1996 48.7540674515
1997 54.2441427851
1998 47.1774593308
1999 51.9193250027
2000 56.7212313813
2001 58.2432286195
2002 49.1181431034
2003 62.4578300877
2004 56.6027435011
2005 59.2661514213
2006 41.0642372526
2007 47.8949950057
2008 69.3662217886
2009 61.9952897379
2010 57.0341801577
2011 58.4859296847
2012 58.5155628696
2013 67.0378870498
2014 71.3907213539
2015 61.4311115087
2016 61.9991376481
2017 76.7194209376
2018 58.225144619
2019 59.3823450034
2020 59.4012434655
2021 56.0595324772
2022 74.1131267277
2023 61.3366845696
2024 59.1479594225
2025 56.9732807976
2026 54.4376944752
2027 57.8758271637
2028 63.4470315902
2029 48.8647669975
2030 65.4950183714
2031 53.944352248
2032 59.6715060511
2033 42.8524701825
2034 53.5516740015
2035 58.8241641688
2036 64.7375985898
2037 63.5359396158
2038 71.1409042643
2039 58.092025621
2040 45.7016238502
2041 58.6100300919
2042 52.7830376929
2043 64.9276327742
2044 56.7034145098
2045 57.8867518687
2046 74.6956136628
2047 57.0460752311
2048 53.9410819447
2049 57.9231968309
2050 56.5781536325
2051 57.094171918
2052 51.6220573707
2053 65.7368268335
2054 61.1592720797
2055 58.1439318213
2056 63.3955204897
2057 64.1884023364
2058 58.6297828574
2059 55.9781909072
2060 57.4790658239
2061 55.7551465195
2062 75.8454521757
2063 54.8431164992
2064 69.7905256457
2065 48.1859352466
2066 51.425556258
2067 57.1139066419
2068 73.5345029077
2069 57.6664222301
2070 51.9844364604
2071 48.5631831843
2072 67.9341737251
2073 62.7002889644
2074 60.9899294597
2075 59.40872093
2076 56.3547966323
2077 55.9955075851
2078 58.9420796258
2079 53.4310947954
2080 81.0238044367
2081 62.0469102443
2082 57.3353644653
2083 59.3318979192
2084 60.5445975991
2085 58.3044137406
2086 47.0219260106
2087 57.1882780699
2088 60.6055268501
2089 54.6683265638
2090 61.950397607
2091 58.0872851132
2092 50.6840347316
2093 58.6705730355
2094 51.3860102327
2095 55.6637627013
2096 50.6427437962
2097 57.2660946677
2098 61.7490433401
2099 69.6680616419
2100 67.352806748
2101 60.7328032414
2102 62.9384784471
2103 58.5725824909
2104 65.2823420104
2105 67.2695231577
2106 58.2117064191
2107 64.183954494
2108 54.980295049
2109 52.0819954226
2110 58.057858224
2111 67.4845208995
2112 63.2466147591
2113 57.7770624954
2114 63.836891562
2115 61.6879428243
2116 64.2800418018
2117 56.7971529289
2118 65.5022056651
2119 58.007248426
2120 69.6426742966
2121 54.5796949044
2122 49.545325021
2123 51.7865166961
2124 56.0899155665
2125 53.5650231405
2126 56.9376474009
2127 65.2557111886
2128 44.6518710546
2129 61.069987791
2130 48.8376044812
2131 68.096426308
2132 61.193692784
2133 47.3388029158
2134 52.2242198317
2135 56.293694477
2136 63.5334491067
2137 63.3830683979
2138 50.502980774
2139 59.3178602816
2140 53.3273225908
2141 56.2295737135
2142 56.0460229416
2143 57.5810324192
2144 58.5744620759
2145 57.3195421036
2146 55.7680949242
2147 50.1625231145
2148 51.0155963175
2149 56.6802438086
2150 35.9790847373
2151 49.4235203538
2152 55.5074507221
2153 42.6809577851
2154 60.6663035601
2155 84.9811841533
2156 54.0063225613
2157 57.2519081661
2158 58.9808033986
2159 58.060539738
2160 55.6127559158
2161 53.713273141
2162 63.8949166842
2163 54.7939182321
2164 59.54380792
2165 58.8784019387
2166 53.2238678413
2167 60.3717125692
2168 47.7478849354
2169 52.9697819242
2170 63.9286563812
2171 62.0329678959
2172 55.8024198388
2173 48.9033422766
2174 53.2688026591
2175 59.796672463
2176 73.3601125617
2177 42.0268577806
2178 52.0058737446
2179 52.6162720071
2180 47.6970988962
2181 63.429290057
2182 58.8167882927
2183 53.9735273238
2184 70.7152962696
2185 52.4061197
2186 52.567186875
2187 45.6832158436
2188 55.7082406321
2189 60.5594329753
2190 62.7111641563
2191 54.0397479667
2192 51.209053013
2193 50.8804388668
2194 53.3803524199
2195 49.5645990921
2196 53.3425572038
2197 72.3073008006
2198 58.649470396
2199 70.2372565378
2200 64.1361924374
2201 53.9610727071
2202 63.8662521177
2203 72.1246643278
2204 63.9605241738
2205 63.1897345523
2206 65.2578162292
2207 67.9073146087
2208 72.3427159374
2209 72.4849226503
2210 68.6436195509
2211 45.4764553961
2212 66.3461300784
2213 69.4128903813
2214 64.3402409031
2215 66.8536138687
2216 61.1422533562
2217 61.4237450106
2218 63.0221546357
2219 65.4446534943
2220 62.5232294979
2221 64.1267561914
2222 71.8141645734
2223 66.451069641
2224 63.2112259077
2225 51.6817811072
2226 68.1446113947
2227 63.7623485474
2228 81.3493432481
2229 66.9681243622
2230 56.8556560004
2231 81.9806829968
2232 61.8490614648
2233 66.090389613
2234 62.4571481805
2235 74.4502010321
2236 63.5716851521
2237 55.7110864586
2238 64.6204540496
2239 58.7922864474
2240 66.1902541794
2241 66.124780194
2242 61.7715280939
2243 63.089926098
2244 65.8408302566
2245 63.1313557453
2246 63.0217244869
2247 77.6211973562
2248 62.5132428591
2249 62.6829472551
2250 64.1339752296
2251 63.4166011014
2252 62.5023908873
2253 65.8078721888
2254 56.0568412097
2255 62.0998691103
2256 67.2324524909
2257 66.1526100421
2258 42.2204638049
2259 59.7346009033
2260 90.9802801035
2261 65.6812846087
2262 69.1237978793
2263 48.753775301
2264 67.7481726219
2265 83.0444525765
2266 49.3445772789
2267 51.0130376907
2268 49.759840195
2269 57.5692931531
2270 49.2320945742
2271 69.371875869
2272 60.0051044446
2273 52.2084972449
2274 47.7127926767
2275 50.4287401291
2276 45.6030201302
2277 59.7551929511
2278 48.9731582041
2279 75.7576193763
2280 45.5370950611
2281 58.4654453124
2282 51.267042695
2283 48.8451302752
2284 62.2886179004
2285 48.552249871
2286 51.3534144775
2287 48.5925663654
2288 65.7167660319
2289 53.7531804497
2290 55.5792731945
2291 47.6373385963
2292 45.0811480609
2293 49.8184348297
2294 48.4853813713
2295 53.272149117
2296 66.3774428718
2297 45.8239210704
2298 45.6080757498
2299 59.358830203
2300 49.9540319166
2301 56.6137441169
2302 54.4398907458
2303 72.3207712345
2304 49.8432393743
2305 58.9455727933
2306 53.9342879216
2307 48.6134655761
2308 52.4743325579
2309 58.0020048142
2310 53.2750314203
2311 46.1608977457
2312 45.0066978054
2313 51.9573290453
2314 47.0899513401
2315 45.0636495359
2316 56.1338144961
2317 50.6536300499
2318 53.3978109586
2319 47.5280375765
2320 53.7980927225
2321 45.417718075
2322 48.2639365103
2323 50.9522056494
2324 67.8641071264
2325 56.6453536409
2326 55.8671743674
2327 68.4075504059
2328 50.7885664779
2329 40.1858398997
2330 54.7096300373
2331 60.1490990728
2332 52.0896553811
2333 52.3354274371
2334 59.611610276
2335 47.7599333801
2336 61.670901397
2337 45.2364344262
2338 54.6810964756
2339 50.9705511425
2340 54.5880768992
2341 48.4832861473
2342 44.0906197703
2343 48.7867654031
2344 68.5312030213
2345 52.9323422953
2346 50.7302388323
2347 58.6239841976
2348 51.5753384891
2349 50.8856457837
2350 59.3511180098
2351 51.4079266287
2352 55.600462563
2353 51.8978264024
2354 53.7448598298
2355 48.7536213533
2356 60.792419728
2357 58.535665145
2358 64.4403206822
2359 46.8829647827
2360 51.038331666
2361 58.5218073802
2362 51.4492880493
2363 41.3123980545
2364 56.8173592797
2365 49.2012274053
2366 51.9476173912
2367 77.5185702361
2368 46.2282347251
2369 45.7001465056
2370 50.6795358599
2371 51.9376447145
2372 42.6116923028
2373 54.9451670297
2374 59.2044987389
2375 48.391994685
2376 53.51567868
2377 49.2098463225
2378 52.0142731841
2379 48.0635634675
2380 55.2735387955
2381 51.7754972119
2382 60.1358996747
2383 27.3015049345
2384 53.7696110141
2385 54.7882868419
2386 56.2047485027
2387 52.6490694884
