u s
1 62.8353087552
2 71.3003015094
3 58.0335695151
4 64.8315986309
5 62.7450994892
6 49.0106491446
7 53.4983697954
8 63.0621247579
9 74.1796017929
10 64.3184931886
11 51.2957889854
12 67.2257566032
13 72.8041949337
14 62.7041001578
15 74.4622204377
16 62.4290577107
17 59.4755981281
18 60.462711381
19 134.855340938
20 59.324513529
21 63.6007837931
22 57.2418432673
23 71.4231361475
24 61.8369367088
25 64.6898946701
26 53.0955382466
27 72.3032573893
28 53.3654699556
29 59.0795056977
30 74.2287752193
31 68.10770905
32 78.7428793849
33 63.0432869963
34 71.1470876136
35 54.4147128686
36 74.2964805832
37 71.4984592632
38 61.5007077407
39 45.5943984578
40 52.3345481979
41 63.9477891742
42 68.6580640927
43 64.8422468472
44 61.6163256664
45 73.104196834
46 64.9461207768
47 62.7339422866
48 63.419139366
49 55.1198749356
50 61.9195898198
51 59.0369649686
52 65.2048172559
53 67.7918851144
54 66.2525736698
55 117.744468607
56 70.7438980588
57 79.6238070007
58 65.7903252428
59 63.6775784234
60 67.052727045
61 62.1665103712
62 80.1490422831
63 68.2392515952
64 73.999969254
65 78.6213137812
66 45.95194288
67 52.5329221684
68 55.8000279675
69 54.7949645061
70 53.8091513074
71 47.6621466981
72 47.4684443291
73 54.2434581297
74 55.6637151755
75 61.1136194333
76 58.4590446282
77 54.6697714017
78 52.7332659562
79 51.4575217258
80 59.4268427034
81 51.787737143
82 57.9854247033
83 38.7720207324
84 56.1021590467
85 50.2966779333
86 59.3035366391
87 52.054859875
88 43.8029172199
89 66.1736740947
90 52.0914573292
91 53.9933291399
92 55.2750068095
93 54.6341250756
94 60.0033272966
95 41.0881491993
96 48.7090118625
97 53.2475217111
98 20.6466675247
99 54.2989571786
100 53.6131231349
101 53.941991067
102 52.5783635545
103 56.7483158367
104 54.6677438235
105 52.768893334
106 62.5315389898
107 46.0852375039
108 62.0065035269
109 58.2661054074
110 56.3951536664
111 61.0146922398
112 55.7714459496
113 54.8203131491
114 60.6936327262
115 47.4555674691
116 57.6552131557
117 56.3723603361
118 53.7655582423
119 53.4788080705
120 57.1134298992
121 62.7874919755
122 50.2105131875
123 59.5216010709
124 55.0068374049
125 48.7698165971
126 55.5896387928
127 46.9064439365
128 49.3135610969
129 57.2019057367
130 46.967115555
131 51.9630654439
132 57.4280402258
133 61.1689802427
134 56.0275343474
135 54.5863947878
136 52.4497592338
137 50.3076738935
138 46.109711207
139 52.6032874432
140 52.5960120725
141 58.4685487353
142 45.2495104664
143 48.8871006421
144 57.0317502181
145 52.4080093982
146 55.1291756913
147 45.5862670636
148 50.3375028171
149 57.2818953338
150 51.4794030433
151 61.3124492595
152 48.8301467513
153 46.80520622
154 53.744480234
155 59.5820224656
156 55.633368627
157 52.750031402
158 47.2756053041
159 58.1629637459
160 50.2353015172
161 45.0503604189
162 53.3992754942
163 52.1188164322
164 47.0474303248
165 59.8516799443
166 49.2504607424
167 51.9308159525
168 47.9330598749
169 63.7761663055
170 40.2754917138
171 49.6442763216
172 48.9849137461
173 55.2827075527
174 54.7746752601
175 52.5616402744
176 50.5499389861
177 51.2939011622
178 55.2829672954
179 58.6421641721
180 51.6096253964
181 54.5601781249
182 48.1384054307
183 55.2312078239
184 56.2093087887
185 56.690908017
186 58.5942245861
187 41.3330333847
188 52.0227790801
189 57.2949049779
190 42.2581724092
191 49.0055838218
192 45.3276772636
193 54.6016920487
194 48.1295236522
195 45.5045794906
196 67.6414527943
197 62.2105690549
198 51.1724022147
199 66.6908509785
200 54.5166486652
201 48.4842350613
202 60.5253873614
203 61.3230673446
204 53.3627801686
205 65.272879864
206 54.9041958201
207 57.6027132928
208 59.893831272
209 57.9046839614
210 67.3229183697
211 49.4406645633
212 52.6401669905
213 41.0913466886
214 51.6644817871
215 55.5661131139
216 36.1249178073
217 61.9803354237
218 60.06755414
219 60.1075738053
220 46.7414039551
221 57.3646544978
222 55.7216721813
223 63.0124632043
224 59.7689325015
225 62.7432709238
226 61.4278951015
227 62.3724506861
228 49.3575614132
229 54.7555394618
230 62.8889211391
231 58.1111651598
232 54.5782265109
233 131.369963272
234 60.0507130262
235 53.3884771194
236 149.123695346
237 66.1865529051
238 51.6069272514
239 72.1190853804
240 52.3255878734
241 34.3249737311
242 64.0496876699
243 56.5618209144
244 58.1889112677
245 56.6739879864
246 53.4891771176
247 62.3512791564
248 50.6290026986
249 60.5636604013
250 35.9591944393
251 53.7627970149
252 56.6510067975
253 48.4297499605
254 54.4079478041
255 70.5287409474
256 56.3797447514
257 57.0763351579
258 59.9494588457
259 48.0666465642
260 62.3776655428
261 46.9202892588
262 66.7314073158
263 69.370732238
264 57.7667112773
265 54.9505804049
266 60.8384492297
267 53.3505835334
268 54.6397122576
269 51.9791328318
270 53.5555351641
271 69.1148292715
272 56.2006367671
273 54.994183763
274 56.8836688609
275 43.5038007498
276 53.7977949941
277 64.0451742087
278 60.0868029183
279 61.744930542
280 53.2352396978
281 54.8005611117
282 52.08955903
283 53.8424496779
284 57.9637020425
285 58.0888127349
286 59.1025160002
287 56.8095770366
288 52.4313923369
289 62.6111476647
290 64.3855133633
291 55.0179590698
292 58.4166029773
293 57.938489426
294 58.572991448
295 50.8915301416
296 54.3324948914
297 54.7903986097
298 60.0699241868
299 47.9658909942
300 53.9399823855
301 53.6314890506
302 54.0729452307
303 53.0511230031
304 56.1257995533
305 51.6615952727
306 62.0097678657
307 54.4320409489
308 50.7526779963
309 54.4437516518
310 47.8752853627
311 58.364404319
312 46.9504417901
313 54.5639331684
314 48.508411851
315 58.1912265521
316 55.7398830958
317 53.7576561716
318 46.5152145948
319 55.0632510653
320 56.3086245057
321 50.4975261721
322 57.9968567486
323 52.3570048914
324 60.1199099049
325 54.4887884512
326 56.6733441395
327 47.169505657
328 45.725538858
329 43.2583759206
330 48.6051634557
331 44.4629090682
332 42.1327217067
333 50.7208041379
334 42.8639614545
335 47.6460031904
336 60.5975810063
337 42.6501434563
338 43.6307073156
339 44.9843521488
340 48.9544273903
341 53.82335446
342 44.2646096205
343 42.8415968601
344 42.8371257349
345 49.5471080738
346 41.9403358031
347 58.712563417
348 51.0485798303
349 37.1967711604
350 44.9332314747
351 44.4790831817
352 43.2535414918
353 47.539682194
354 45.2098517512
355 41.7951381897
356 48.048164076
357 44.8199000397
358 43.691761408
359 45.282314497
360 48.9475421291
361 39.6874296268
362 54.2405874346
363 48.8369933264
364 42.1453461849
365 44.8178108771
366 47.7363646042
367 55.9449121807
368 43.982983923
369 39.8860569976
370 68.5067658169
371 46.5525633374
372 46.4718415107
373 43.5248706902
374 49.5157343542
375 42.7488410826
376 53.579171005
377 45.3562691596
378 46.8669405168
379 54.5697696279
380 49.1166037512
381 45.4580313446
382 47.9609343173
383 52.038511962
384 48.8519937209
385 40.08414987
386 38.6621528669
387 54.982568817
388 51.7011381524
389 44.1576190112
390 49.5740649555
391 50.2415530886
392 53.9325799282
393 49.0229413281
394 52.6453606029
395 52.3998643814
396 51.9831980216
397 59.6631291343
398 63.1770574719
399 62.0533338354
400 53.5851599458
401 50.9267773417
402 46.9658107163
403 58.4967578593
404 59.4224822206
405 65.7530473467
406 52.7483141861
407 51.0414711934
408 49.6293609514
409 52.7737880389
410 54.1988454076
411 51.6868864296
412 52.8911279388
413 59.6463871041
414 51.3908594618
415 56.5631355619
416 50.293912977
417 57.3803946095
418 49.5857808639
419 47.1636900275
420 51.1841968034
421 67.4510583669
422 47.5552967028
423 66.4740866009
424 53.5032382798
425 50.8256964841
426 55.6783814494
427 53.7678750904
428 52.1859720802
429 59.217239584
430 50.0017976661
431 57.7313403509
432 46.0641596839
433 54.6167811392
434 57.9269972528
435 59.8894498736
436 54.5056432243
437 53.1507954999
438 52.2234964946
439 51.2500266637
440 54.3789829516
441 53.7998879302
442 48.8972629259
443 53.4182463873
444 54.5011755318
445 55.6719882005
446 53.3725392549
447 54.2780833977
448 55.012651462
449 59.1677201141
450 61.4172952673
451 52.6261276995
452 54.7601871921
453 62.9198724827
454 80.3179595084
455 51.1739453611
456 59.2910699357
457 58.3123298977
458 49.2863417985
459 45.2363257402
460 52.2708019552
461 45.0638333009
462 50.5041629648
463 57.6793245037
464 49.2823553875
465 51.4705641057
466 54.2626536081
467 49.7015593688
468 57.6530151892
469 54.3611830775
470 55.8072653548
471 53.8568109136
472 61.8250289639
473 49.1664893046
474 49.0121049266
475 45.7092028056
476 50.672176114
477 60.4838879835
478 50.1019334613
479 49.9123763195
480 43.905236329
481 50.3110283024
482 49.5555730074
483 51.1425391452
484 48.3816722132
485 39.9188854627
486 42.5487365809
487 48.8457030441
488 40.6505323903
489 49.7458743118
490 71.5209205171
491 54.3856692636
492 50.0459399575
493 54.7201750311
494 50.2607381215
495 55.7852879542
496 56.4626870108
497 58.0867233184
498 49.800876454
499 40.5146881244
500 57.2861272387
501 48.126960704
502 58.4369994212
503 53.094528786
504 50.3631057907
505 54.8348944048
506 57.7878873682
507 49.2723557382
508 47.1857581871
509 51.685485601
510 49.766073286
511 46.9479034277
512 49.6867023545
513 49.2047208993
514 65.0356186351
515 51.0132270217
516 48.5262667093
517 49.3854995022
518 44.7801528383
519 48.6790202546
520 53.697038479
521 50.7097794692
522 47.8145421884
523 50.2754974698
524 55.7044821736
525 47.3609727919
526 60.5409402879
527 60.6961529147
528 51.1078453037
529 47.7067061515
530 39.8242136838
531 53.1572088586
532 52.5987687691
533 48.5285677152
534 48.1772857607
535 45.9669350063
536 59.5502469893
537 52.4895237702
538 58.4164771587
539 49.9162178666
540 50.8113600166
541 42.276029995
542 54.9626967077
543 50.8708829478
544 60.2903406587
545 58.9630992597
546 47.7213942624
547 45.0323406853
548 50.2899504141
549 46.9677219723
550 54.6921264651
551 49.8970713556
552 52.1272694651
553 54.6561487549
554 66.2502794049
555 46.0643452145
556 47.4894120965
557 63.6616309392
558 49.0657127
559 54.8385605462
560 56.7560014127
561 59.0233545403
562 13.940834148
563 50.7841965605
564 62.1207469103
565 46.5745781746
566 55.4656529136
567 64.1179869924
568 54.9029089627
569 54.2472776924
570 61.4386864489
571 56.5072190555
572 54.5162563424
573 51.6482661025
574 44.36749206
575 44.9863981918
576 67.1724499936
577 53.830913336
578 52.6143548024
579 53.4961433562
580 47.2992684623
581 52.2625787838
582 58.5070511693
583 46.5020915003
584 52.9050669478
585 60.6659802117
586 69.5154941287
587 68.6201304073
588 52.6038301353
589 68.2918048676
590 60.5223837839
591 51.9659662512
592 58.5235187171
593 50.7645129594
594 62.2842858045
595 58.0974668917
596 57.9475060378
597 67.1492111625
598 56.2582019115
599 58.1176763819
600 58.9564010289
601 58.7668508615
602 53.4039984038
603 54.3486186479
604 57.9124866944
605 55.660803825
606 46.4521742514
607 62.9804775794
608 65.1602609523
609 57.4323116258
610 73.0652625078
611 55.0724800774
612 61.76813219
613 56.1664519119
614 55.8161177995
615 57.9338146381
616 55.7562009926
617 74.1180189584
618 57.5536302348
619 46.385113434
620 56.022443219
621 57.0092061887
622 64.0947293239
623 57.7179710176
624 59.6147875862
625 59.8982727602
626 54.9559166775
627 55.2370992465
628 60.7784841257
629 58.9719849068
630 56.8986577132
631 70.1551627591
632 61.7575623887
633 67.8520265544
634 51.411732185
635 55.0569317305
636 57.0398868585
637 64.0846312121
638 58.8640090441
639 58.2535439574
640 52.1364566364
641 57.3008824317
642 64.6785271579
643 59.254698755
644 56.900768788
645 63.238048294
646 51.5993140107
647 56.7218866011
648 61.8762509695
649 55.8817720188
650 61.5025053929
651 52.766438603
652 49.7561774975
653 50.1519625596
654 50.272872258
655 54.8660612956
656 66.4938629736
657 48.7808447267
658 60.7600655618
659 50.7259407972
660 51.7164770558
661 52.4708222448
662 45.803123875
663 50.6211181059
664 51.4315815762
665 48.4337155464
666 53.0118996352
667 64.1442261725
668 52.2690829874
669 54.0283854117
670 54.868010488
671 52.5171974932
672 61.4245462893
673 51.2671445575
674 43.3804952117
675 48.0568824539
676 50.2943143526
677 67.9761440948
678 48.4576660915
679 49.8840485282
680 50.8544566897
681 51.8690559825
682 63.2274768714
683 47.3989809668
684 81.7223985382
685 47.3742695764
686 51.2162901543
687 53.2977968197
688 51.5414495551
689 48.4613172835
690 50.0721764335
691 46.1063364724
692 48.0559186782
693 46.0703281428
694 48.5812136635
695 46.4027981498
696 51.1828356073
697 47.1090492044
698 55.1497104437
699 48.7402177249
700 62.1429222276
701 46.8754022801
702 60.7527009055
703 58.3039247704
704 47.1272022608
705 49.4409939269
706 49.876127972
707 49.7813615295
708 59.3451201762
709 58.4214785311
710 50.5003996217
711 50.8105199335
712 49.6862580939
713 50.2215480264
714 52.8355864634
715 58.4729103782
716 47.1370923228
717 60.2272448538
718 63.3014384878
719 47.5018900071
720 58.6548679395
721 68.5831987666
722 57.513500532
723 46.8488603506
724 62.6410482879
725 65.46742639
726 72.4021813341
727 52.5761402201
728 57.5221069163
729 66.3420411351
730 58.6972126679
731 59.4709898749
732 59.6020725136
733 50.4227644672
734 58.8838055986
735 52.2731066075
736 55.2247179131
737 60.1769296958
738 63.1927815948
739 41.5556736328
740 60.994315212
741 64.3658080102
742 78.0765454566
743 58.1152544906
744 45.4055203181
745 65.3138228875
746 61.9079823267
747 60.7891114073
748 64.1703908162
749 66.0801084731
750 64.9670916577
751 68.7755576404
752 66.6392546552
753 50.9916946099
754 60.3248371858
755 47.9099304664
756 61.5669862347
757 61.1645745446
758 62.0665581524
759 52.9236396214
760 52.702029641
761 63.3466250924
762 59.6554475801
763 60.6824571839
764 59.13602515
765 64.2179689925
766 56.2685569966
767 67.3919750632
768 60.0082021508
769 58.9340661749
770 60.295353606
771 62.6817836303
772 56.4550957655
773 68.039533748
774 64.8121900441
775 48.6590608105
776 55.2123021099
777 56.9952782995
778 65.4089327829
779 46.636239535
780 51.113907564
781 65.4729239859
782 49.0659483122
783 50.3223620804
784 58.5702155612
785 52.2987224838
786 40.0290441916
787 48.7949164774
788 52.449825986
789 58.9916471101
790 51.0210439563
791 53.3124517365
792 55.8382109306
793 51.8116683847
794 47.4423204995
795 51.8930129774
796 62.440045124
797 52.8737082758
798 57.0145462772
799 54.411931753
800 47.2168235869
801 51.6687485787
802 50.9282941074
803 55.9165198008
804 50.6945236433
805 49.2827842961
806 51.6439505756
807 50.4345724836
808 53.1830926176
809 50.9727297191
810 54.3993360429
811 67.3070604708
812 50.5110363363
813 53.9584994947
814 57.7130966386
815 61.4839908674
816 46.8334232189
817 59.0232417692
818 62.1138361153
819 57.0702318217
820 56.2199511958
821 56.2393338605
822 62.950100876
823 59.0342304128
824 55.2573276653
825 55.7720972396
826 56.5315175558
827 49.343090226
828 49.8942404457
829 52.5102696039
830 56.0215796333
831 52.458895973
832 54.7344600127
833 46.3028436871
834 48.9378715733
835 49.7079558286
836 50.0811824815
837 52.2423196581
838 55.3181907556
839 51.2941798163
840 56.213128227
841 61.9189596719
842 51.4061642011
843 58.3337669006
844 54.0422981061
845 65.8802968089
846 49.4715175798
847 69.5008837318
848 64.8087747915
849 73.6144450039
850 63.2189185817
851 73.5420996027
852 62.0190815641
853 69.2220438648
854 60.0369819103
855 71.2492172108
856 67.3944696183
857 64.6021566019
858 61.780855193
859 64.5360118661
860 67.7301313672
861 63.0073855169
862 68.6659663164
863 68.4611678819
864 70.7203859434
865 62.659736801
866 59.1236155146
867 55.9572406193
868 74.8402065728
869 69.5566228807
870 50.6099660216
871 63.3225058733
872 51.5672359021
873 72.9575074154
874 62.9194381938
875 62.301653798
876 74.7383151007
877 75.2886260528
878 68.9263133141
879 44.93582839
880 56.5141545068
881 69.0631257784
882 68.3098465454
883 76.5678420892
884 63.3724815909
885 64.9956969645
886 45.6159316503
887 65.7090454475
888 64.3594744413
889 61.9475611604
890 63.6484449574
891 43.0545620204
892 57.4308629115
893 66.9964474686
894 71.4376717008
895 66.9363770966
896 72.344436351
897 62.1049112962
898 52.1266572347
899 64.691628892
900 64.3180085354
901 59.5988262651
902 76.5603403253
903 70.023203153
904 59.8366244495
905 66.9355587712
906 68.6441302814
907 67.1629478388
908 63.8556056004
909 74.4333493307
910 44.595013738
911 57.5652667006
912 62.7077295707
913 52.758196536
914 54.8861202146
915 48.2447496543
916 55.0788080448
917 54.171257553
918 50.1770387416
919 42.193738194
920 56.351676731
921 55.7177809466
922 54.5144275761
923 46.454827756
924 60.3584225569
925 49.3132404739
926 57.0326709927
927 50.4971563797
928 52.3802486887
929 48.5811424687
930 54.7602582694
931 56.2247151947
932 58.8083464713
933 48.2290612379
934 54.1108078531
935 47.8805988319
936 53.3285124449
937 45.3022258088
938 54.5436515857
939 51.6820075233
940 51.2161478683
941 57.7204260647
942 52.6082869249
943 51.473196672
944 52.280379982
945 60.8266984405
946 45.7015859291
947 45.6978818596
948 50.4806677477
949 48.8071308924
950 57.8862433936
951 49.9875265928
952 52.0218207001
953 53.8459244447
954 56.4670944354
955 61.0350122891
956 51.5587675137
957 72.2169904035
958 51.2743458359
959 53.7111078372
960 51.4952585904
961 58.0864637596
962 37.3999695394
963 60.1880994128
964 53.0419769977
965 52.0380134866
966 45.7113878819
967 53.3692297102
968 54.4791457524
969 55.3389637175
970 64.4540358556
971 53.5317465425
972 57.8611444535
973 51.3395034992
974 52.4573943378
975 50.3007170155
976 49.154094688
977 65.2339411257
978 51.6304519458
979 49.4809904689
980 47.5773253629
981 50.4095879105
982 48.9544318629
983 43.9895544041
984 48.8045885686
985 51.9571854137
986 40.7746591654
987 46.6915216469
988 49.5762039427
989 54.8992531527
990 56.9302739777
991 59.0996147349
992 56.5254024853
993 56.7944128317
994 46.9369353916
995 57.5609440106
996 53.6946147952
997 48.8107631011
998 43.0515467299
999 45.6250488829
1000 52.8205274148
1001 46.484782786
1002 58.9867502298
1003 55.8174148199
1004 49.4890662569
1005 48.8880815643
1006 47.4465428926
1007 52.3710058645
1008 50.0072291131
1009 47.0128996895
1010 55.9925548541
1011 42.5385701124
1012 50.3098091952
1013 52.9706399649
1014 50.7835372412
1015 62.0666607211
1016 49.7103400932
1017 54.2029747195
1018 45.3655379995
1019 44.9091116072
1020 57.2743637686
1021 68.2528999441
1022 48.0857774623
1023 47.3268785046
1024 49.1441102968
1025 52.8734111239
1026 57.1130407626
1027 59.3071626856
1028 57.6803795962
1029 46.3269344074
1030 48.3556569342
1031 52.5580893784
1032 45.4402728243
1033 51.8955642995
1034 48.0844250504
1035 55.486469555
1036 54.396949875
1037 55.6090739737
1038 51.5545788323
1039 55.4143627246
1040 52.2537978796
1041 53.9753451975
1042 60.0002245677
1043 54.5691681076
1044 54.262695988
1045 62.0278976813
1046 53.5175434493
1047 58.3904096956
1048 52.5233778041
1049 48.2658379976
1050 56.2639365834
1051 56.9304121617
1052 49.473912567
1053 54.0106513036
1054 57.4332946124
1055 54.9316680659
1056 60.4590593497
1057 55.60303784
1058 55.6048680439
1059 54.1976755312
1060 52.7923069119
1061 64.481100273
1062 58.2792482116
1063 63.6086757991
1064 51.1628701669
1065 56.3929976034
1066 54.6398152805
1067 61.1607833827
1068 54.9232159013
1069 61.9224463184
1070 64.5467782657
1071 63.1621945334
1072 56.662975433
1073 62.1418114454
1074 56.212789514
1075 76.8568865167
1076 53.8714313346
1077 54.8531004991
1078 55.3323678302
1079 50.938357198
1080 53.4644061383
1081 56.7724312702
1082 53.5762316694
1083 61.1733800772
1084 52.715918372
1085 55.3301431714
1086 56.1010827455
1087 61.7627851785
1088 53.7180563437
1089 53.8698223626
1090 55.4589360906
1091 51.6459513695
1092 54.7285899625
1093 64.9396218843
1094 63.0337123005
1095 54.5535931589
1096 59.4392139626
1097 54.4379446253
1098 54.1034393658
1099 57.3088103396
1100 48.3078193751
1101 48.6727257169
1102 51.9428612389
1103 48.2500873747
1104 47.5785598715
1105 51.4338877994
1106 50.3592234232
1107 51.1698349713
1108 48.4438236584
1109 50.904784666
1110 37.3176244567
1111 44.7587127944
1112 55.6337379963
1113 47.6953217594
1114 38.5695836851
1115 53.4381617655
1116 58.8616718205
1117 28.7112718772
1118 57.9176833508
1119 43.047072775
1120 54.2129828236
1121 49.9845659975
1122 51.6913891206
1123 49.6354195818
1124 50.9237536706
1125 38.9975053014
1126 46.2461930808
1127 53.1216211632
1128 50.6403036458
1129 57.6907699334
1130 53.5172697895
1131 48.7726139309
1132 46.4820529109
1133 59.8664830585
1134 60.3359121962
1135 46.7441574491
1136 55.176735982
1137 55.8667322842
1138 54.1803029029
1139 64.004767722
1140 54.1096766472
1141 49.974501625
1142 55.0160143184
1143 51.59753817
1144 62.9806811314
1145 56.6498548458
1146 50.0534732418
1147 47.9194777188
1148 52.9549126747
1149 58.0789959608
1150 48.1939894967
1151 45.549081496
1152 47.4946668902
1153 51.0676859544
1154 50.1337196039
1155 47.2842360213
1156 48.684176976
1157 57.3477436646
1158 46.9183100614
1159 47.3451327603
1160 49.5148846931
1161 46.3464994237
1162 51.6650428533
1163 47.5771667119
1164 50.955460567
1165 54.0948227547
1166 46.1753637729
1167 46.6634129343
1168 48.7121185805
1169 50.8210686363
1170 52.2120091247
1171 57.4453986735
1172 48.4373797144
1173 59.0266938247
1174 51.0437496203
1175 50.6296766329
1176 50.3799038176
1177 55.3468620105
1178 51.084815366
1179 49.2195718843
1180 48.1962348569
1181 56.1699845734
1182 48.0831716365
1183 54.9313457879
1184 47.6631823097
1185 46.7301227426
1186 49.6795628925
1187 54.1069737882
1188 47.3972761912
1189 45.9552968292
1190 50.7965383913
1191 46.5680822278
1192 49.9179114118
1193 64.6638060741
1194 49.039176542
1195 50.7737944112
1196 50.055160696
1197 51.4318178412
1198 49.146238677
1199 50.8296642906
1200 48.7897224657
1201 50.822506259
1202 55.9701566045
1203 60.9629464934
1204 47.7501302245
1205 46.5533909882
1206 50.5167085805
1207 32.0781997937
1208 50.4166477067
1209 57.4563764576
1210 55.2815444915
1211 47.1075648454
1212 53.6625039579
1213 50.8082354843
1214 50.0491985014
1215 49.649552381
1216 53.4730155551
1217 49.7912311705
1218 49.0165923156
1219 49.137160316
1220 51.2357076694
1221 52.2195978844
1222 56.8504729615
1223 46.1388473581
1224 46.0709341903
1225 67.6158240842
1226 48.8932631918
1227 60.1590485758
1228 63.4571982684
1229 47.381664537
1230 56.9121473751
1231 46.6543857172
1232 53.2094432865
1233 53.0394385603
1234 60.1665810155
1235 58.594109781
1236 58.3267410099
1237 42.1775558938
1238 47.4604383279
1239 50.6178948479
1240 51.0993396651
1241 55.9182441311
1242 57.3307110128
1243 46.536399354
1244 59.6418949894
1245 58.8415736959
1246 53.0820016288
1247 52.2194827193
1248 53.1363627235
1249 50.8561776774
1250 57.9547582389
1251 47.6371509708
1252 49.4590408601
1253 48.6814251069
1254 52.1049595696
1255 49.1460279305
1256 52.6519665472
1257 50.3639690272
1258 51.7657886861
1259 48.4911622925
1260 48.6997412347
1261 49.7092193063
1262 48.6258061985
1263 53.7513536638
1264 52.5400626851
1265 59.0402458119
1266 50.1386735471
1267 48.4112237197
1268 50.6839666688
1269 50.0790393133
1270 60.3510480676
1271 47.8466895178
1272 50.5533376764
1273 48.3817180558
1274 48.9511663027
1275 60.7564596124
1276 56.6209154218
1277 44.2677896049
1278 57.9625817666
1279 51.8441328966
1280 51.7776004605
1281 50.1814911423
1282 28.803506115
1283 47.9585387708
1284 30.1201300091
1285 56.1738984908
1286 48.9680501407
1287 49.9140982373
1288 53.1443857527
1289 47.4981137641
1290 51.8890752708
1291 47.7966698381
1292 53.5881207931
1293 59.9448732459
1294 51.4985555085
1295 60.7128051003
1296 64.2072171384
1297 57.9323850983
1298 39.4264353442
1299 54.9049872366
1300 50.2150937941
1301 47.6653922331
1302 52.2069546894
1303 57.205733156
1304 45.5489614533
1305 64.2336967982
1306 52.9220587624
1307 49.5778569223
1308 48.5875222368
1309 52.0983367298
1310 73.3938964112
1311 45.4399016212
1312 48.8474891942
1313 52.4881454968
1314 63.2839009887
1315 48.2710626529
1316 55.204045022
1317 53.0239300204
1318 53.711443163
1319 50.7550500318
1320 46.2629987135
1321 42.1479657857
1322 50.603021062
1323 52.2926897306
1324 50.967054321
1325 54.3822482225
1326 50.4371440635
1327 47.0152479386
1328 53.1015789977
1329 53.8839067393
1330 48.9774893138
1331 49.9773741854
1332 51.0246042936
1333 49.1147250617
1334 54.2347236197
1335 52.1841921169
1336 56.83305049
1337 52.1585161182
1338 51.7633588839
1339 55.754907522
1340 43.5018868997
1341 50.325440109
1342 59.2893417572
1343 46.1230081156
1344 51.601481076
1345 51.5258173969
1346 51.7860468032
1347 51.4359443728
1348 56.6850453136
1349 53.0068829349
1350 57.6469791819
1351 47.4619377203
1352 48.4826470915
1353 53.7048381548
1354 52.5128066907
1355 50.9107721441
1356 62.5324696639
1357 47.7712373597
1358 54.8531220934
1359 50.5394303719
1360 44.693469934
1361 53.1734604876
1362 39.3432608083
1363 65.7197508198
1364 42.4475723498
1365 60.8108485537
1366 49.6845090661
1367 50.2794694454
1368 15.6227406226
1369 50.0238587868
1370 53.8735218895
1371 44.7847644867
1372 58.0015999718
1373 48.3431534475
1374 49.7794834824
1375 47.8815625993
1376 51.3671034422
1377 49.9190184508
1378 51.4554622447
1379 50.9208662742
1380 51.9198593622
1381 61.4623321585
1382 50.2638228494
1383 53.307482422
1384 64.3030081108
1385 58.8628510387
1386 50.8559271246
1387 50.9414548337
1388 54.8620391482
1389 46.5904611504
1390 48.0016024531
1391 72.0040920167
1392 43.9733873034
1393 49.294350143
1394 42.9170228476
1395 46.6926362819
1396 55.8690049368
1397 46.5289727987
1398 47.9221367584
1399 55.7686441385
1400 49.7406730396
1401 48.5904197463
1402 58.55541019
1403 52.8826054633
1404 48.4542038738
1405 59.8487662266
1406 44.8368591471
1407 55.2105890592
1408 45.9059917633
1409 51.2704017435
1410 55.213401102
1411 69.0301622938
1412 59.7827804656
1413 59.0432128654
1414 52.2515160044
1415 49.5116840864
1416 49.3469660945
1417 46.6620062903
1418 52.1961674409
1419 57.4297344642
1420 57.5848469729
1421 54.6585228415
1422 46.183671088
1423 63.7258071631
1424 58.8253239868
1425 50.6473982992
1426 55.8004134326
1427 42.5335751678
1428 47.4653819706
1429 41.8162678602
1430 64.3743953551
1431 51.647850279
1432 63.7898925595
1433 59.2271114703
1434 58.6133848201
1435 54.161275945
1436 49.2290310431
1437 50.6794527574
1438 60.8086167662
1439 51.7922808547
1440 50.0979434208
1441 75.0786797083
1442 55.3390235384
1443 40.6022846141
1444 50.3859988473
1445 54.7483126463
1446 47.1389849644
1447 63.9663206979
1448 49.0122636215
1449 52.1470504452
1450 50.0670590374
1451 50.8137765533
1452 47.2628128645
1453 51.5442194301
1454 46.959747946
1455 45.0459258831
1456 54.5264177891
1457 56.9295322782
1458 49.6620423059
1459 56.3808285312
1460 50.2176389794
1461 52.2005520836
1462 47.0563729459
1463 50.3903236284
1464 51.9835534096
1465 43.0200084597
1466 52.9726488733
1467 52.0701215409
1468 47.1206003157
1469 49.9396849982
1470 57.7318092045
1471 49.8168143031
1472 54.0662740659
1473 58.3652779479
1474 48.587508784
1475 50.8935418626
1476 60.0981922276
1477 64.3708117526
1478 51.3803160718
1479 52.0141871124
1480 50.9004587388
1481 45.6705812763
1482 44.2874203512
1483 52.0762600805
1484 46.9682242756
1485 49.6885628174
1486 52.3253177402
1487 50.8282224664
1488 59.8775129005
1489 53.3581678933
1490 63.5506100664
1491 61.7572898868
1492 66.7925529978
1493 56.651604394
1494 48.4438209448
1495 66.3861767429
1496 45.9988083571
1497 56.540525353
1498 56.5202939985
1499 50.8453853714
1500 63.6469107066
1501 54.008394735
1502 58.6345695586
1503 60.2960070684
1504 54.0600493173
1505 47.642145813
1506 55.0251478918
1507 63.0284392495
1508 49.904369663
1509 61.0159416581
1510 54.3969865628
1511 51.5705210084
1512 53.6632662834
1513 50.872817107
1514 56.5230565235
1515 60.133692014
1516 54.875433565
1517 62.2016557864
1518 52.2078548909
1519 53.4966093429
1520 62.1719558996
1521 67.5306023663
1522 54.969170939
1523 56.3609043363
1524 55.21149922
1525 55.9573230424
1526 56.5140974892
1527 53.0625548733
1528 41.2829029823
1529 54.7577750273
1530 49.2544284466
1531 67.1547485971
1532 51.3478360111
1533 58.6049791932
1534 45.0574142292
1535 58.0201499265
1536 54.1213435605
1537 58.4078096909
1538 53.816571103
1539 55.0629136251
1540 68.1859319366
1541 48.2939762611
1542 51.3395768314
1543 55.2989351843
1544 56.7819394128
1545 55.1785226017
1546 59.4602596329
1547 58.9180901598
1548 59.1956542669
1549 54.3679334061
1550 56.32311637
1551 49.091109225
1552 49.5870476663
1553 58.5151726918
1554 55.2372094737
1555 59.8257222746
1556 36.5708582478
1557 55.5019019441
1558 47.4390647769
1559 51.6460313859
1560 60.1927630914
1561 52.1380800791
1562 56.5486567561
1563 51.5316962302
1564 60.7245141185
1565 48.2035245228
1566 62.3699681014
1567 49.0220683308
1568 46.9634557197
1569 47.8048159208
1570 44.326436729
1571 41.7387504433
1572 50.747478309
1573 45.0492372
1574 47.6469924128
1575 46.29383753
1576 55.2648738286
1577 49.7217342499
1578 56.9053499956
1579 61.5672756829
1580 56.5981927926
1581 55.688350553
1582 51.9183483578
1583 44.4253632214
1584 56.3748992334
1585 46.6519640957
1586 52.320587764
1587 56.9361647759
1588 48.2258029181
1589 49.8088666602
1590 50.395479253
1591 48.1925826288
1592 56.5792090085
1593 58.0979203808
1594 49.8041280797
1595 46.1394265268
1596 52.8032184044
1597 54.3696771501
1598 57.8233105295
1599 53.6791487823
1600 46.6781272333
1601 65.2555027121
1602 49.2255382173
1603 64.849372462
1604 53.9980601239
1605 51.7363615858
1606 53.950448197
1607 52.265203753
1608 45.5679003155
1609 16.9894224762
1610 62.3578859255
1611 52.0093507549
1612 42.9462606675
1613 51.4940180631
1614 46.0196139754
1615 56.1516735217
1616 47.2695860629
1617 87.8611142919
1618 78.9440508195
1619 81.0207786302
1620 75.2357918963
1621 70.0149849466
1622 64.9936505952
1623 70.1603663403
1624 69.5834046112
1625 80.9507477573
1626 68.308622947
1627 48.7722594647
1628 46.084376934
1629 61.397329449
1630 96.0897101953
1631 68.3162113664
1632 64.4603603918
1633 65.2177749457
1634 72.5592783698
1635 68.0645998691
1636 86.8022888707
1637 71.6084917489
1638 80.6314343717
1639 77.3702859436
1640 77.8187753942
1641 81.6629739538
1642 63.7002799046
1643 75.8334802319
1644 80.3187143828
1645 73.0705070241
1646 73.7780087736
1647 85.4674295504
1648 80.3400263012
1649 67.1392558096
1650 74.2792919143
1651 68.0533554752
1652 65.1281797705
1653 97.8904902428
1654 64.247443269
1655 72.8016545818
1656 85.7481576834
1657 75.3380389125
1658 71.9442404392
1659 60.9195243842
1660 73.486833764
1661 43.4525460282
1662 68.6361756746
1663 82.0826760182
1664 64.3732678679
1665 74.1497572043
1666 64.810359123
1667 74.2890868801
1668 78.979128039
1669 61.4776485969
1670 75.0579627893
1671 89.8586468376
1672 86.0439680058
1673 70.0340504638
1674 84.3339577944
1675 69.1103462977
1676 84.1794376554
1677 87.1249993186
1678 47.4740306509
1679 56.4209247861
1680 60.7465797852
1681 64.4535792689
1682 63.79004855
1683 54.1054710299
1684 71.9080523802
1685 59.2474156896
1686 58.7569504908
1687 52.7272954363
1688 55.7850121961
1689 61.200618652
1690 58.2724229144
1691 52.9377607048
1692 61.8515517642
1693 59.6939426282
1694 63.8840783502
1695 58.1659330595
1696 63.3676590907
1697 60.8694238278
1698 57.5700824889
1699 69.6467943408
1700 62.3307463507
1701 53.7031823076
1702 56.5034166881
1703 60.8557523656
1704 58.706742517
1705 59.303781554
1706 65.911449186
1707 63.0590278352
1708 63.3723326806
1709 67.0277920953
1710 62.8039536178
1711 61.542721136
1712 62.420240552
1713 61.1472932002
1714 51.2288089565
1715 58.1382115
1716 62.1378754693
1717 58.7851230607
1718 56.0624616387
1719 59.4517573145
1720 79.9581063238
1721 60.9550775181
1722 59.2508319192
1723 62.1958800527
1724 62.7677648746
1725 64.0920169463
1726 60.9744827072
1727 58.9968159474
1728 62.167703894
1729 64.4910493993
1730 51.0799739142
1731 52.4272937673
1732 57.3401022418
1733 56.7162044243
1734 54.5577567166
1735 55.4343626696
1736 64.5540825408
1737 67.6072876031
1738 52.7941874587
1739 60.9824042461
1740 53.3135671198
1741 56.5650450909
1742 64.1673226645
1743 55.6278754242
1744 56.375634161
1745 55.1898683978
1746 54.333879519
1747 45.2339645341
1748 53.3276176106
1749 63.6045999753
1750 65.8116622236
1751 48.6963038164
1752 49.3408345638
1753 54.8466013775
1754 52.5443143791
1755 51.2089187393
1756 54.3213462853
1757 65.5925641124
1758 49.132546134
1759 53.958892612
1760 52.9441429327
1761 48.540063164
1762 52.5510801668
1763 55.7652478345
1764 64.6038987195
1765 43.9125985191
1766 49.010564996
1767 50.0920852468
1768 55.9884203366
1769 49.0445811226
1770 63.9554810472
1771 51.2239480558
1772 52.9467280957
1773 54.805646821
1774 60.4903726453
1775 57.4137963737
1776 45.2815962389
1777 53.306587323
1778 53.6553497255
1779 55.8492381708
1780 54.7661409526
1781 60.1953102054
1782 52.3378284529
1783 55.0278082677
1784 53.3811883452
1785 51.4352249752
1786 62.0754851224
1787 63.2738775373
1788 59.570337676
1789 55.2361053022
1790 51.8535011039
1791 56.8949818097
1792 51.4400767973
1793 65.0413759322
1794 50.7454213995
1795 47.0218222107
1796 61.2227703012
1797 55.4957106954
1798 61.6657724072
1799 55.2254686939
1800 53.1078277523
1801 51.3268965773
1802 60.5755157196
1803 46.7683346916
1804 56.6673449698
1805 62.5076955756
1806 44.517245657
1807 50.1460865321
1808 66.9377563486
1809 74.2700219096
1810 71.6197977849
1811 79.325288994
1812 87.6858094332
1813 62.8046433141
1814 67.8112775495
1815 80.5360341551
1816 76.1000238489
1817 79.5188574853
1818 74.7537158817
1819 86.6676563684
1820 65.672749308
1821 69.7114371405
1822 68.8976803545
1823 64.403887835
1824 79.133061776
1825 68.0766205138
1826 71.2387982972
1827 70.5108612183
1828 78.8122532994
1829 67.0111994309
1830 71.4133465015
1831 75.3638378219
1832 64.6523319358
1833 80.5618659311
1834 80.1315358762
1835 72.0582642683
1836 77.3238494823
1837 71.9305829749
1838 81.7303469648
1839 63.2391946923
1840 65.9804461439
1841 78.2788912322
1842 74.5998934991
1843 66.9508722389
1844 63.8921358158
1845 73.0294656193
1846 67.2809090544
1847 73.153597085
1848 76.8883883162
1849 97.3880433339
1850 68.214440496
1851 75.9100431224
1852 61.4322128672
1853 72.8497016758
1854 73.8092984115
1855 62.7933654748
1856 66.9687331121
1857 65.3622868809
1858 84.2777654379
1859 81.5760632861
1860 68.1277490928
1861 81.1221096033
1862 70.8098759853
1863 71.3992360553
1864 68.2164396943
1865 53.5272435074
1866 73.3349075163
1867 62.3256375668
1868 92.1773556916
1869 80.8314697704
1870 74.0312895731
1871 72.9006435411
1872 75.4744264726
1873 75.4833744423
1874 77.6500364639
1875 74.4944206612
1876 63.5690901175
1877 72.9867645263
1878 82.6808915067
1879 73.9734722586
1880 86.7004922987
1881 71.4991421194
1882 62.6873987286
1883 84.9209405202
1884 86.3252591109
1885 60.0711787983
1886 68.5420615633
1887 74.1007669119
1888 71.0257056327
1889 85.4068975038
1890 70.4588035641
1891 83.7756999819
1892 78.0755057735
1893 65.7901937671
1894 71.024464758
1895 64.051833617
1896 66.2282555624
1897 85.113345442
1898 75.0197908443
1899 50.4245537895
1900 60.4483528851
1901 51.8496016013
1902 55.7383698843
1903 42.7211593605
1904 50.5622674149
1905 51.4611554949
1906 46.5955835969
1907 48.5877289452
1908 50.0270910691
1909 58.6927120297
1910 47.0451416328
1911 49.187860282
1912 43.0536069706
1913 56.4387793126
1914 49.4384590636
1915 45.1779280278
1916 45.9807508202
1917 62.7510853031
1918 56.9645842861
1919 50.6571863675
1920 46.4777343766
1921 54.2629371741
1922 45.6582533691
1923 50.4760665437
1924 48.6717461556
1925 53.6081179853
1926 52.9037161017
1927 66.061443026
1928 52.1023240378
1929 49.2399259133
1930 46.2322087838
1931 20.9714575147
1932 47.6830752267
1933 50.5888522346
1934 48.7031609106
1935 51.9754423736
1936 59.4923892103
1937 49.6002095156
1938 47.2182667117
1939 50.7676590969
1940 51.9664938355
1941 49.7893866458
1942 62.0453671921
1943 53.2737974846
1944 38.166401898
1945 49.5261196236
1946 48.7175819649
1947 56.3470188838
1948 50.6433334708
1949 44.8466445106
1950 47.899302056
1951 48.4636697579
1952 49.2980551083
1953 55.5604153284
1954 49.4565163417
1955 54.0035883241
1956 55.9246879386
1957 51.2031934063
1958 50.8575561233
1959 47.4638597079
1960 53.5662426996
1961 55.7997184177
1962 51.9953824124
1963 53.231667761
1964 53.4024786425
1965 53.4250711027
1966 60.9372070088
1967 62.4838736012
1968 66.7191936144
1969 55.7537488517
1970 50.7719730086
1971 54.3955469355
1972 50.3559948714
1973 54.6506859367
1974 62.6902237208
1975 66.6198230302
1976 59.6826366558
1977 56.2286749863
1978 51.6690721588
1979 51.6133267912
1980 55.4733654995
1981 52.3365626673
1982 47.9432303528
1983 67.4935757394
1984 55.698624866
1985 53.6012867522
1986 52.5950172371
1987 64.5308577963
1988 51.4065705514
1989 63.4381401739
1990 51.2339179529
1991 69.301246194
1992 61.2144781883
1993 55.0466471799
1994 52.8026585019
1995 50.7978351605
1996 60.6568026584
1997 53.8315053387
1998 56.4906585908
1999 72.145737308
2000 57.3853999756
2001 57.7264715063
2002 57.0198225659
2003 50.0048547037
2004 44.6698985118
2005 19.5736403675
2006 64.055795439
2007 53.675955912
2008 57.6574163886
2009 59.035229488
2010 50.7245113574
2011 50.7164347081
2012 55.7710813292
2013 50.8265658477
2014 48.9329603118
2015 49.052936419
2016 82.1692674752
2017 53.6565362831
2018 60.045066108
2019 55.7616908858
2020 52.1992382762
2021 52.8749916933
2022 51.7433400287
2023 61.2832549782
2024 54.4745759127
2025 52.5717378755
2026 50.8034975269
2027 55.9822188739
2028 50.2599705366
2029 47.4519572392
2030 52.4791645452
2031 50.8493314577
2032 45.4636868408
2033 72.962040722
2034 44.8341835936
2035 48.9114635263
2036 48.8718260893
2037 50.8746415763
2038 47.6842208818
2039 49.2857885378
2040 49.292263222
2041 58.4864263588
2042 52.6667255986
2043 45.3833003469
2044 46.5342396112
2045 61.7725609483
2046 45.2503096775
2047 52.9920209651
2048 44.9088273541
2049 53.7534608496
2050 60.7279149244
2051 56.0802905265
2052 50.1482696696
2053 42.8330968211
2054 47.5861465643
2055 55.734892466
2056 44.6775822821
2057 52.8229554211
2058 43.3331952025
2059 54.450333338
2060 58.6493218235
2061 46.8902101716
2062 42.9903251561
2063 51.5445632474
2064 42.1975405144
2065 47.9306151252
2066 51.2036765228
2067 45.0275208681
2068 44.563181959
2069 44.8332219834
2070 58.1980791904
2071 45.8836557439
2072 46.2933530632
2073 60.1838634846
2074 58.5569012832
2075 57.4128637091
2076 43.5910500542
2077 57.1148191162
2078 58.1083312916
2079 45.5241500478
2080 54.1769781434
2081 45.2497621929
2082 51.5637094286
2083 54.4137836107
2084 42.0556934876
2085 47.3955924558
2086 51.462282503
2087 46.5871633544
2088 43.9689550955
2089 47.1343078085
2090 53.8540082433
2091 45.9179739726
2092 51.926421616
2093 53.5733814941
2094 57.5427100409
2095 49.3517877959
2096 61.6215760414
2097 39.6421585225
2098 46.6109379898
2099 45.7324803099
2100 55.5633145826
2101 51.9358753045
2102 47.9327974868
2103 60.6175052934
2104 54.3806205898
2105 59.2318284848
2106 57.9337180778
2107 56.8202237952
2108 69.8246775571
2109 51.4265610626
2110 49.9801099356
2111 52.650899009
2112 47.0590754878
2113 67.7863433238
2114 49.1988487973
2115 53.3737139639
2116 52.8903915749
2117 49.0294438429
2118 49.0749095509
2119 56.460258224
2120 47.5161426332
2121 57.6905643744
2122 61.0870160938
2123 52.4006003425
2124 41.7554194903
2125 46.9357852714
2126 52.4246370126
2127 55.3435188886
2128 52.5106433881
2129 53.1118646636
2130 49.6322779867
2131 49.875984488
2132 52.429909298
2133 47.4083583951
2134 50.156116839
2135 51.4327219825
2136 53.9558890508
2137 54.0486052839
2138 54.4285324393
2139 49.9461206071
2140 51.0414580861
2141 50.1502325109
2142 52.791354339
2143 47.7904574312
2144 64.9672261075
2145 54.8640325056
2146 49.5053499249
2147 51.3487928571
2148 59.1387325879
2149 51.4957623991
2150 58.7267387859
2151 51.6229138851
2152 48.233961258
2153 54.1233164295
2154 46.9195749174
2155 59.3347608794
2156 50.8034828776
2157 51.3753635902
2158 47.079743683
2159 67.4262163356
2160 59.4765678882
2161 54.9527490681
2162 54.5419214241
2163 64.9742634656
2164 63.5709049115
2165 62.3200060204
2166 60.1637869236
2167 55.2906585969
2168 57.6478593158
2169 59.7756838583
2170 56.4896472254
2171 74.2893227415
2172 62.8317774133
2173 53.4378085116
2174 56.5766106359
2175 64.2048587837
2176 61.2589221466
2177 53.7783514365
2178 57.7173461696
2179 60.0408824973
2180 52.4503137951
2181 61.2904067722
2182 49.5366831988
2183 56.1707497584
2184 62.0456685914
2185 50.6402408425
2186 54.9245167913
2187 56.2537928667
2188 57.9984712174
2189 57.5984786533
2190 67.5062894126
2191 71.1100366154
2192 61.1710328787
2193 65.2306389365
2194 58.9755454583
2195 64.4210663676
2196 62.443114384
2197 60.8424132941
2198 57.9041112723
2199 51.5668091927
2200 55.2985242514
2201 57.3939220835
2202 73.0603535387
2203 63.3289506489
2204 55.9043201498
2205 64.2353062437
2206 65.4777523352
2207 66.0335101533
2208 56.2793242631
2209 65.7529830543
2210 57.5992286764
2211 64.1786701324
2212 52.8905211371
2213 55.344641106
2214 53.0485439587
2215 49.5396963004
2216 53.2591009229
2217 67.3230078741
2218 60.2433891995
2219 46.8394444465
2220 61.0456611249
2221 57.2202359531
2222 56.9351533305
2223 61.3053850726
2224 44.5340480095
2225 49.6822846013
2226 52.6106142273
2227 49.6981147067
2228 64.2811067273
2229 46.0706753743
2230 58.6840076994
2231 47.8864181901
2232 55.636804397
2233 62.4804845761
2234 52.3895595832
2235 59.0004987827
2236 53.80226739
2237 54.8532147087
2238 57.3718575925
2239 49.4598119742
2240 55.6013020117
2241 36.4819228362
2242 50.2862082361
2243 54.6245475192
2244 51.500517896
2245 59.6742336256
2246 60.9863224194
2247 54.2151990327
2248 55.3790593456
2249 54.9140391781
2250 62.3250305031
2251 55.5652924527
2252 51.0694166942
2253 49.6163747718
2254 54.4631542905
2255 69.4860395536
2256 67.7253475986
2257 53.8698169417
2258 59.3284775504
2259 48.6806474092
2260 50.0572158361
2261 53.0656180717
2262 46.2447515374
2263 56.6538542493
2264 48.144197981
2265 52.3106142404
2266 62.4020623224
2267 61.0559979298
2268 40.0501891445
2269 45.5981801464
2270 51.7048239461
2271 59.3808963963
2272 58.914021746
2273 55.0037116759
2274 58.7935931786
2275 70.2166720234
2276 50.955945763
2277 50.8578912208
2278 43.8834791399
2279 55.0535155752
2280 63.4929167932
2281 56.0907915493
2282 49.6377753622
2283 50.3589624971
2284 50.1594862592
2285 47.6230433873
2286 54.8403313634
2287 50.0125057968
2288 69.0050304929
2289 55.9600287487
2290 61.0822650423
2291 59.9004740179
2292 52.2285761551
2293 63.8018097082
2294 71.3297277359
2295 60.7407125097
2296 66.8578053652
2297 63.767555034
2298 58.9499074848
2299 67.5485083803
2300 68.775320331
2301 65.8860417301
2302 46.4400567657
2303 62.6571745806
2304 65.3131522651
2305 57.336465752
2306 62.4901784954
2307 61.2442001999
2308 57.29704716
2309 64.1299101988
2310 70.8610646446
2311 59.242457254
2312 64.377760202
2313 68.7474737029
2314 63.143202589
2315 60.1748323635
2316 50.6630902067
2317 71.194322599
2318 57.5745703721
2319 66.9758688059
2320 68.1271762075
2321 55.8750750567
2322 72.871336122
2323 61.7109801706
2324 71.9856603712
2325 58.0978855483
2326 78.8572224229
2327 57.2875658269
2328 58.2699244085
2329 65.9081266577
2330 54.3102630094
2331 61.8993555922
2332 62.6197400912
2333 63.5154528299
2334 62.3832766994
2335 63.6625617976
2336 58.2620210124
2337 59.8088777015
2338 62.7052365435
2339 57.0973782791
2340 57.6582827299
2341 64.5015194002
2342 57.1958402641
2343 57.7319667119
2344 66.0256642194
2345 54.788411887
2346 58.7838903722
2347 73.5565742383
2348 64.042356005
2349 41.9191199703
2350 58.6674828688
2351 71.4505811366
2352 60.8664701695
2353 71.3210612118
2354 50.4368806495
2355 52.4659205111
2356 62.0745963301
2357 52.4411054291
2358 50.0200413011
2359 53.7761153401
2360 57.3050864894
2361 50.2590195968
2362 50.1360730675
2363 58.4424536277
2364 51.6543338078
2365 49.9296314095
2366 52.7409617766
2367 57.6486357784
2368 52.1282188536
2369 46.8949714005
2370 71.642657781
2371 49.1966907291
2372 57.2496045406
2373 62.248749795
2374 52.0799505587
2375 61.7614352322
2376 49.5661261249
2377 52.090246648
2378 49.0139641367
2379 60.5435725367
2380 61.6567277718
2381 49.6615323005
2382 56.098438545
2383 47.3476233489
2384 54.1376163489
2385 53.3462023493
2386 56.0715803004
2387 59.2592419485
2388 48.2644706462
2389 52.7133293575
2390 55.1867713141
2391 50.0748227743
2392 49.0098983363
2393 52.2464856947
2394 53.1275544117
2395 48.7163415709
2396 50.4432053191
2397 49.9861887785
2398 54.3575422947
2399 49.7638565146
2400 53.2784521824
2401 52.1283870714
2402 47.6182548864
2403 51.5085920405
2404 58.8203019852
2405 47.9986086151
2406 48.2733142053
2407 53.2240956131
2408 51.2526296319
2409 52.3423103934
2410 52.2711840463
2411 60.5910182909
2412 53.5231023924
2413 48.2505910367
2414 59.0032396049
2415 57.4764902837
2416 58.7296476611
2417 49.5097908607
2418 57.1622826425
2419 51.7741408382
2420 39.5282709429
2421 52.6883960205
2422 57.2944685781
2423 48.8807775465
2424 50.0986652182
2425 55.9241298262
2426 51.020861289
2427 60.3464688803
2428 56.2879367481
2429 55.7354491996
2430 48.9111115956
2431 51.2570533664
2432 49.0620945418
2433 54.8184386072
2434 48.6476357755
2435 51.8372070984
2436 48.6356657
2437 48.3188223174
2438 55.119396607
2439 49.8467250382
2440 49.0436517645
2441 57.697841951
2442 49.5939412195
2443 52.9348169905
2444 49.8936599393
2445 48.0630276122
2446 49.6872397465
2447 58.2708035922
2448 57.8480788436
2449 60.6423876912
2450 50.1128874089
2451 49.2052756111
2452 58.7154331541
2453 48.9405112396
2454 46.2681705452
2455 52.5726829574
2456 48.4434890994
2457 51.2404611898
2458 66.9661638883
2459 50.6215900098
2460 50.19759185
2461 50.0146203824
2462 49.9969382612
2463 44.3440036287
2464 55.9281126881
2465 51.1667611217
2466 54.4785448752
2467 49.4826452286
2468 47.2504723171
2469 50.4351849695
2470 56.6237602916
2471 57.8383382133
2472 49.2883331186
2473 58.0476456286
2474 32.0908349527
2475 53.2393175779
2476 56.8115329304
2477 59.0664707576
2478 49.6588045033
