u s
60 37.8923688452
120 26.0810384734
180 23.5807925075
240 23.9720496603
300 45.6640662762
360 23.7120026532
420 42.1823425136
480 31.7445077448
540 37.1257058093
600 33.1934029288
660 37.622638779
720 24.2309225366
780 43.8592915442
840 34.1756235416
900 32.2839373089
960 24.2922205692
1020 37.3816053143
1080 39.1185596838
1140 23.6638698963
1200 35.8245502782
1260 23.5728405073
1320 33.4025955096
1380 35.3455919895
1440 41.6768622055
1500 42.220305883
1560 28.422082195
1620 33.2973046631
1680 35.654616964
1740 34.4848464811
1800 27.3356887258
