u s
60 24.1071642318
120 23.6615308577
180 36.4207828365
240 23.1692639016
300 38.6362212485
360 49.6243408121
420 27.7744100914
480 42.6617168783
540 53.8713057081
600 30.2944129245
660 42.015265029
720 29.2237870015
780 34.1651909609
840 37.6071551055
900 39.6790378723
960 23.6019806136
1020 35.282120787
1080 51.9939017807
1140 39.6743434709
1200 37.0183951894
1260 28.6029107044
1320 25.0057267757
1380 49.9844894579
1440 35.2823672085
1500 31.1522389295
1560 34.2547423921
1620 33.4909851467
1680 29.253415438
1740 39.7569246444
1800 29.1964523799
