u s
60 37.3242539608
120 38.5246188949
180 36.0629485649
240 61.3174323796
300 37.2872873954
360 24.0107527947
420 37.8615876696
480 24.890119491
540 62.7050957152
600 25.4857804697
660 35.8856739959
720 42.6979471517
780 25.4734932397
840 23.8901636384
900 37.3828370099
960 32.2266522813
1020 49.2912251049
1080 37.8689701276
1140 30.1506259861
1200 58.5530350824
1260 24.7144216413
1320 25.1094493908
1380 73.9187456274
1440 40.3147651156
1500 33.2041821368
1560 31.5935076716
1620 37.9329467912
1680 42.1024213652
1740 37.503375346
1800 44.5670552675
1860 38.8995438408
1920 56.3808976531
