u s
60 26.8721256397
120 37.1781265316
180 28.8933735526
240 24.36303163
300 22.8971617358
360 39.3893266133
420 24.0680701333
480 26.549079794
540 16.7865470728
600 33.3912291678
660 22.0883303069
720 16.2469408164
780 23.8477199927
840 21.7863058137
900 25.2335108458
960 26.5643629566
1020 44.4134922468
1080 40.9116768628
1140 43.4743219457
1200 23.3402955236
1260 34.1225908731
1320 22.4065113354
1380 18.100215341
1440 19.8187934603
1500 23.5715849055
1560 32.1224973888
1620 22.4702506908
1680 17.0520827753
1740 29.3724085745
1800 18.9455441388
1860 33.1434793456
1920 22.0954823906
1980 22.9349928755
2040 18.6725707384
2100 19.3498477376
2160 42.4415529948
2220 26.7016560245
2280 39.6098260679
2340 22.615515796
2400 16.7779531984
2460 42.8269036176
2520 40.0791075419
2580 27.0475700451
2640 19.8675693747
2700 35.4599589103
