u s
1 56.3049160318
2 71.7739283517
3 58.6241428148
4 63.4836382552
5 63.9209683111
6 48.6687421406
7 56.9818973094
8 55.2536418216
9 71.9858656822
10 63.3510340447
11 51.4532200605
12 62.8339857836
13 69.5066236295
14 66.4354605519
15 75.603782044
16 59.6812121291
17 64.7743258143
18 58.4987125517
19 174.318101006
20 62.4741442673
21 61.0433884135
22 63.2253884856
23 75.760956711
24 62.8505139825
25 66.4662621617
26 71.4410262916
27 67.8421754516
28 51.923673464
29 53.3703325744
30 65.5707491461
31 64.3229032435
32 73.0480663135
33 61.4425406677
34 66.9963461028
35 58.956233849
36 66.7395715488
37 72.0881067629
38 62.1129591205
39 46.7229794231
40 51.9755969979
41 65.3397256065
42 58.0285714259
43 63.3241892488
44 64.7095564245
45 69.5914966063
46 67.1730369392
47 62.869302309
48 62.4147977699
49 53.7904503032
50 62.0477250266
51 62.6145260707
52 62.8672154008
53 67.9360399361
54 61.4140827178
55 158.172525079
56 69.9651693794
57 75.3878027581
58 71.0937880529
59 64.6224810342
60 66.4071965868
61 74.6892359489
62 87.1504979609
63 65.8100072582
64 67.8412417714
65 90.5381361065
66 52.5880113196
67 53.7580291391
68 55.0077818147
69 120.007486467
70 53.397478733
71 45.7058669254
72 50.6962427395
73 45.7714115858
74 59.082910082
75 58.4998845601
76 58.7314030557
77 54.1695809848
78 56.7037875149
79 55.5754774621
80 55.205265442
81 46.7634405828
82 56.4623886807
83 43.2661142986
84 52.9643536214
85 47.1336945246
86 46.2172522339
87 57.8375626667
88 47.3670823974
89 59.1635981033
90 54.8410583827
91 55.6164209379
92 55.4082209963
93 61.9764547491
94 61.4788682719
95 37.9894081604
96 48.5421605198
97 44.8597631382
98 123.986086051
99 44.6452208492
100 53.1689307299
101 56.0041455142
102 56.7793974863
103 53.9403911475
104 66.8438155306
105 57.7612502683
106 64.745569413
107 52.6204917059
108 58.6670494159
109 66.525734153
110 56.6621723638
111 57.699592907
112 62.1457901242
113 59.2094539544
114 59.9840166494
115 59.7657775139
116 59.2795745862
117 54.0965225904
118 58.9202509533
119 54.1605208587
120 60.8991299872
121 57.9370524357
122 52.224658688
123 62.2889150687
124 55.7255896525
125 45.7385197198
126 53.2391863089
127 50.4799468921
128 45.3284318108
129 57.7203785345
130 52.1270248613
131 64.7054879843
132 57.9622777482
133 59.3637820907
134 64.5989348262
135 55.6695843201
136 54.029267738
137 55.1394764467
138 57.5672568588
139 60.8970582036
140 54.2600730136
141 63.5862693468
142 54.4351093774
143 52.0935876949
144 55.0090001481
145 58.2087788095
146 60.7700748748
147 52.0336490352
148 52.6556594549
149 67.8583907267
150 61.5017562059
151 64.5415586892
152 52.5683345663
153 54.4559012114
154 52.8396038842
155 58.3370274775
156 61.9071973554
157 57.1146057628
158 56.4002589766
159 63.0671136985
160 54.7538287101
161 52.7322980236
162 58.0726169201
163 62.9434398029
164 50.3428791716
165 54.7720362346
166 56.3584581571
167 51.56085417
168 53.4496129731
169 60.6458120683
170 44.7795839857
171 51.8424547271
172 51.9308544617
173 53.8947635665
174 56.2646896777
175 61.895593063
176 59.411926551
177 55.7262690165
178 60.8178809202
179 49.7726758875
180 57.5340770001
181 61.3452706816
182 59.5507037779
183 56.7256801504
184 44.250169354
185 51.0303262139
186 62.6300949375
187 45.2264947204
188 60.6739186171
189 57.7956759242
190 43.1858128033
191 54.3130746618
192 50.9198456271
193 62.7266844153
194 55.2578921952
195 58.4345739236
196 57.6162716644
197 53.8796909129
198 49.9037690996
199 57.195151038
200 48.9058134603
201 53.0499923662
202 51.6627835469
203 53.16736177
204 47.0458658507
205 52.6733041916
206 48.3817326387
207 54.2739079451
208 50.8761268031
209 59.7619113127
210 54.6531178311
211 49.2402183727
212 53.1688076812
213 43.1540679728
214 50.4908229405
215 50.9177174301
216 39.9724673683
217 66.7625223549
218 66.0549397449
219 52.9412319858
220 42.4620522255
221 50.2522825155
222 47.7208815968
223 56.2677996868
224 51.738630565
225 54.4625179122
226 48.1812449478
227 61.8425654082
228 52.9336385641
229 39.7804766528
230 50.3025508441
231 55.0399157707
232 46.9136498498
233 175.143232897
234 52.3878498234
235 48.8439626237
236 192.794617873
237 55.320304084
238 47.4142211358
239 53.010098746
240 44.9841732811
241 76.4131093253
242 52.2656701292
243 59.4129616045
244 52.1929023568
245 46.2693475142
246 49.3183266649
247 53.7787122274
248 60.5243334747
249 51.4581082
250 73.4939171515
251 49.3928242338
252 49.8588997208
253 47.4367005198
254 47.0154399284
255 58.2954687779
256 49.3618803377
257 52.7703798254
258 57.3798095628
259 51.2992206248
260 58.5189185059
261 40.7424260245
262 53.0257377243
263 108.098179572
264 53.5596961694
265 49.0478153506
266 47.3048159369
267 53.6872549935
268 47.289403384
269 47.9463218688
270 51.2408869061
271 67.2735679582
272 54.5850251959
273 51.4938390633
274 60.412079402
275 55.1372380041
276 54.5559310501
277 71.3923100572
278 65.7067425545
279 52.1594244
280 49.5185317233
281 55.8315300087
282 51.1113937316
283 52.1835504924
284 64.0142021229
285 50.4998155682
286 55.2876317519
287 60.5525645434
288 54.0719267995
289 57.1699254075
290 55.7249417482
291 59.0864491948
292 58.2562919119
293 54.9085996849
294 58.8249258164
295 49.4289781057
296 61.9553766396
297 54.4215413088
298 51.4212274845
299 47.9584472758
300 53.7251327143
301 50.8921128248
302 51.1144222024
303 50.6091812653
304 49.9538504495
305 53.3521086933
306 64.0392274983
307 57.2958829875
308 53.3252299534
309 49.1424007495
310 63.4985634827
311 61.2985137504
312 54.0392003537
313 56.5533194587
314 54.4331563091
315 53.7342355376
316 70.3831889668
317 48.9981200901
318 51.2995762566
319 55.9727360336
320 46.8519521726
321 56.7162064048
322 51.7752917358
323 61.5359638393
324 67.5563107218
325 49.4993497146
326 54.7814201508
327 46.6194247082
328 52.2485447321
329 41.4867337486
330 47.2597677947
331 46.3849578741
332 52.405870489
333 52.6739594194
334 47.945321247
335 51.0674635421
336 53.0599692069
337 60.3917275342
338 44.1129823011
339 48.4417239201
340 56.9195178553
341 64.2100583644
342 53.3367963349
343 50.5567485857
344 52.9388280974
345 41.1284778291
346 53.0859986477
347 50.3961374557
348 56.145984456
349 49.4384271049
350 50.8083679505
351 47.100236344
352 48.2190084944
353 45.7874943424
354 49.677022342
355 44.3820692666
356 49.9553164087
357 54.247876395
358 51.3801495844
359 49.6824234406
360 45.8812646052
361 36.6206185225
362 53.528513161
363 47.6480544291
364 53.4304890465
365 47.7124731412
366 46.2543188228
367 54.5765730472
368 51.7177160911
369 47.0659637469
370 99.9480649622
371 58.6249684723
372 56.5487185882
373 55.170096107
374 47.067158525
375 49.6659840595
376 42.2280622973
377 43.9317089867
378 46.5833524842
379 51.598679054
380 49.7160258057
381 50.8389389353
382 47.8386432153
383 58.1469058449
384 52.6105563124
385 51.0117498203
386 52.5220384469
387 46.1513056603
388 51.2506051244
389 66.4784736352
390 56.9188348123
391 47.5193743479
392 49.1847167642
393 52.7687399384
394 50.5739577401
395 45.9687276991
396 50.4739136118
397 53.1895014069
398 60.1988642174
399 60.8111356717
400 51.385779633
401 51.063640353
402 50.5211762131
403 54.0859306754
404 53.5314697762
405 54.6820566699
406 54.7852323457
407 49.1916415457
408 53.8295626259
409 47.225325855
410 50.6923572208
411 49.5298887236
412 49.3895505257
413 56.6109501502
414 50.340655885
415 48.5126567411
416 61.0059372079
417 52.4163553873
418 49.827720306
419 52.6122146665
420 50.4274787502
421 55.325112349
422 52.9246275945
423 64.8343717105
424 57.3279273845
425 47.2423302068
426 51.8800683769
427 50.1461973254
428 51.971707756
429 62.2232083736
430 48.145924608
431 51.3698863305
432 45.565496175
433 61.8009797436
434 57.3400139797
435 71.4822878892
436 57.2773814811
437 62.6764549272
438 50.2479027401
439 46.1998851914
440 52.0487970857
441 57.2578729693
442 50.3058595424
443 49.9158521453
444 50.1459202389
445 58.2354392878
446 48.9965915962
447 49.3272954558
448 49.7396833706
449 44.7484225696
450 52.364081968
451 47.9607835562
452 45.3130457357
453 58.0537244307
454 85.5375101418
455 58.6377548108
456 63.2879435511
457 66.1573850241
458 53.1859807161
459 50.5067725597
460 55.2232138316
461 53.3254262544
462 48.396385201
463 59.1352698283
464 50.5140372176
465 45.0291424108
466 62.3280293994
467 59.1346158564
468 56.9949090485
469 56.623475189
470 57.9340608593
471 55.5574935803
472 67.9862494107
473 53.9793833598
474 56.8562829251
475 51.8110714392
476 60.582984274
477 64.1048421939
478 54.7830196366
479 52.4521211172
480 53.9002897894
481 55.6814811823
482 60.0226133836
483 53.4256206275
484 54.7050535445
485 45.3828423155
486 53.0949311485
487 46.9654130073
488 43.7935737394
489 56.3888359096
490 104.498728334
491 62.061602449
492 53.2970666876
493 57.733115212
494 56.5102636857
495 60.2153638424
496 61.6491608013
497 53.6635519705
498 53.7636881644
499 35.7879828148
500 64.0254994414
501 57.1729844992
502 47.8857796297
503 60.3379440798
504 58.8642177906
505 72.844215045
506 56.2990833743
507 56.6192658204
508 54.8938152892
509 57.9323193228
510 53.7865197108
511 49.9467266699
512 57.4246533741
513 53.4107642965
514 72.952187913
515 59.8840099454
516 49.8168152578
517 55.1542386298
518 56.5462002112
519 49.612753811
520 58.2007967728
521 47.7851224171
522 53.2771483713
523 51.4511359102
524 55.4063266013
525 52.364497688
526 56.2487724518
527 55.7043224778
528 54.8167401383
529 48.2113519792
530 38.0632795495
531 59.1127788438
532 56.6664492022
533 54.9262192931
534 52.2896257525
535 44.7834995854
536 58.5786161802
537 53.5066031988
538 59.2407987106
539 47.0055628083
540 53.7375206699
541 50.838251405
542 54.9000840461
543 56.4128910226
544 62.1398425221
545 52.2572218047
546 50.2468501804
547 46.4041616725
548 52.6949926011
549 59.9584662874
550 57.6123270904
551 56.6678539004
552 55.8664316814
553 53.6260473816
554 58.9235397036
555 54.5047365915
556 43.9578306145
557 107.868957134
558 52.7507341172
559 57.44354891
560 69.912006195
561 61.5104877836
562 110.339104342
563 48.7513992259
564 59.5138651023
565 50.0826726702
566 54.1583409639
567 59.5550950349
568 55.6771091238
569 52.4875605943
570 56.5337015211
571 60.5585629854
572 57.4822162759
573 55.7104178583
574 55.0395586164
575 52.2711084623
576 65.1759755992
577 58.7234237073
578 56.4984890071
579 53.6438941676
580 57.1555371289
581 62.0900452124
582 55.5160348084
583 47.3499922478
584 56.2893121714
585 62.638040258
586 58.9693855809
587 73.065033231
588 63.2106049169
589 72.7241893586
590 59.9704955145
591 49.4111643436
592 53.6949556383
593 50.1724111537
594 59.0861866567
595 53.2597140697
596 54.9374540441
597 61.6078637979
598 55.1214244603
599 57.6759019883
600 57.6972954643
601 52.9218776899
602 59.2601319928
603 51.0392373999
604 52.1949237466
605 59.0613175771
606 41.4433516343
607 54.2024612865
608 57.353782717
609 66.1292428723
610 103.203246605
611 48.8783042087
612 52.0099069631
613 48.2549032995
614 50.2724892447
615 50.9343011418
616 62.2844644307
617 73.546955737
618 52.8145928332
619 50.9240707919
620 53.0865698979
621 52.5456678701
622 59.4299843843
623 53.180899126
624 53.5268681599
625 52.7739129769
626 48.5190447654
627 54.1143551699
628 47.190089954
629 53.9902843658
630 53.4456871651
631 59.8883652276
632 59.160951174
633 63.5297469377
634 54.2004145875
635 52.373273422
636 52.1630895101
637 66.2851388747
638 51.6267911528
639 51.0751531501
640 52.3816729719
641 49.9093471614
642 55.5421783074
643 52.1867251301
644 50.4233662258
645 60.931611349
646 52.73341822
647 55.9780384156
648 61.6506863299
649 52.8728576243
650 64.1392359266
651 48.2155125679
652 48.4617855162
653 58.4586872888
654 46.1019200535
655 53.6353386869
656 46.4988776129
657 50.7524224154
658 49.7568910353
659 46.5745678935
660 52.6605408736
661 47.2760332062
662 47.5929043405
663 48.3508755523
664 51.300533785
665 41.5486346084
666 57.2065533004
667 58.9764013915
668 48.3876073398
669 50.4647571759
670 45.0963184225
671 54.293566891
672 53.4122797353
673 48.8676646631
674 40.9545495619
675 43.6192764959
676 46.7779201735
677 55.6782761858
678 50.5778999972
679 45.7277660593
680 49.2548281086
681 46.3215942323
682 48.5133376235
683 45.0617432791
684 86.0229167477
685 49.4556552425
686 46.9747796706
687 48.1492087078
688 46.1557833293
689 48.7463540451
690 45.0317944739
691 45.0152260639
692 47.9711988583
693 52.9170687284
694 47.1578235471
695 47.2809245926
696 60.185072916
697 46.0293143622
698 49.3269519197
699 48.4697655292
700 54.0199723994
701 50.0838923643
702 47.3970763376
703 42.6105745892
704 47.0144178202
705 55.0648009118
706 51.318945836
707 61.1638828825
708 63.2736077731
709 55.7221608371
710 45.9875713571
711 47.6087560139
712 47.1042624766
713 56.6624238127
714 41.6099868039
715 63.2344262935
716 53.9006230638
717 63.2348398257
718 67.2014504577
719 56.1899951196
720 59.3160322178
721 64.0162797365
722 61.8206460229
723 47.8816322007
724 66.291766723
725 74.0592071008
726 68.7861682712
727 52.9040223726
728 54.0382269294
729 71.66216118
730 56.7488828631
731 66.4298698854
732 61.1625867864
733 51.3535822729
734 63.1344948863
735 57.4064341849
736 61.958093876
737 60.6318982901
738 66.7064314217
739 53.4044455253
740 67.095485691
741 68.8156679624
742 81.0268763713
743 63.9614117402
744 50.1918201462
745 70.2298308977
746 66.0526671172
747 62.1666703248
748 70.3482217732
749 73.8980016422
750 66.5240956607
751 71.8651130131
752 65.1280780391
753 55.0510460886
754 67.4557574773
755 123.779705278
756 60.1210416292
757 68.0999723084
758 68.5072111476
759 64.7740962599
760 57.1578096567
761 57.6440151438
762 59.6872844189
763 64.0307533922
764 63.8998188138
765 57.3070552648
766 60.2210776622
767 61.8974987962
768 68.5517164156
769 58.7944773802
770 69.1207157005
771 62.9357948233
772 58.6442778012
773 77.7088182499
774 68.9759998904
775 50.8148251081
776 57.7670925103
777 59.0618698863
778 67.2404865457
779 54.6482319485
780 56.8372884993
781 63.1804950633
782 53.0201675872
783 51.127423244
784 52.931431981
785 54.6469959284
786 40.6175913703
787 45.6604231022
788 53.130862654
789 63.0777819317
790 52.8782893597
791 57.5186427455
792 57.2193387993
793 57.1156396786
794 53.505809162
795 58.6531267235
796 67.3131134226
797 53.8980086452
798 62.8821894862
799 42.2013269796
800 48.8306640276
801 53.2213884444
802 53.0924164905
803 59.5495214396
804 60.8135932452
805 60.9565716152
806 52.4061916135
807 52.9044526861
808 53.0661522519
809 51.8991593307
810 48.9160666276
811 62.006923228
812 60.1432247232
813 53.2365099507
814 55.2045256492
815 56.1046762581
816 56.4179205122
817 54.2759615332
818 62.6531175283
819 50.3601438275
820 62.2130548119
821 55.0258181074
822 65.3814977227
823 54.1960753642
824 55.7668834229
825 57.7855040599
826 53.9000211093
827 50.5673885654
828 51.1794832167
829 55.0291987283
830 57.4387999925
831 54.1105698712
832 52.5716239287
833 49.9375073102
834 51.604898143
835 52.1541970292
836 51.704718596
837 54.264624031
838 59.5705614033
839 53.5956660959
840 62.0451955269
841 68.0269392138
842 51.7849820693
843 47.7221983448
844 58.225080374
845 66.7609645932
846 50.1313098335
847 66.5926844657
848 62.002671007
849 72.2459424807
850 57.4793107274
851 71.5746137979
852 53.4896654847
853 68.0668164191
854 64.0086844524
855 71.3748648202
856 61.6306608998
857 66.1187643917
858 62.5215977915
859 57.7726331476
860 61.4399027325
861 59.7129864242
862 60.7710676692
863 67.1880032966
864 69.4629057509
865 61.5101989337
866 46.6107811824
867 50.8770923253
868 75.8615821292
869 72.9448708094
870 52.6204911631
871 58.2667159387
872 48.4909467655
873 75.1137463922
874 60.2155516498
875 62.0084573753
876 69.5767222357
877 69.3040495334
878 65.9788850766
879 42.5275043863
880 61.7670040918
881 104.947650895
882 64.2710002689
883 72.4970484726
884 62.2606898465
885 59.2016776384
886 41.90525028
887 62.0523030045
888 62.623494499
889 56.7368969652
890 72.9300185241
891 45.5869067575
892 57.8936430374
893 60.2051061645
894 66.90072243
895 66.664985752
896 66.2788784367
897 62.5041449038
898 46.3855435736
899 65.3112487779
900 59.59206961
901 60.3669666501
902 73.9753500398
903 57.4317495702
904 53.8718459641
905 60.1083091686
906 68.6433142374
907 65.3045390333
908 63.8233894314
909 71.5511223737
910 51.6108273013
911 59.452752324
912 65.4983894744
913 52.9867712457
914 54.9920324632
915 45.6822993572
916 54.2908551372
917 57.6692772632
918 61.3973489305
919 71.1200450713
920 50.5530877624
921 61.7745800752
922 56.7250812499
923 61.2660196876
924 65.7497204339
925 53.670333195
926 47.680320401
927 54.3520540652
928 59.7711120552
929 52.7969513395
930 61.0920217936
931 48.0121589905
932 59.1353910881
933 58.3759901618
934 55.5380221486
935 55.1146272242
936 59.2384201437
937 56.974885294
938 55.5565318715
939 54.478526257
940 54.7920277407
941 54.1982625859
942 52.6507874104
943 54.5960513183
944 56.3583863068
945 65.8732167131
946 52.4513340504
947 50.8535597454
948 53.624945985
949 57.0612436906
950 59.1770565062
951 49.6448435123
952 52.792423049
953 51.0805814353
954 54.404502378
955 57.7484093175
956 54.4960130526
957 64.1662694991
958 58.9124730439
959 54.0414757801
960 55.4592658448
961 61.9138889228
962 41.7894596709
963 57.1165078544
964 58.0358650969
965 55.0618172095
966 53.8078002675
967 55.5759903061
968 51.1189581299
969 54.3376664608
970 61.1526670052
971 53.7187060017
972 58.4632353557
973 56.5571558264
974 46.3580028099
975 54.3589428999
976 52.4560896475
977 58.8968590364
978 53.8685197557
979 51.6469324111
980 49.3778484882
981 59.5836976481
982 53.5888011677
983 58.0858763528
984 53.0806718347
985 55.0810290135
986 41.1652042276
987 52.7348410246
988 51.6678310575
989 56.9941567897
990 66.1518871639
991 60.2615387442
992 56.4643201434
993 54.3804268909
994 49.5013182041
995 50.914885259
996 51.4843842174
997 53.2847055878
998 53.6087174107
999 50.3166279424
1000 61.5225998921
1001 56.012083372
1002 58.7463842564
1003 59.4339413537
1004 63.5911038098
1005 54.4587861509
1006 52.9770121961
1007 56.3996373426
1008 50.7086400671
1009 50.3593236165
1010 46.0686089576
1011 51.8500796807
1012 53.3840582232
1013 57.9365145033
1014 58.8607125681
1015 67.1797898658
1016 52.9127686804
1017 68.765887125
1018 50.8296588437
1019 54.473849151
1020 56.9702954185
1021 74.5361682737
1022 56.6469891544
1023 51.5625092323
1024 53.4818372397
1025 68.0225456538
1026 56.1365611067
1027 60.6430041248
1028 59.0734638672
1029 51.3117539696
1030 51.9380992065
1031 61.2711939254
1032 51.9184071596
1033 55.715709401
1034 50.9646991125
1035 58.1257509555
1036 56.4979632876
1037 56.6466744667
1038 55.9044535802
1039 54.6613954598
1040 58.6326576665
1041 55.1567247305
1042 56.5055994543
1043 56.2517764874
1044 52.9961949183
1045 59.3909499637
1046 54.8123556051
1047 58.9002977803
1048 55.0366974218
1049 51.0962323637
1050 45.5715210598
1051 62.4450835645
1052 50.9399783864
1053 50.2283415801
1054 56.9633128613
1055 56.0247772179
1056 68.5010961303
1057 56.3815909409
1058 56.2308399902
1059 55.3997709322
1060 55.6150872551
1061 62.8860215597
1062 73.3950864686
1063 59.5414186876
1064 52.3046990942
1065 56.6128688287
1066 56.6652148423
1067 47.6740614429
1068 56.3730211506
1069 62.0505308917
1070 57.0810590759
1071 56.7241068367
1072 52.7283271854
1073 57.255237026
1074 54.3404302418
1075 81.5402318284
1076 56.754466874
1077 62.8669017534
1078 59.5095813032
1079 49.615859127
1080 58.1887291096
1081 56.2171133897
1082 52.931164553
1083 60.4377922518
1084 60.4777381669
1085 60.6232573474
1086 55.7729056458
1087 67.3870411367
1088 56.5957326753
1089 48.4148846767
1090 57.7034133444
1091 53.0483421524
1092 56.7129291731
1093 68.2991915801
1094 61.9607013058
1095 51.3845015717
1096 65.0833919111
1097 51.1594137603
1098 55.3475171714
1099 57.0542227562
1100 44.9228825862
1101 55.5504314822
1102 53.0771604911
1103 52.8962407977
1104 55.0976785882
1105 53.4656419819
1106 58.8278722972
1107 53.7807965279
1108 46.7346252808
1109 52.5550899751
1110 41.0479036057
1111 50.2080728488
1112 53.2882704317
1113 55.7474045666
1114 42.8280603471
1115 40.8345926231
1116 59.1058903189
1117 79.1908964249
1118 46.4890628067
1119 43.6326808354
1120 54.8846502418
1121 62.830919029
1122 56.6385856594
1123 59.4955999054
1124 54.2762134906
1125 40.4602983496
1126 51.8183779426
1127 66.0488003564
1128 53.683853156
1129 50.055026651
1130 55.1443973546
1131 52.0343197298
1132 54.4936555538
1133 63.9584013995
1134 60.032603631
1135 51.6994583231
1136 57.0888963982
1137 54.9428847889
1138 55.1959265834
1139 54.7193740951
1140 49.8556027282
1141 53.7621902247
1142 56.7545428969
1143 55.7083939582
1144 64.9186920963
1145 53.463493134
1146 54.3943671712
1147 53.0950002619
1148 58.9704671137
1149 57.3149686579
1150 52.1156692423
1151 49.5115590838
1152 53.4730089367
1153 48.1695523157
1154 52.7552950494
1155 46.8015298993
1156 53.4824941952
1157 55.5538540784
1158 46.3405499863
1159 59.8045707978
1160 51.451736836
1161 53.7637442568
1162 56.00195581
1163 61.1875811435
1164 54.1880274901
1165 57.391435903
1166 47.6639298692
1167 53.7150865997
1168 49.3978872483
1169 48.4433164928
1170 47.9221402148
1171 46.355569278
1172 48.1692536059
1173 64.9209480928
1174 52.06760891
1175 47.0085899378
1176 48.6089235904
1177 50.8548729081
1178 49.2953087861
1179 48.3508091127
1180 49.0717864286
1181 59.5647457456
1182 49.0504134455
1183 45.9543094676
1184 48.6546114119
1185 50.0475849436
1186 49.6751074938
1187 53.5587912197
1188 48.0940243735
1189 46.6897193952
1190 51.927363614
1191 40.5313990854
1192 54.0008526677
1193 49.1139616954
1194 48.9045238081
1195 43.9193607857
1196 54.4116469282
1197 43.5000409584
1198 50.0362906012
1199 49.2129162883
1200 55.6713818014
1201 55.0081763202
1202 52.7441853332
1203 46.8950219536
1204 47.483125085
1205 52.0400871675
1206 50.1763153367
1207 77.9710324233
1208 47.7973581444
1209 55.5395306544
1210 48.1648313994
1211 49.2501699097
1212 57.7822326496
1213 48.8742398452
1214 55.6667433148
1215 50.4508505802
1216 51.2450819571
1217 52.8475173101
1218 44.9202840722
1219 48.9716540115
1220 50.346829647
1221 50.4113559029
1222 66.3285050463
1223 47.5999464683
1224 56.111280064
1225 60.2619370837
1226 54.2799251787
1227 47.5048403554
1228 57.6373464468
1229 47.7653069804
1230 44.406611989
1231 54.9551753369
1232 50.9941817091
1233 69.2576582543
1234 61.2486333871
1235 59.3546924786
1236 55.1220060743
1237 43.4055809714
1238 49.1506437307
1239 57.6586399471
1240 57.0445325468
1241 50.0562390493
1242 57.3053551698
1243 56.0407833992
1244 68.8839385327
1245 57.8741575743
1246 68.1020794858
1247 50.4378024851
1248 51.6579017804
1249 51.2670102916
1250 47.9928258526
1251 56.0666402457
1252 51.89268476
1253 52.163686453
1254 58.9222716883
1255 50.4715401097
1256 52.9365594691
1257 53.4126978539
1258 52.2298016219
1259 54.735808798
1260 60.1847189311
1261 56.0561144673
1262 52.1222684289
1263 50.363071738
1264 57.737514028
1265 60.5272407462
1266 58.7094600888
1267 51.3117469406
1268 45.3670120142
1269 50.1915214924
1270 65.3882175065
1271 52.1582661242
1272 55.8380254984
1273 51.4734516002
1274 58.7789735825
1275 55.152036519
1276 54.8549295275
1277 52.3481926237
1278 65.6005998996
1279 54.4615789045
1280 68.6337208166
1281 56.5545454332
1282 85.120921089
1283 49.9315897454
1284 82.6570395269
1285 56.0418765332
1286 55.3015818858
1287 52.8685979736
1288 52.1227875902
1289 53.4174657133
1290 54.1190507536
1291 49.9689250234
1292 66.0892986384
1293 68.466606518
1294 54.4065368806
1295 56.4462039175
1296 59.9245665267
1297 66.4413036783
1298 36.3823197234
1299 57.2907252875
1300 49.9048057037
1301 46.7571039676
1302 62.6244576416
1303 54.7510746831
1304 112.118697901
1305 49.2280823471
1306 65.4762626692
1307 45.6118724447
1308 62.4285626824
1309 46.4132937836
1310 50.5941884503
1311 45.7318759295
1312 46.870527168
1313 51.516571414
1314 61.1004848925
1315 52.8372713278
1316 50.073438257
1317 62.3074449941
1318 61.8237829575
1319 46.0478826168
1320 55.8538955493
1321 52.1584300143
1322 46.8026005194
1323 51.5577950578
1324 43.0486653262
1325 59.5647875595
1326 47.0276441909
1327 56.55126933
1328 52.8362471514
1329 51.6446248786
1330 54.8381693139
1331 50.5413888574
1332 55.3547518376
1333 47.0919724335
1334 115.418129798
1335 47.3444684458
1336 44.0959248822
1337 48.8704664535
1338 59.6738387399
1339 44.1983984955
1340 46.3470166667
1341 49.5882928134
1342 46.9771046437
1343 48.8774483177
1344 44.7636398058
1345 51.4959174122
1346 50.2549469607
1347 64.68885949
1348 52.2011010092
1349 51.6471799105
1350 60.0173799922
1351 46.4483516021
1352 51.3159405177
1353 47.2586290126
1354 48.0599772001
1355 59.7009240067
1356 49.5812471443
1357 60.9573310038
1358 51.5460823685
1359 54.6213458044
1360 48.9634443921
1361 50.4383810825
1362 62.1302192687
1363 53.7012065103
1364 59.1449239271
1365 51.3948145998
1366 65.0230999136
1367 51.0139836175
1368 50.2870117948
1369 51.1476090733
1370 45.6127989075
1371 60.6125584049
1372 54.094984729
1373 54.0190957943
1374 62.1100076224
1375 58.2649097487
1376 51.3253632336
1377 95.3763745426
1378 59.2759577048
1379 46.3711859029
1380 51.7638449602
1381 54.4284704569
1382 49.639139365
1383 55.8977152963
1384 55.986482145
1385 47.6519447085
1386 50.2121584422
1387 51.7177512008
1388 48.9275501752
1389 48.0520772102
1390 52.7508413704
1391 51.7480824194
1392 55.895489087
1393 53.9705706618
1394 47.8744421432
1395 55.9576120615
1396 53.3381883355
1397 56.1464770546
1398 57.4968931592
1399 53.7263455219
1400 47.6496341112
1401 39.7322775985
1402 51.1451232186
1403 52.269937757
1404 49.218188869
1405 49.5368727607
1406 55.5106309878
1407 49.895875615
1408 55.2024545771
1409 49.923308404
1410 44.8502406502
1411 55.988187611
1412 70.9095707041
1413 55.8612179315
1414 47.8337572925
1415 50.622660868
1416 48.2070051669
1417 56.399710925
1418 50.0756724336
1419 58.5331359862
1420 44.8977531792
1421 48.390590051
1422 52.4914689938
1423 48.7104749174
1424 53.2356644393
1425 48.4826470915
1426 45.3831683428
1427 50.603021062
1428 56.5234645299
1429 50.4371440635
1430 47.1121902243
1431 45.8794458663
1432 50.2225300442
1433 50.7201686188
1434 49.0901133029
1435 51.601481076
1436 43.4843643236
1437 51.1870812097
1438 49.204928706
1439 48.9774893138
1440 54.4835538364
1441 52.9846358801
1442 55.8023967783
1443 49.9914402146
1444 54.0370517773
1445 50.2150937941
1446 59.2739000755
1447 49.1592244693
1448 52.33550769
1449 52.9220587624
1450 47.0667104946
1451 54.2347236197
1452 44.5401837028
1453 105.772382618
1454 47.6099451762
1455 52.9433433871
1456 49.2825020069
1457 55.1251387662
1458 56.6084143281
1459 45.5489614533
1460 51.7830953821
1461 54.9767880494
1462 55.7012517224
1463 78.7311712934
1464 44.5342236633
1465 48.8474891942
1466 50.3608463303
1467 48.5875222368
1468 43.4591757466
1469 43.5018868997
1470 50.2665182836
1471 52.5773725252
1472 49.075652044
1473 65.5055874807
1474 50.1942642076
1475 74.3186881048
1476 51.7556225034
1477 52.5128066907
1478 50.2041332152
1479 49.2864634642
1480 51.4399570734
1481 54.6521284859
1482 56.2246304922
1483 56.83305049
1484 50.900321925
1485 52.4132097961
1486 52.2825307202
1487 52.2069546894
1488 51.911927058
1489 39.4264353442
1490 47.5991824818
1491 56.737289312
1492 64.7302097896
1493 58.1268568967
1494 65.5579838347
1495 53.6904398785
1496 61.4679304235
1497 48.1282602512
1498 54.7238972708
1499 58.1682981328
1500 50.4624593856
1501 55.6435402688
1502 56.9419066069
1503 53.3720412036
1504 51.2946209657
1505 52.6830976402
1506 53.1098221111
1507 62.0028469531
1508 63.2890897923
1509 45.9913380796
1510 56.8979819338
1511 54.878481542
1512 55.1701229648
1513 58.601572609
1514 51.5595187376
1515 49.3625213925
1516 64.0914767221
1517 55.0920259425
1518 101.112981199
1519 52.0354181359
1520 56.6135415358
1521 57.3339132959
1522 58.3812090548
1523 59.8618826166
1524 59.758612676
1525 53.963240575
1526 53.7875694206
1527 54.2820614113
1528 54.4231422327
1529 40.261572505
1530 54.1210068196
1531 56.4416393918
1532 68.2035511207
1533 45.1251321642
1534 54.8530973338
1535 48.3472817432
1536 57.0457017594
1537 43.0939319047
1538 55.4749017222
1539 53.7793910883
1540 51.4001117974
1541 56.6477853066
1542 56.0812128753
1543 59.9465165687
1544 53.0334597796
1545 63.3600962785
1546 47.9292186125
1547 56.2873680522
1548 54.283948359
1549 55.4289782195
1550 54.1625325163
1551 55.0889905452
1552 46.8555859041
1553 48.2593987302
1554 64.8141980301
1555 48.3393768635
1556 57.0592520727
1557 36.9489423936
1558 52.8913035688
1559 45.9624212408
1560 54.8353069429
1561 66.280696929
1562 44.0405373998
1563 49.9946414983
1564 52.6041419784
1565 52.3216444171
1566 53.2900778606
1567 57.1501552146
1568 48.740139262
1569 48.7899236106
1570 49.3159185246
1571 50.4215974763
1572 47.6369129295
1573 51.0775792416
1574 52.2174933245
1575 47.258596499
1576 49.9443407879
1577 50.9417879206
1578 46.1388210541
1579 60.717057651
1580 50.1343745045
1581 53.0444058493
1582 49.1765016125
1583 50.5529023628
1584 41.3172608291
1585 50.2675593385
1586 49.7502925785
1587 49.5754291022
1588 53.3716187105
1589 60.727585783
1590 45.023980399
1591 48.1780050808
1592 50.1860034695
1593 63.0663611727
1594 60.9334365514
1595 49.3027753275
1596 48.9453208775
1597 59.8184578766
1598 50.9456458541
1599 57.2149571607
1600 53.4130444828
1601 46.9727965638
1602 52.0295924248
1603 46.2480355308
1604 110.40838141
1605 55.4765081484
1606 44.644462986
1607 50.2908850006
1608 49.2935564696
1609 47.7658258774
1610 113.889422358
1611 58.3242670478
1612 47.4816755552
1613 45.8708431318
1614 47.3298995981
1615 48.5045610836
1616 47.4290938349
1617 48.083514392
1618 84.0191781349
1619 72.4580455812
1620 76.4478292365
1621 71.3035879588
1622 74.368086726
1623 62.4381958017
1624 65.9779857426
1625 63.199198403
1626 74.7409502887
1627 73.8400612786
1628 48.5050601801
1629 47.2850352765
1630 62.3828800897
1631 88.8899575021
1632 61.5762550745
1633 67.7092780392
1634 70.4628359482
1635 72.8768492037
1636 75.8472549244
1637 83.3672789097
1638 63.0968422513
1639 79.9131786392
1640 74.8548945566
1641 74.1887476358
1642 79.0841521677
1643 60.9099690692
1644 69.4965453723
1645 77.0640428194
1646 78.060905833
1647 73.7628413766
1648 77.4522121017
1649 81.2115050436
1650 65.6077498925
1651 65.8961175009
1652 70.4453152994
1653 64.6099970667
1654 88.9898989916
1655 62.9753459291
1656 65.0384501164
1657 83.8524584875
1658 72.3132990649
1659 79.4293939389
1660 61.7729193398
1661 66.5853370717
1662 44.7264432171
1663 66.7854576123
1664 73.2716426835
1665 51.5907983317
1666 65.5450680354
1667 62.806801218
1668 79.7592496648
1669 79.2027414863
1670 57.9031260334
1671 66.7708896092
1672 88.8529364172
1673 73.7559726655
1674 65.8755942847
1675 81.6486671001
1676 64.0973482646
1677 79.7520231134
1678 81.5053346535
1679 47.2953437079
1680 58.7776693625
1681 62.5798214633
1682 64.8016119744
1683 66.7595710939
1684 54.6671710152
1685 66.0727954233
1686 60.4756579011
1687 61.4534662019
1688 53.5514106025
1689 62.1392707276
1690 63.463022044
1691 60.1019174868
1692 67.3262123834
1693 61.8341967004
1694 61.9733124569
1695 65.697034007
1696 63.3741516264
1697 64.7352554154
1698 61.8568936008
1699 62.2352599735
1700 67.5901500289
1701 65.4049812044
1702 59.3385820679
1703 62.4706263921
1704 60.1082543054
1705 60.7327558978
1706 71.7151466305
1707 67.3821295705
1708 56.4321089083
1709 73.1380899846
1710 69.8864055461
1711 65.3326890542
1712 61.5451063343
1713 63.5951337907
1714 60.8234977613
1715 61.6342849246
1716 62.4704339399
1717 71.2931820849
1718 62.7094584691
1719 55.6609297512
1720 61.5068451544
1721 83.8450582058
1722 63.3341736895
1723 58.9335657541
1724 72.0932552232
1725 63.8332607022
1726 66.3946085558
1727 69.4056884762
1728 60.8392112868
1729 61.2074029606
1730 64.3016295689
1731 63.2115894639
1732 60.771830144
1733 48.4481763169
1734 57.2151347499
1735 54.4317933635
1736 60.4903354176
1737 62.550390822
1738 65.7773904459
1739 57.574752447
1740 64.253617155
1741 55.9313944157
1742 60.2222389176
1743 67.9714071878
1744 49.7344035088
1745 54.4280597231
1746 50.6621554809
1747 49.2954274004
1748 55.0053586065
1749 57.4718160287
1750 59.7017984955
1751 61.0291086529
1752 55.112296601
1753 46.9072605725
1754 51.9916949315
1755 55.4067828877
1756 50.1455522365
1757 54.4097533534
1758 55.4176821375
1759 46.2644781647
1760 49.9735172745
1761 58.1486366194
1762 52.2565155412
1763 51.1443000529
1764 53.7698487234
1765 109.726256477
1766 38.581686744
1767 59.2866986412
1768 54.4784319817
1769 52.6213302719
1770 51.1605443105
1771 67.0112969014
1772 50.0502558177
1773 49.5738252789
1774 50.3289742036
1775 60.8375544975
1776 53.2258527561
1777 54.8409338889
1778 48.1127146037
1779 48.5066070688
1780 51.6840549514
1781 52.0620337322
1782 65.2036700958
1783 52.0698821368
1784 52.5184043384
1785 45.192995355
1786 54.8456538136
1787 60.315703202
1788 57.1974988847
1789 52.9122029488
1790 51.7778141064
1791 47.3699345111
1792 52.1629415401
1793 47.527614385
1794 51.5698606358
1795 64.178701129
1796 54.7677489896
1797 49.0654848678
1798 58.2888857423
1799 51.0095984405
1800 50.3803975615
1801 49.3172376902
1802 47.9637660671
1803 54.819208843
1804 51.5664044772
1805 52.4497367452
1806 53.9020060077
1807 47.791419002
1808 54.1704715779
1809 67.4537128129
1810 70.5961058498
1811 71.4851823671
1812 80.2505693921
1813 88.8893369398
1814 64.1514566798
1815 69.2701598561
1816 80.0827087362
1817 74.906803934
1818 79.3114464929
1819 75.0285603634
1820 83.987584271
1821 67.4608299879
1822 70.3224661496
1823 70.8246098393
1824 65.9156178314
1825 78.5904960393
1826 69.7272457287
1827 73.535676184
1828 71.9220463448
1829 77.8034211209
1830 68.6133063233
1831 73.7999731335
1832 76.0251342823
1833 65.9830961943
1834 79.3557817093
1835 80.8919165971
1836 72.8282707742
1837 79.3915948595
1838 72.0771502577
1839 80.0471381103
1840 67.4772280787
1841 67.046223232
1842 76.5049518427
1843 74.6103416986
1844 71.5280077179
1845 64.879968431
1846 72.0016408939
1847 66.9100854058
1848 72.5396612973
1849 76.5222892175
1850 96.9654621233
1851 69.058656881
1852 77.1194091581
1853 65.9491182234
1854 73.4297174307
1855 74.0303388679
1856 64.8675882036
1857 68.5999429196
1858 64.9457679444
1859 84.3358310492
1860 83.1143663263
1861 69.3220330918
1862 80.324934155
1863 71.4970495565
1864 71.4943430146
1865 70.255628435
1866 54.9879938898
1867 71.9440887345
1868 65.0662657494
1869 91.6350125337
1870 81.8505160575
1871 73.4617375502
1872 69.959646774
1873 75.3727350797
1874 76.6520524848
1875 76.9090300526
1876 74.7055430502
1877 66.8839228228
1878 72.4704505002
1879 81.3970861119
1880 74.5084048243
1881 87.7676060505
1882 73.5716079635
1883 67.6225464653
1884 86.267529255
1885 87.5414488442
1886 64.0546078124
1887 66.7265999465
1888 73.3675541994
1889 73.5063008496
1890 81.3573756304
1891 70.1170806128
1892 84.0105096257
1893 78.754277663
1894 68.2964965764
1895 71.184950287
1896 66.6625898981
1897 67.2854896944
1898 84.8338198581
1899 73.6235303696
1900 50.632970454
1901 57.4638477102
1902 45.7045200601
1903 56.4638398371
1904 59.5837147138
1905 64.289157862
1906 47.3781545163
1907 43.5285729312
1908 57.3885365746
1909 51.0226680281
1910 51.0549156909
1911 50.0852563768
1912 51.0899164873
1913 45.8837693018
1914 61.0955761447
1915 56.6055330026
1916 41.2354135958
1917 46.7084337105
1918 55.3772519367
1919 48.8163468091
1920 51.4052528492
1921 60.1405279387
1922 54.7731592973
1923 60.0453095275
1924 50.3123245304
1925 52.7852371702
1926 54.5369454209
1927 55.9608338658
1928 112.707669257
1929 54.6949775714
1930 52.6156939023
1931 58.2653161877
1932 124.596380719
1933 52.622792166
1934 53.3856856878
1935 52.429547359
1936 47.9846837025
1937 57.9520085953
1938 54.1558407256
1939 46.3801500994
1940 52.1472472782
1941 52.9526277581
1942 52.2559676629
1943 58.8810669878
1944 60.2608501444
1945 56.7004167325
1946 52.0965469835
1947 54.1779014179
1948 62.852568507
1949 49.7835704546
1950 38.5151099229
1951 48.4842887987
1952 52.502308452
1953 51.1197576297
1954 55.2754436312
1955 53.5943067309
1956 52.3011115882
1957 59.1834932134
1958 67.2737798996
1959 54.4239921192
1960 52.6323260939
1961 57.2487229196
1962 54.8073513526
1963 48.9209952241
1964 52.7954206274
1965 54.2243527683
1966 53.0016623321
1967 51.9617654396
1968 58.6377081245
1969 61.8527784729
1970 56.2093796523
1971 52.1015358965
1972 54.3005947352
1973 55.2468099485
1974 54.5721666402
1975 65.6477171447
1976 63.1830410274
1977 63.5844216021
1978 60.1695571643
1979 56.3179754366
1980 59.6910022115
1981 58.270605805
1982 55.1298582536
1983 51.4147641656
1984 63.6287176652
1985 55.6291571722
1986 41.5709261088
1987 65.4885165374
1988 65.9026213258
1989 53.6839845159
1990 64.4860394107
1991 58.9627678434
1992 66.0343109695
1993 62.4952522814
1994 58.2964080316
1995 47.4058691076
1996 53.8789374814
1997 69.9121631559
1998 56.6569423566
1999 61.078168054
2000 73.127882552
2001 63.8382064712
2002 58.414302778
2003 59.0375005158
2004 51.3301383246
2005 45.4253742029
2006 107.215114919
2007 66.7472591793
2008 60.2439516725
2009 59.2972220809
2010 59.3054402275
2011 54.6439055836
2012 53.5510352686
2013 56.7747370897
2014 45.0699111598
2015 51.5746797457
2016 46.2589720649
2017 97.0651889848
2018 56.4104310617
2019 60.5071414431
2020 49.9495809229
2021 57.4345702436
2022 49.3806990076
2023 62.2046672551
2024 62.528541234
2025 56.1924382906
2026 56.4062594324
2027 52.6952774941
2028 65.2656302627
2029 51.5470044848
2030 65.5076764473
2031 54.4300841943
2032 52.2583294688
2033 48.3514632231
2034 78.1212841942
2035 51.670230614
2036 55.9185435508
2037 61.4263154806
2038 52.2451653755
2039 63.218822011
2040 54.3277340061
2041 49.7221381611
2042 48.8445780954
2043 55.2775489883
2044 47.380382548
2045 46.5034093771
2046 62.33988583
2047 52.6612446539
2048 50.5400502045
2049 45.4221286712
2050 65.5337661378
2051 56.8066244555
2052 51.1564380761
2053 56.8988835728
2054 55.9121050072
2055 59.425007428
2056 52.4815608973
2057 52.9128679516
2058 64.2150912631
2059 51.5103177475
2060 58.8659463348
2061 54.6117802284
2062 57.6427277008
2063 47.905293846
2064 52.796309778
2065 53.2129569415
2066 50.8257602561
2067 56.9031383171
2068 54.8417703663
2069 52.2556367574
2070 54.4437336322
2071 57.7260950356
2072 53.0330657112
2073 55.4369850761
2074 56.7222615414
2075 64.4331948372
2076 67.0638290826
2077 50.1619940042
2078 60.643062878
2079 57.7730400729
2080 53.7964973236
2081 50.7834413144
2082 50.7194370169
2083 57.3681312476
2084 62.846042895
2085 40.305455003
2086 50.9470459652
2087 54.2309673746
2088 48.1164115325
2089 48.3880977334
2090 48.7070634658
2091 50.0611034069
2092 53.9644914909
2093 55.9431542243
2094 43.824254217
2095 58.2232512583
2096 51.5600413046
2097 51.5190622697
2098 39.0290250368
2099 47.2804377057
2100 58.1564693745
2101 66.5127613478
2102 53.4929612621
2103 53.269684445
2104 52.1642523701
2105 58.7178538312
2106 63.6412364929
2107 57.1967829374
2108 61.0746281493
2109 68.0207325742
2110 51.5792500988
2111 59.3810268893
2112 57.6132433072
2113 62.5036516781
2114 66.60459698
2115 51.7035636624
2116 57.9679565686
2117 52.695086872
2118 52.7488596741
2119 58.2491199546
2120 60.2128763187
2121 55.7127370994
2122 65.3674062369
2123 90.3310531489
2124 61.1582571171
2125 47.1773923436
2126 57.7003122368
2127 59.0368092107
2128 59.7061553565
2129 57.5420742863
2130 63.1704404263
2131 61.3995833026
2132 41.0292684004
2133 55.3922750718
2134 56.7900859272
2135 56.2387815256
2136 58.2463286215
2137 57.9217613414
2138 63.0393412406
2139 50.173414563
2140 54.3411955695
2141 58.2770130687
2142 51.7069632188
2143 55.5926064342
2144 51.831374564
2145 63.8860391088
2146 54.2597251829
2147 54.5235537998
2148 57.2187873543
2149 60.9430636413
2150 62.2891740446
2151 54.8888536594
2152 53.7440572446
2153 52.1690561524
2154 65.9861997788
2155 55.4648118664
2156 81.2712941187
2157 52.8074747634
2158 50.1550903187
2159 53.240800903
2160 63.4695102627
2161 57.3009411932
2162 57.6179480757
2163 46.8786322357
2164 61.0543882932
2165 62.0887381197
2166 61.4416875854
2167 59.3947813349
2168 55.2704108094
2169 57.1975216
2170 58.7962942013
2171 54.0948405109
2172 63.3439415618
2173 62.9559029998
2174 58.6001876526
2175 56.0003660404
2176 64.1191137392
2177 49.5375058872
2178 53.8004350864
2179 56.7673108061
2180 62.0130391423
2181 52.8286629167
2182 58.2048751516
2183 51.2249987138
2184 49.3861748723
2185 65.2133230098
2186 56.4452657312
2187 49.7587525921
2188 51.0130970576
2189 52.4210946077
2190 64.2191747008
2191 71.5437937291
2192 66.9398927756
2193 62.0959020202
2194 59.0773609774
2195 54.643018597
2196 60.4370264568
2197 57.5676856298
2198 62.0854805644
2199 59.9904999164
2200 62.5986862148
2201 53.8998850723
2202 58.0079271047
2203 65.3713375917
2204 63.2389938195
2205 55.128517646
2206 67.3420951019
2207 62.4756825809
2208 65.6713781237
2209 54.7231937773
2210 67.7747202536
2211 55.959995696
2212 61.66355445
2213 56.5831568552
2214 56.76762701
2215 59.8390709972
2216 53.870478563
2217 57.2972691299
2218 84.6542057995
2219 65.8164157687
2220 45.1973684022
2221 60.0988241702
2222 54.8004568294
2223 58.9572815041
2224 60.1730974686
2225 52.620811592
2226 49.668189108
2227 51.0055577075
2228 50.0464806991
2229 105.012516867
2230 48.2818413138
2231 57.1096253563
2232 50.385881659
2233 52.4263382807
2234 50.7406018106
2235 60.2256600344
2236 55.2505914098
2237 54.6529026861
2238 51.6306379592
2239 45.7726497133
2240 52.2844889627
2241 53.4094316435
2242 39.6800798438
2243 55.7680344142
2244 54.265500454
2245 48.7459185803
2246 56.0550305173
2247 59.0445074186
2248 50.5410798302
2249 52.1483546562
2250 54.0814037585
2251 52.4451951688
2252 55.2504933657
2253 59.2365268444
2254 48.9427037025
2255 54.8111534196
2256 58.6728134746
2257 66.6382246647
2258 48.2614258538
2259 53.799198581
2260 55.7395209685
2261 49.8214611588
2262 62.641494889
2263 50.062133179
2264 54.729856923
2265 52.1807115706
2266 48.7526652441
2267 63.1980843952
2268 69.5421550492
2269 37.8150863684
2270 54.1624512844
2271 47.2514332645
2272 47.8195058606
2273 64.1447330302
2274 58.1660001604
2275 53.1051511713
2276 60.5680279306
2277 57.6742632776
2278 48.5520539606
2279 46.9056890205
2280 50.2409936612
2281 58.0302808633
2282 62.3169398469
2283 52.1489193894
2284 48.4712186675
2285 52.3456080063
2286 49.5140022021
2287 52.1961562045
2288 51.5106436102
2289 66.5651476617
2290 62.0834268838
2291 69.73889468
2292 66.87740039
2293 60.0506344666
2294 62.1345554127
2295 72.9599764978
2296 56.6222423063
2297 61.5921400987
2298 58.6311673052
2299 59.4562455561
2300 68.4656460281
2301 76.7241484928
2302 66.3077462578
2303 50.861841236
2304 61.5627593853
2305 63.2313025377
2306 58.6647953152
2307 70.1424241964
2308 57.4183523723
2309 56.7707386982
2310 59.7231017195
2311 67.1112711037
2312 56.1146307409
2313 62.0112408222
2314 110.921767125
2315 72.1357412717
2316 56.6567491726
2317 58.7421496729
2318 67.5269676301
2319 57.4576610088
2320 64.1530160117
2321 68.5536536245
2322 61.2101814662
2323 67.2524436708
2324 67.0664673712
2325 60.6102113708
2326 60.2167148832
2327 73.5975320889
2328 57.4186637132
2329 62.2400768618
2330 66.9613444215
2331 66.6639399736
2332 68.4717006586
2333 63.7521418813
2334 60.2101372439
2335 57.6518127888
2336 65.3361199029
2337 61.3777170928
2338 62.2408798143
2339 75.6376798044
2340 60.0584875117
2341 60.0693838246
2342 66.7182359338
2343 62.5017141327
2344 58.8877598255
2345 61.1022499389
2346 59.8174720604
2347 59.9156683281
2348 69.196399896
2349 62.9094197062
2350 47.4823464521
2351 69.3528957627
2352 65.1778590598
2353 61.8885146746
2354 66.7267885084
2355 49.1019827616
2356 56.2528870677
2357 56.7391615961
2358 49.5576724491
2359 49.9584689895
2360 50.5710053686
2361 56.1610422394
2362 50.8425704089
2363 50.6655803844
2364 65.3222399076
2365 46.0757142762
2366 51.0756540528
2367 58.335384682
2368 55.2746625498
2369 61.7303718097
2370 49.7852155162
2371 78.4386326947
2372 54.0783247614
2373 60.5856083409
2374 54.6397629516
2375 49.6687358025
2376 55.4139041551
2377 51.8027080535
2378 53.2008327383
2379 49.034342825
2380 63.8077753286
2381 57.1298710406
2382 53.7838381833
2383 48.7344291675
2384 51.1061427021
2385 52.8564688062
2386 49.0192629097
2387 53.794577557
2388 53.6175001729
2389 59.2268106364
2390 45.8225840298
2391 58.4133821497
2392 54.4343046005
2393 58.8347744163
2394 55.0733677172
2395 61.8803988802
2396 53.8199107108
2397 59.3215602853
2398 58.0974735577
2399 47.242316106
2400 52.5362990999
2401 54.0281990627
2402 49.4226126901
2403 57.5050341497
2404 50.7168950457
2405 53.2276386205
2406 50.4201588783
2407 44.0807834452
2408 54.1210314512
2409 53.424638331
2410 49.7794421729
2411 48.5546369316
2412 58.2237249501
2413 45.5406845793
2414 48.3650810814
2415 44.2265173883
2416 51.338158424
2417 51.577047286
2418 56.2820163061
2419 64.3467239279
2420 51.0719682714
2421 37.6068416289
2422 53.858073381
2423 56.8008802403
2424 46.2041771252
2425 49.1099114015
2426 59.6661499542
2427 56.2731696162
2428 57.751700561
2429 52.1060336368
2430 63.0304874159
2431 47.9948091678
2432 50.1417306872
2433 52.0412525966
2434 45.9873215132
2435 50.6659118306
2436 52.3587797615
2437 50.0091261735
2438 46.5725282251
2439 50.6956966919
2440 49.4469325043
2441 48.0562873806
2442 55.695875719
2443 47.9919345639
2444 55.9782104807
2445 48.0224595385
2446 58.2050879893
2447 58.5670674462
2448 62.1734685071
2449 58.6585203693
2450 65.2429672378
2451 50.2251627235
2452 47.5994522181
2453 56.0706700542
2454 49.0023465309
2455 45.080965247
2456 50.6851065136
2457 46.8111246461
2458 50.1441370403
2459 55.4768446549
2460 58.4258954161
2461 55.6341480836
2462 49.8526973705
2463 48.3407954731
2464 41.8941497241
2465 50.0985657541
2466 53.1203239473
2467 40.6376434819
2468 49.2474217341
2469 48.5826555854
2470 49.7774531682
2471 59.126392807
2472 49.5081954906
2473 48.5955190808
2474 63.9098717065
2475 77.9887987533
2476 54.4539588365
2477 51.9795968204
2478 52.4540979312
2479 48.9554714958
