u s
60 34.5549135735
120 36.9805664502
180 43.8158340993
240 26.3435549288
300 36.9081817718
360 49.0392085194
420 33.1887288624
480 41.9819983743
540 36.0788155724
600 27.3457530372
660 51.851599757
720 35.8142998968
780 97.0424128951
840 38.6914849905
900 36.384584663
960 39.2388062815
1020 26.9594866824
1080 39.2143985008
1140 48.6463549695
1200 26.6181161991
1260 39.377000483
1320 37.3394351553
1380 26.1463325962
1440 33.4253379687
1500 40.2751448734
1560 25.868650105
1620 25.9225790308
1680 36.318105872
1740 30.6388127334
1800 25.1469318607
1860 43.1746528779
1920 37.5044182859
