u s
60 36.4044697606
120 38.397423437
180 30.0877980936
240 36.5980026767
300 38.2694755796
360 27.7055367494
420 35.0010286368
480 25.2348853344
540 33.9021032153
600 28.3734293505
660 46.3866016843
720 31.6280556377
780 38.2444844796
840 31.0641266977
900 38.6337672154
960 35.1546188754
1020 27.2862413639
1080 34.0288494832
1140 46.5170534743
1200 31.0310839838
1260 25.150568951
1320 54.7896779129
1380 29.1668223042
1440 35.7169001941
1500 39.7350033345
1560 46.7737995373
1620 33.2216180234
1680 29.0747436753
1740 41.7650892589
1800 27.2484372088
1860 38.1792244603
1920 23.8442476925
