u s
1 61.0978932519
2 70.2288256317
3 58.9366287082
4 60.0707931666
5 58.5943377525
6 51.2980185744
7 62.2685785034
8 58.2642327541
9 71.6733319011
10 58.5407838801
11 56.5271158755
12 68.5044314206
13 71.5044546785
14 73.2445377182
15 71.9223648446
16 56.4937552873
17 56.0628097603
18 65.4165515716
19 166.929451311
20 62.1692568463
21 56.6939347012
22 55.873511888
23 79.4737349695
24 58.5554435927
25 60.9504072021
26 86.2242585682
27 68.3669359774
28 54.029320742
29 56.6128650969
30 68.6262107583
31 63.8849807913
32 78.8640279017
33 56.5878196114
34 69.7302470503
35 56.3922628472
36 67.946902428
37 74.5872336804
38 57.5178357909
39 52.633241815
40 55.0137336639
41 60.3981251771
42 64.5168031075
43 58.415200384
44 60.317870895
45 72.2092579831
46 60.7567788257
47 56.3333015933
48 54.5104478267
49 54.2705659309
50 58.0066192708
51 60.3700879846
52 58.590780211
53 68.1450081792
54 67.2059566942
55 153.531163888
56 68.5662542355
57 80.1846710814
58 63.9973722965
59 59.6756610717
60 58.781882961
61 62.7307645433
62 84.9193010654
63 60.8023000159
64 72.8755098646
65 87.7242477318
66 45.5721611977
67 54.4128353376
68 51.5006282407
69 124.884717675
70 52.8921142681
71 47.6507128021
72 54.2226277411
73 48.1510027616
74 57.1907990091
75 56.6582719026
76 57.0076928056
77 51.3016759368
78 56.178239168
79 49.120657247
80 63.7202053935
81 53.4664340199
82 52.7002254408
83 48.7691811945
84 49.7237291519
85 53.4282947004
86 52.9278576242
87 53.4687327491
88 45.5466224294
89 56.6846794535
90 49.4847030186
91 52.3992249004
92 52.3500063761
93 58.1812830076
94 66.1444389322
95 45.0448221487
96 50.9440601951
97 48.3470580097
98 146.274227822
99 49.2215711136
100 53.6833439394
101 51.7443785657
102 54.9187857144
103 50.8991711265
104 63.3296239699
105 51.0896947369
106 64.3487916909
107 49.6353068157
108 59.8648892212
109 70.3401620219
110 48.4708412974
111 54.5203427415
112 61.5111322317
113 60.159625025
114 59.3450649941
115 55.8986545918
116 55.7793272069
117 52.9246579773
118 64.5520801314
119 51.474295711
120 62.3851353107
121 57.4410966245
122 57.5838052996
123 61.2836237591
124 51.7886223229
125 47.078921678
126 50.8410033196
127 56.9088980615
128 48.2964257874
129 52.1963039853
130 60.2785802368
131 48.7416139986
132 51.5757498371
133 54.2995794013
134 49.3345967076
135 52.9682016989
136 57.4727101754
137 50.274284042
138 49.0729371902
139 47.4056767825
140 50.3317642162
141 60.5855563554
142 46.6033643462
143 52.2544772288
144 49.3020038338
145 54.3248922731
146 59.3060614376
147 52.6186557738
148 49.0193522436
149 53.7800543409
150 56.0678590999
151 66.6679861737
152 46.8778831958
153 46.0887966969
154 54.1874222282
155 58.1188670635
156 48.5436015594
157 49.2700725884
158 51.0661479761
159 54.5439441848
160 47.5662773938
161 46.193762271
162 48.378439088
163 56.077562979
164 48.308158735
165 48.5807975875
166 50.1422485789
167 51.1434837699
168 49.0804238431
169 63.9748270171
170 55.4383822492
171 46.8425324879
172 48.3811761597
173 43.7855314567
174 44.0770475764
175 47.9957165647
176 48.8243871485
177 47.3427249982
178 47.4611883485
179 49.0267124028
180 61.7481771098
181 50.8879537583
182 46.8770786642
183 52.7279711321
184 40.8586578135
185 50.4276219986
186 52.8532285569
187 56.4612375011
188 50.5601105057
189 52.8526033018
190 42.1312453844
191 41.1732504036
192 61.0610984341
193 48.681406743
194 45.6217427766
195 46.9715689243
196 65.9284716197
197 61.4635015019
198 68.3835271187
199 75.0687514154
200 59.2994332541
201 54.752434224
202 60.0373245688
203 70.2359832516
204 63.8126616992
205 62.22673139
206 64.0119628283
207 56.8376878458
208 59.0203884949
209 69.3897011209
210 67.4384871764
211 54.4630042531
212 55.9590520659
213 51.2544952185
214 51.4433460009
215 56.7007457447
216 47.8452702545
217 72.261297086
218 66.1914680664
219 60.6394772738
220 52.3828153394
221 60.2374447536
222 57.8347087972
223 68.7485050979
224 60.2850841375
225 69.9452915405
226 62.4160497263
227 62.335311672
228 53.1655002381
229 47.8353614673
230 65.5713211813
231 79.4119208242
232 60.6014244134
233 175.519545644
234 59.7069142965
235 59.6195947274
236 192.748377481
237 71.7690991174
238 59.6518955357
239 68.3447371976
240 58.5610654776
241 90.0071451174
242 62.9921839021
243 60.4995139485
244 59.2646507929
245 53.0014745876
246 61.1958152302
247 67.7652720751
248 55.6393437032
249 60.7722014756
250 87.2142196462
251 61.5487013771
252 58.5935201901
253 49.8272881884
254 60.6534052489
255 79.0766365923
256 65.3051065331
257 68.8061629876
258 62.6986511423
259 55.4033202521
260 68.000306424
261 49.3004032623
262 63.2591828842
263 110.952559874
264 52.4709120164
265 54.4810286348
266 55.6232011859
267 56.0254936351
268 51.5478568817
269 54.4948136302
270 70.1398499108
271 74.7932718989
272 60.5674111993
273 54.502149694
274 61.3251285185
275 55.0936130709
276 58.1250286227
277 76.8246650061
278 73.1930419252
279 56.6245577422
280 52.429336622
281 60.6330641787
282 52.1822055853
283 54.1467208119
284 63.8690420606
285 49.7685026435
286 57.2813537987
287 69.1302084692
288 56.2280297868
289 64.718145389
290 65.7002976889
291 57.4942791725
292 53.4467808121
293 57.3470962246
294 64.0231952407
295 59.123409838
296 67.1384698956
297 57.3236475471
298 58.8868821799
299 66.9437137251
300 62.5355632722
301 53.9922966845
302 54.6506300709
303 53.0912265025
304 53.6084964199
305 58.1963851839
306 64.3968210762
307 67.31881346
308 55.6925388543
309 53.4089526715
310 52.4534889619
311 64.3010588269
312 51.9489790761
313 48.9718797805
314 49.1831174336
315 59.4796423451
316 65.4723680505
317 53.0844883695
318 58.5914985838
319 60.4632358304
320 54.9862470746
321 50.1757329169
322 55.5685051793
323 54.4311002448
324 66.0122758364
325 52.5758406314
326 60.5244169227
327 49.5272304612
328 50.1780763162
329 61.4675306395
330 51.6143413019
331 44.7352746559
332 56.2649640635
333 66.6155664598
334 48.0066338638
335 46.0981291763
336 59.8869730796
337 46.9204587181
338 48.3130112304
339 58.1484419563
340 48.3997849946
341 63.6405641054
342 53.6516736693
343 49.1767478187
344 50.667680431
345 48.3217538539
346 46.4241030016
347 53.365711655
348 56.4692553186
349 59.9434536114
350 56.3630413014
351 50.29554363
352 54.2666258082
353 49.0136398207
354 48.6535237872
355 47.2339025596
356 52.1592156909
357 58.5832353766
358 53.0208491982
359 47.9329466622
360 49.7712643366
361 45.8427273542
362 51.3982769955
363 52.5892822131
364 55.8756156662
365 49.9540701974
366 47.8030932182
367 63.5209166732
368 63.8695093663
369 46.8390279282
370 102.492904561
371 65.420928965
372 61.0141306846
373 51.7264802865
374 55.3152419981
375 49.5365794717
376 49.5718117686
377 47.4252706726
378 49.78009484
379 57.8640864833
380 49.5784258492
381 53.2270588986
382 52.3593398362
383 58.8508476166
384 49.3400395906
385 48.6008548866
386 49.9236093695
387 52.0712022348
388 50.7365669928
389 57.3207391003
390 61.1471254907
391 48.4981613541
392 54.8697408979
393 41.1576067726
394 49.9250154772
395 50.2688319856
396 60.1714086947
397 51.6043232591
398 52.6907990159
399 57.0321282639
400 51.7271273096
401 49.4742294255
402 43.6680647229
403 59.2085114934
404 58.9693881334
405 50.5321565641
406 51.9916860136
407 45.810925825
408 39.8345444326
409 49.9648517119
410 70.1103803777
411 49.5646187267
412 52.3548800896
413 49.1985452525
414 51.0080056164
415 45.3767710769
416 44.8577368284
417 54.5502013759
418 48.7941770224
419 42.9655133631
420 49.827579991
421 60.3904407133
422 41.4341496857
423 76.6448117933
424 60.5046553614
425 64.6775917674
426 52.1987440595
427 51.361696194
428 51.1347225824
429 59.3794748001
430 42.6619781847
431 57.9576169101
432 43.071739841
433 55.4107670989
434 56.2223512699
435 54.5963048496
436 44.3672685812
437 46.4454722113
438 55.3081284623
439 48.7928331097
440 52.2495486557
441 52.7516169191
442 42.9616314286
443 51.0897816037
444 44.9352795182
445 50.1859483461
446 49.7627806533
447 51.146280369
448 50.4932696033
449 50.3538984671
450 50.975035781
451 48.9788351313
452 40.2604406012
453 58.4114237508
454 83.9367749572
455 47.2297882239
456 46.9461313251
457 58.9158711998
458 41.4356324964
459 39.9311155461
460 52.764467318
461 46.0687095366
462 52.536857791
463 47.9778787417
464 49.1387022198
465 44.9889017377
466 51.3322207375
467 42.880263053
468 50.4591369841
469 47.1439587484
470 47.8171234734
471 65.2503300453
472 60.8532023928
473 43.831729614
474 43.3103722904
475 50.4135422206
476 47.6005843705
477 54.256636977
478 42.3087897513
479 53.0179602145
480 43.990337591
481 43.9705060251
482 44.8150602869
483 55.8846257467
484 42.9759426561
485 43.576743375
486 42.4594970894
487 54.0261410677
488 54.7315345421
489 42.4141227495
490 107.945960904
491 60.0594853454
492 44.0081891774
493 56.7494253372
494 43.0960290299
495 56.2588821438
496 50.3258983256
497 45.6794492281
498 54.0556986964
499 40.8911300577
500 52.9864543945
501 56.1470846143
502 51.0479471691
503 42.5861026401
504 45.1997332265
505 54.8341828107
506 48.187506809
507 48.2132506333
508 45.4010689946
509 50.0180494931
510 43.9693648346
511 62.9245812237
512 43.4002962033
513 44.0306768309
514 60.9522960057
515 47.4990417201
516 44.6439037201
517 43.4276687127
518 47.6681510348
519 43.7397947606
520 48.9777993345
521 46.739767215
522 43.7611595002
523 49.383620694
524 47.8317660901
525 45.386710597
526 60.9380710672
527 51.578465417
528 50.8310805825
529 47.7287593125
530 43.0912379631
531 49.3984508841
532 50.7777535281
533 59.8139524768
534 44.9240252055
535 45.3628455333
536 51.9063469406
537 46.5353425716
538 47.6043050672
539 46.4328514054
540 47.1352710643
541 57.2349613733
542 47.006689774
543 50.1899590169
544 55.7680036309
545 43.9736703231
546 65.4025606697
547 40.6570218437
548 56.5833399619
549 46.6348403433
550 47.5660934867
551 49.4154489514
552 51.3712343745
553 46.9654794793
554 51.4249771574
555 42.8267799534
556 44.7669288272
557 112.979920278
558 47.3958802795
559 48.0790167427
560 55.9430364657
561 60.6859475927
562 126.982715323
563 44.5188510568
564 57.6044161076
565 50.8940019171
566 45.9989009091
567 51.8031088478
568 48.3309469223
569 48.7087583855
570 52.4251755439
571 55.9485837715
572 47.7010244098
573 44.1395601657
574 50.9520191239
575 52.625564492
576 65.992368145
577 53.7538331732
578 50.7993951162
579 47.4336096062
580 58.1774998271
581 48.9523515176
582 51.0256051203
583 50.8599589933
584 47.4173463403
585 64.1161410773
586 65.8155291592
587 81.068293708
588 55.0226909063
589 69.3901492007
590 63.9643533279
591 53.1645961625
592 57.8652391758
593 49.7547529966
594 65.6802289245
595 55.9095726482
596 60.4526576768
597 65.4835112676
598 57.4871406317
599 66.6015279335
600 68.627730075
601 59.4379730984
602 51.9327970156
603 58.740606868
604 58.9295379596
605 66.0274742651
606 46.1553658289
607 63.0354285462
608 65.3178725963
609 56.0205201253
610 105.585796007
611 56.1233906541
612 54.6941583568
613 46.2782928377
614 50.3694050161
615 59.9516926111
616 57.2964823634
617 80.2850766296
618 57.8544922974
619 58.0176047235
620 54.6204534821
621 54.4645078725
622 66.1617469918
623 55.8511742779
624 56.5535435574
625 59.5756225182
626 54.2157905739
627 47.7124579327
628 55.4016620535
629 57.83712843
630 55.7857514243
631 70.1669784372
632 61.3535518192
633 69.0076878211
634 56.9680987989
635 57.711879223
636 57.6982800393
637 69.3983038371
638 59.179942475
639 58.1592483693
640 66.4078401495
641 54.7960710235
642 64.3115799481
643 57.8149737675
644 59.1626509288
645 62.619053152
646 57.861976773
647 54.5771340131
648 73.7786257062
649 55.852051637
650 50.132404234
651 44.0091380801
652 42.9216782883
653 64.0289081885
654 50.7799500692
655 47.0451301327
656 61.5102079854
657 56.7735376217
658 52.6849830264
659 48.0791707527
660 52.5387366137
661 56.1147417881
662 58.5205379018
663 46.1937215752
664 48.9114611448
665 49.419336625
666 62.1181812957
667 56.941112037
668 50.7461465022
669 56.7536308306
670 54.0754012675
671 54.9384065697
672 54.7492390745
673 49.6048843907
674 40.6083115776
675 62.7198878203
676 50.0743285103
677 69.3446168401
678 45.6615979993
679 48.7685051058
680 54.1853203902
681 52.9720523259
682 52.3056835649
683 47.6263002486
684 83.0428093357
685 46.2120152259
686 49.8840846461
687 49.4064096564
688 68.7080583157
689 48.7040605942
690 55.5886061593
691 46.2776774298
692 49.1178361832
693 46.7432263975
694 49.8035403592
695 43.814318888
696 58.8814265667
697 48.479007787
698 56.9503585817
699 50.6945670044
700 64.3386955934
701 44.6289156822
702 55.5340057965
703 51.5583696771
704 48.6478309106
705 54.6424586774
706 50.4694496134
707 47.8926030648
708 58.8610243705
709 59.7653076401
710 48.3101179951
711 48.5390577652
712 48.760946161
713 48.6498052399
714 40.8991328953
715 63.5002826958
716 49.1531867909
717 53.0006885103
718 59.1523100288
719 69.3451331001
720 55.9645571431
721 64.895532485
722 50.3681871944
723 52.1247418891
724 49.3345768103
725 73.4696307107
726 56.0581001263
727 64.6341885741
728 60.8278370116
729 58.0133207683
730 60.8809540264
731 49.4043958251
732 46.2457853893
733 55.3233714925
734 50.7796097342
735 64.5615205884
736 60.1107958934
737 48.412976157
738 69.3972087737
739 64.6588562746
740 58.5383234207
741 48.2093554357
742 69.3744686783
743 47.9247547395
744 58.5029008827
745 47.0802284681
746 51.054661483
747 57.8088802165
748 47.3262230456
749 58.1464410309
750 47.8977107563
751 66.3863169949
752 61.7691145855
753 51.2051946224
754 48.8600352408
755 128.965157994
756 61.069319116
757 59.8350591201
758 76.2533571097
759 51.7269274385
760 54.8881638119
761 56.6507519096
762 67.2042344587
763 60.725993209
764 45.2163467082
765 61.8724462872
766 52.9965560203
767 59.5079117389
768 74.2225701912
769 61.0782577333
770 50.48680735
771 58.9498928789
772 46.5795911622
773 65.1950418017
774 46.555555538
775 62.7172425933
776 47.0390704702
777 47.2182243054
778 60.0379821038
779 62.4849705494
780 43.8712588253
781 57.1649218265
782 43.3543540462
783 52.9434040006
784 57.1779351111
785 43.1851900614
786 40.5666518615
787 41.6040624402
788 49.2007599392
789 57.3261131758
790 46.753863528
791 61.0022368586
792 55.1769750827
793 42.7253010449
794 43.534594032
795 56.2688033887
796 58.3934073307
797 47.6164830428
798 63.3379616988
799 43.0203051648
800 41.8767661048
801 48.6505918962
802 48.3553625968
803 44.3895012326
804 46.0852815734
805 46.1832577284
806 45.6377621298
807 47.2906961754
808 47.1023772716
809 47.0939908895
810 53.7057972526
811 63.5577336762
812 71.4283353277
813 56.1393384398
814 53.2791047714
815 51.2313488005
816 57.5905539862
817 49.495751631
818 56.3603813596
819 46.8093938565
820 50.6168141678
821 45.9513107757
822 49.3060378586
823 54.552319713
824 48.9720322905
825 58.5472862119
826 51.2404501225
827 46.5424538411
828 49.624238224
829 49.094091996
830 54.4458685775
831 48.2849145967
832 56.2774974193
833 60.9428555862
834 46.7721625146
835 56.1708754559
836 46.5787299353
837 48.5559121985
838 53.4048063177
839 47.3092538792
840 48.9858607924
841 56.9457382193
842 46.3506961978
843 50.8592177527
844 44.8417740747
845 58.1021781621
846 50.8320686222
847 64.6146746641
848 56.6202802689
849 71.2240025146
850 52.868380868
851 66.5928648501
852 51.6479183667
853 69.7684913954
854 53.8981780761
855 64.3144359929
856 57.1450203777
857 57.5936614402
858 51.3229781962
859 60.6445318431
860 60.1723983352
861 54.2500812907
862 61.51573488
863 56.302896842
864 55.6060137574
865 52.9099773334
866 47.4938163287
867 51.2942465182
868 73.3579716946
869 71.2746538232
870 48.5094448361
871 51.6736914083
872 47.9040238079
873 74.0892797045
874 52.2068377924
875 55.2684678562
876 63.0135848441
877 63.2941731182
878 54.2031733066
879 43.6031852803
880 51.6238592783
881 108.937101615
882 60.8898098655
883 69.7328078351
884 56.0958728327
885 54.44257998
886 45.7629612992
887 55.6398418792
888 57.5426267711
889 57.746184641
890 58.139470356
891 49.1107816979
892 54.7829487718
893 61.2006565378
894 66.8436196477
895 62.7858567788
896 67.1186265263
897 55.4887571822
898 48.2271833279
899 57.6108922074
900 55.1002816277
901 67.7503521727
902 68.9158763026
903 59.9922756983
904 50.3405430302
905 63.339068881
906 65.4972952082
907 57.2849897382
908 57.9257357465
909 71.0587485563
910 48.3412291231
911 58.0792946153
912 57.8657054959
913 51.3662712435
914 48.8551756239
915 44.737898463
916 57.0846373604
917 54.810281992
918 60.8677361369
919 83.0357463574
920 46.1649229523
921 51.846900977
922 50.7839076963
923 48.153749705
924 47.9534173448
925 48.6187179977
926 51.0228531627
927 48.5730773919
928 52.7007597213
929 56.2235117506
930 60.1594335397
931 51.0295154068
932 53.218086576
933 60.5521396284
934 50.3172854454
935 42.9502606247
936 50.2811990513
937 45.4886750632
938 51.1449709983
939 47.3774985408
940 48.9053940019
941 54.1659391276
942 48.9932961876
943 49.8722035627
944 49.6380925488
945 53.2672991378
946 43.2142874763
947 61.4616115295
948 49.5174550639
949 46.0487276352
950 59.3658069542
951 53.1085871899
952 50.6425826865
953 44.6491330769
954 46.2689470577
955 52.7768455798
956 47.0975959584
957 69.8200164099
958 46.4569864473
959 48.0876120034
960 46.5362470574
961 47.3056572654
962 44.5067569404
963 55.3021428425
964 54.1908876183
965 54.0822252498
966 46.0905902422
967 48.5547840546
968 54.8392326393
969 51.1642856817
970 57.0553230967
971 50.2628374079
972 53.661753391
973 48.5203543839
974 44.8361361454
975 49.658641912
976 52.3780011576
977 67.5387010098
978 52.7286106688
979 48.8853312015
980 44.3712122043
981 46.3824830965
982 47.6697421537
983 45.8106250232
984 45.1143349287
985 53.6876853902
986 44.3669574593
987 62.938331323
988 52.1107116057
989 56.3049217964
990 51.1371520671
991 61.7627031122
992 61.4473624896
993 49.4996506396
994 47.0020511647
995 50.5001545578
996 47.9531602344
997 47.875996609
998 46.2367677165
999 50.2054212597
1000 67.9083057885
1001 58.5961606671
1002 62.4340905064
1003 59.6544614929
1004 47.7062653401
1005 57.8691606913
1006 50.4848098501
1007 48.4536446337
1008 50.5639767765
1009 49.0247615333
1010 48.9076940117
1011 44.8363082989
1012 48.1321123521
1013 61.647779039
1014 47.3351499736
1015 66.3641232797
1016 51.9472958231
1017 52.5408144195
1018 49.3606032681
1019 50.3633279212
1020 57.9943971388
1021 70.551814384
1022 56.2337125362
1023 50.3485423345
1024 49.5583624754
1025 57.1325974938
1026 55.6202266153
1027 59.5783235452
1028 56.8959401912
1029 51.1911423931
1030 56.2934323637
1031 59.9072575507
1032 46.5668070991
1033 48.7745505035
1034 51.1808439781
1035 56.0026599013
1036 50.3984708933
1037 46.7960358973
1038 47.2664901149
1039 59.5787081409
1040 47.7625191206
1041 61.68394033
1042 47.4578369066
1043 51.6213074113
1044 46.3091750993
1045 45.3252844972
1046 65.9477607584
1047 45.8389729812
1048 51.851069441
1049 48.2366338124
1050 40.6972895334
1051 56.5956330292
1052 91.4968499341
1053 54.3403583811
1054 47.6104954914
1055 59.0631353143
1056 65.4129608381
1057 56.1984971241
1058 59.0270881228
1059 51.6996058386
1060 43.3804332993
1061 46.3547985804
1062 63.1979840635
1063 46.6305931262
1064 48.0996585602
1065 51.7829638583
1066 47.2499774077
1067 45.0476600062
1068 57.3139074673
1069 61.1898948898
1070 45.6412838889
1071 49.0061011026
1072 52.3798945245
1073 48.549683784
1074 54.9270129308
1075 50.9748106007
1076 47.5639718474
1077 50.7468637993
1078 46.3271160518
1079 67.2842498136
1080 60.6738283289
1081 47.3092862267
1082 48.6713833606
1083 63.0777814886
1084 53.4753497911
1085 58.8225835153
1086 54.0956789255
1087 49.3279034532
1088 51.1898519731
1089 47.962914478
1090 45.9827147792
1091 47.183064398
1092 56.5899558682
1093 42.234288814
1094 47.3231271185
1095 53.324109244
1096 48.7216908853
1097 50.5579978351
1098 46.5610643971
1099 47.0018134716
1100 53.8568879279
1101 49.3421711337
1102 44.592232425
1103 47.6009457364
1104 46.821052255
1105 53.373341813
1106 47.8749159879
1107 49.0657837651
1108 45.5471597468
1109 56.941878465
1110 53.6964192854
1111 48.2320070983
1112 51.8075757807
1113 49.1727980464
1114 47.7800227363
1115 49.7190941226
1116 54.2713562688
1117 54.5510275043
1118 46.2302524318
1119 45.1910068434
1120 40.7083158589
1121 38.2052989279
1122 54.2938094247
1123 46.9561518304
1124 51.1533782371
1125 50.3161297702
1126 41.003442392
1127 45.6763102481
1128 65.0195691777
1129 49.0571473558
1130 49.5253521387
1131 44.9618588586
1132 43.4075148919
1133 48.8219125427
1134 51.0629014588
1135 52.1676277306
1136 43.1410037916
1137 50.3065683819
1138 51.8416710144
1139 50.1858041757
1140 42.8220339455
1141 48.8630951992
1142 90.9389306852
1143 44.3243978921
1144 57.8224999788
1145 51.089934017
1146 49.991759681
1147 54.7680209826
1148 48.8546482529
1149 57.6835605976
1150 40.39476449
1151 52.3496003389
1152 48.87085087
1153 51.0692985093
1154 49.6439849138
1155 52.9186953493
1156 43.7935601355
1157 52.1502394477
1158 56.1973769654
1159 42.303588998
1160 52.1417821863
1161 41.6986188584
1162 56.3519653881
1163 54.4407907729
1164 48.7645894277
1165 47.679902817
1166 46.1457621239
1167 49.7134932736
1168 61.8134284258
1169 57.7481932197
1170 61.2017859423
1171 57.4742536841
1172 43.0193867851
1173 55.3484855765
1174 45.9915328672
1175 54.3880653282
1176 54.8143367852
1177 54.0764547626
1178 47.204038574
1179 60.3416208517
1180 63.4550840207
1181 51.7322463695
1182 49.542324607
1183 50.991074177
1184 50.7705068855
1185 51.2656717739
1186 54.4239944147
1187 50.5157808603
1188 51.7834542848
1189 60.3564678599
1190 50.7710296891
1191 51.5616423099
1192 50.1618654209
1193 50.4041127661
1194 48.482227586
1195 56.6454991677
1196 52.8895649261
1197 52.6163145314
1198 46.3969944649
1199 50.0737881923
1200 65.8236433681
1201 47.7236637214
1202 40.776169191
1203 44.7731499614
1204 49.0955421774
1205 67.4375956052
1206 51.0347945234
1207 52.4366302253
1208 48.8893163204
1209 57.1980881429
1210 58.4678598629
1211 53.5761733682
1212 45.6464556495
1213 54.8123596974
1214 51.8943573001
1215 57.1489940025
1216 60.6862888664
1217 98.0750242211
1218 49.099760925
1219 96.7658859529
1220 56.8613795564
1221 51.1770104621
1222 52.0116829699
1223 50.5601879396
1224 63.0615499804
1225 49.1114924969
1226 44.4707711997
1227 59.1103661541
1228 61.8136013632
1229 51.5881882688
1230 58.8245848474
1231 57.0810590759
1232 53.4496522164
1233 44.9228825862
1234 57.6769695605
1235 60.5863803867
1236 55.4843999995
1237 54.8123556051
1238 62.6109394101
1239 54.3404302418
1240 72.4866391148
1241 52.7283271854
1242 58.6953577566
1243 64.7673583814
1244 55.2754630807
1245 65.9781265559
1246 56.793001422
1247 45.5715210598
1248 56.4584241124
1249 56.9633128613
1250 53.3356729389
1251 54.4629752737
1252 53.4009029726
1253 52.931164553
1254 52.9721414734
1255 58.6288552518
1256 49.4810885033
1257 53.335710916
1258 50.1701357014
1259 63.8636253709
1260 134.306260323
1261 56.5055994543
1262 56.0593728204
1263 55.7302621065
1264 63.6813545684
1265 57.7034133444
1266 57.5691630946
1267 61.1033700262
1268 56.0508946105
1269 65.4054837325
1270 69.0378781817
1271 58.6326576665
1272 57.8598221307
1273 52.3046990942
1274 60.9816708256
1275 52.9961949183
1276 55.4837173325
1277 61.5492103214
1278 51.9525601725
1279 60.8537425276
1280 58.3943656315
1281 75.6102987743
1282 58.6575969756
1283 54.1814044776
1284 70.2495689747
1285 61.1412280014
1286 49.6746893325
1287 52.865424916
1288 53.5342235281
1289 62.4256057064
1290 53.1482849096
1291 78.0155611887
1292 61.4200693917
1293 67.095673755
1294 53.7022120838
1295 54.195979515
1296 60.6592599916
1297 46.022047583
1298 65.38705454
1299 50.7114497773
1300 58.0343696561
1301 54.059194934
1302 52.5466503902
1303 129.850796835
1304 53.3726784167
1305 64.3954147201
1306 52.4401404025
1307 54.6297679768
1308 56.8631464348
1309 53.9005877691
1310 66.6730708007
1311 58.2833522553
1312 63.3356319235
1313 65.1620548358
1314 62.4883235101
1315 59.4002011543
1316 66.1640347952
1317 53.5323086287
1318 56.3617849899
1319 77.2066469877
1320 56.226916232
1321 56.4916033192
1322 56.5067128931
1323 46.6760810078
1324 54.2790753037
1325 57.4607991482
1326 74.1110470291
1327 52.1986670264
1328 59.5327284092
1329 49.3794203295
1330 62.1859095752
1331 75.8675411976
1332 44.5901301151
1333 121.166840415
1334 60.5835108768
1335 52.3124238321
1336 54.9742752462
1337 61.3448350586
1338 56.2660969593
1339 58.425088301
1340 64.4616191798
1341 53.193689683
1342 54.4786348621
1343 47.5810481379
1344 49.2772257958
1345 45.9089183331
1346 75.4685301805
1347 61.1087204024
1348 62.1224947545
1349 71.3220909654
1350 57.5343097656
1351 60.3199142874
1352 52.76604674
1353 59.3180972922
1354 60.4357465099
1355 57.9105119521
1356 64.2836534224
1357 47.9474339304
1358 64.9520999277
1359 62.0417689226
1360 42.5948549133
1361 56.9969032413
1362 47.0452932728
1363 44.5471489882
1364 44.2835907394
1365 55.5423410818
1366 43.7484407295
1367 57.9804021968
1368 51.1397634396
1369 49.5084664285
1370 54.1598693866
1371 46.2954892838
1372 47.9976342248
1373 69.0812449581
1374 51.0970167039
1375 44.2363987641
1376 96.6042631038
1377 57.2297093004
1378 44.0375125361
1379 46.1932748888
1380 46.2519419608
1381 58.0984463201
1382 48.0715902025
1383 59.5976942805
1384 48.7049666333
1385 44.91836453
1386 45.7459079181
1387 40.5258634729
1388 45.5189685866
1389 40.92972
1390 40.2307480991
1391 44.0991530467
1392 56.0730745435
1393 55.1548825103
1394 52.813072118
1395 44.936325282
1396 45.5537414084
1397 46.3335396467
1398 51.6436951364
1399 41.8016406005
1400 39.2730321409
1401 44.7085166956
1402 43.0468830336
1403 39.9397090373
1404 45.8951289272
1405 59.6756495994
1406 46.3183283285
1407 56.4844840365
1408 49.7641967688
1409 50.6213791465
1410 47.3588199556
1411 55.6157884356
1412 55.5346065838
1413 42.9374259444
1414 54.095749788
1415 43.1914824142
1416 60.6769686595
1417 46.4256279776
1418 43.8873648535
1419 62.8026760234
1420 53.8617222518
1421 41.4574920804
1422 67.1271426287
1423 49.1439808589
1424 51.4142217104
1425 58.1649824142
1426 51.85596343
1427 65.5744600926
1428 60.0002245677
1429 55.2167921142
1430 52.5233778041
1431 58.7205113447
1432 55.8581547442
1433 57.0583806931
1434 53.7230115017
1435 54.3000693542
1436 55.2037898053
1437 53.1570454219
1438 53.2711667141
1439 59.209955592
1440 63.71622222
1441 60.8210840952
1442 56.0104120941
1443 58.1453865229
1444 52.715918372
1445 58.4054158734
1446 51.1628701669
1447 56.4080952793
1448 58.4700953676
1449 53.6238466749
1450 70.4932064978
1451 52.2042196926
1452 122.969312891
1453 58.3672709611
1454 62.9624011384
1455 53.5760776606
1456 53.4644061383
1457 58.2887964858
1458 54.3202637954
1459 53.6135086665
1460 51.5545788323
1461 53.6293660845
1462 88.6114651276
1463 52.6110792187
1464 49.473912567
1465 57.4510840853
1466 63.9557647143
1467 51.3921320258
1468 53.8714313346
1469 49.9176589336
1470 60.4590593497
1471 52.5286344508
1472 58.2792482116
1473 55.1190982385
1474 82.9453578549
1475 56.5979397858
1476 64.9113156422
1477 53.9955414578
1478 52.6428717384
1479 51.3596212033
1480 55.5224561193
1481 59.2693312464
1482 66.0967598955
1483 51.3203439271
1484 62.5373953088
1485 51.8814551556
1486 52.7923069119
1487 54.4568176206
1488 48.3078193751
1489 50.9710751414
1490 51.1819677291
1491 61.6550024814
1492 61.1964138413
1493 58.434222828
1494 52.4848725291
1495 65.6642628451
1496 47.0613148915
1497 51.7201935242
1498 58.3063493355
1499 61.2652022519
1500 59.0533658607
1501 53.3331779866
1502 56.0298769431
1503 45.3861400474
1504 50.1702958991
1505 47.5907179744
1506 59.1560871432
1507 59.3779051826
1508 44.1472689343
1509 53.7502767141
1510 50.7215778
1511 51.1367920448
1512 67.6128102261
1513 72.4240437953
1514 56.1052697085
1515 70.1090741906
1516 55.4088385305
1517 104.216085038
1518 56.3359894664
1519 55.5290862114
1520 65.3072383578
1521 56.8582536545
1522 54.1258971034
1523 51.951279929
1524 56.1349505373
1525 55.1106099322
1526 51.197227451
1527 53.937641052
1528 46.1353766476
1529 56.4407841137
1530 46.2952490856
1531 63.0319678454
1532 45.4391996691
1533 53.4615190334
1534 56.8955604168
1535 51.7923050703
1536 42.7547068116
1537 56.0666457821
1538 51.9802533216
1539 56.7946166453
1540 60.8392000795
1541 47.5092756352
1542 50.1336927073
1543 50.9069875859
1544 51.8977123325
1545 47.6094727111
1546 55.2637811036
1547 56.1666182449
1548 59.2097386091
1549 44.1531515905
1550 51.0501026231
1551 53.6291064492
1552 54.3670916534
1553 74.6220379657
1554 56.4819969511
1555 64.7431050568
1556 49.0788910767
1557 65.8952136254
1558 53.691655703
1559 53.2815341404
1560 69.5585699276
1561 57.2081540666
1562 62.3533292667
1563 55.9372666006
1564 62.1619649284
1565 67.4543748667
1566 66.1210384873
1567 58.1560882129
1568 59.555567178
1569 57.4246078264
1570 53.632555354
1571 55.4530613537
1572 62.7271123051
1573 53.3605042362
1574 54.2348392291
1575 56.8176506098
1576 57.3422046146
1577 55.4124652645
1578 62.2078529926
1579 58.9613008872
1580 55.4136216971
1581 62.9928676957
1582 47.5402267084
1583 51.238945133
1584 58.0105774338
1585 56.3115735863
1586 55.4438226457
1587 55.8315516154
1588 56.608055967
1589 47.8628028149
1590 57.0559529965
1591 56.6242809452
1592 70.9265874865
1593 60.6133189838
1594 54.56362418
1595 55.9344654734
1596 65.2383918157
1597 62.6964192049
1598 60.3794666762
1599 59.1422523851
1600 55.761864916
1601 67.381596339
1602 53.037201075
1603 113.577682857
1604 53.690436737
1605 49.5110961436
1606 60.2003917289
1607 55.0915652258
1608 54.7517991426
1609 133.515914032
1610 63.969106789
1611 55.2496727508
1612 55.6452391559
1613 59.9861312997
1614 53.9651583114
1615 53.2858007089
1616 55.7229384711
1617 75.3231677422
1618 73.1144811734
1619 69.2325391289
1620 65.1139240287
1621 67.6956131302
1622 57.9649377845
1623 75.4977835633
1624 62.9171445813
1625 78.1352481066
1626 64.5198580928
1627 54.2755312378
1628 58.9989572184
1629 69.1630729827
1630 78.2081400538
1631 64.7401299178
1632 61.4360822797
1633 63.7759673369
1634 66.5954647878
1635 69.9731168256
1636 84.713929962
1637 71.9482311451
1638 79.0931862049
1639 74.5300380951
1640 67.5311685186
1641 76.572852632
1642 61.3961520811
1643 69.559005424
1644 66.1861703176
1645 68.9675741279
1646 68.1298810932
1647 86.2407070834
1648 77.3018264355
1649 63.3639499978
1650 71.4281682195
1651 58.3972380393
1652 63.7739848716
1653 81.2763475682
1654 62.8399987652
1655 67.3471092597
1656 81.9356784961
1657 72.9368291587
1658 68.7639312382
1659 60.217541503
1660 66.8675425252
1661 50.081060403
1662 68.0831944166
1663 72.0288648396
1664 49.6512045926
1665 59.7835468914
1666 64.2541167557
1667 72.4774343089
1668 77.470439227
1669 52.7698393399
1670 65.261395395
1671 79.3549969703
1672 83.8805287547
1673 70.1385544466
1674 75.7120417182
1675 63.4955004715
1676 75.868895547
1677 79.0481959904
1678 44.804721994
1679 53.2154304574
1680 51.9682461113
1681 59.6104522753
1682 58.1212327702
1683 46.7004230906
1684 61.8098719137
1685 51.306656432
1686 52.1502770919
1687 49.716673297
1688 62.5837322534
1689 52.2373475546
1690 52.075817595
1691 54.5722331913
1692 53.6069661525
1693 60.9890364101
1694 60.8661336679
1695 56.7847140316
1696 62.6350602593
1697 53.3082571217
1698 52.9459033332
1699 66.8213732122
1700 64.4697325038
1701 52.8909175819
1702 55.9745964495
1703 52.1105224729
1704 55.1347339138
1705 57.2895210769
1706 59.895487802
1707 53.7292005335
1708 61.6527030519
1709 67.2071130497
1710 57.5034617878
1711 51.7806899175
1712 53.8681427541
1713 52.8885408971
1714 49.2307764846
1715 52.8548065316
1716 60.1037460057
1717 54.9472520092
1718 56.8325842126
1719 53.5859718322
1720 83.4511290743
1721 51.4121912683
1722 54.7158419976
1723 64.3006919653
1724 59.0008964359
1725 62.9166317153
1726 63.3245144432
1727 51.5198305708
1728 52.7836286889
1729 57.6410023034
1730 51.6956692276
1731 50.6180826641
1732 48.5636377601
1733 56.4915586316
1734 56.2853334648
1735 54.0038960956
1736 68.6137091486
1737 57.8119686649
1738 60.954186897
1739 57.8074208437
1740 57.1328225102
1741 51.3784018749
1742 59.5820783226
1743 52.9962774287
1744 56.7874871401
1745 50.2893971171
1746 54.3741570116
1747 51.6722795878
1748 48.3580173242
1749 59.7510386534
1750 69.394987185
1751 48.5208546552
1752 44.8134024917
1753 46.9670243145
1754 63.1278657428
1755 46.9242150633
1756 61.5170532638
1757 57.4336246362
1758 51.3862831964
1759 45.5085931795
1760 47.6383498929
1761 49.3904927409
1762 56.9149389812
1763 48.4759217583
1764 115.300576889
1765 42.5754766308
1766 47.3506567247
1767 57.4215403399
1768 53.8979131116
1769 62.902926831
1770 59.5214770844
1771 49.4510770316
1772 48.2481824231
1773 50.413213927
1774 59.1945444481
1775 51.2250761271
1776 48.605978721
1777 46.7018840706
1778 47.7465822947
1779 51.4582492882
1780 57.1233623217
1781 62.750619542
1782 57.4944173702
1783 46.7947198274
1784 45.1080924104
1785 51.02995904
1786 63.0585916797
1787 52.8671019283
1788 50.8736527333
1789 47.1304278962
1790 46.9203315315
1791 50.6539965655
1792 47.855825822
1793 59.2033925533
1794 53.7440331512
1795 55.8959202313
1796 53.7272714992
1797 56.0339330926
1798 54.7625291813
1799 49.3802346208
1800 47.1877642946
1801 46.0932823415
1802 58.4634579845
1803 46.9539484541
1804 50.3577246555
1805 56.89711223
1806 47.3833672031
1807 53.2575856122
1808 64.7571507021
1809 72.6484906602
1810 72.2975213095
1811 78.5777203998
1812 87.4342184608
1813 64.2825715074
1814 68.7540639169
1815 76.4704447327
1816 74.2792088539
1817 79.3162828833
1818 72.1469856232
1819 83.4178408523
1820 67.3112340071
1821 68.8635653629
1822 69.1337043383
1823 67.786042291
1824 78.1535137968
1825 66.8975692186
1826 71.7171640047
1827 73.3680539581
1828 76.5350200228
1829 68.2743560243
1830 71.7014895132
1831 73.0004852848
1832 62.7761611299
1833 78.7102007835
1834 77.9817070728
1835 70.1427785326
1836 77.3494215436
1837 70.8006544081
1838 77.6924931741
1839 62.3356065418
1840 66.0736119204
1841 73.0358396187
1842 74.1884053017
1843 69.8592135572
1844 63.0519091311
1845 67.3322043982
1846 65.202268523
1847 71.5550101981
1848 73.9394165196
1849 95.2851612414
1850 67.2157130195
1851 78.0981378139
1852 64.1096429573
1853 71.8331875496
1854 71.9059128038
1855 63.3031068222
1856 67.0839297269
1857 61.4913424531
1858 83.6060159208
1859 80.9130071692
1860 67.7544901915
1861 79.3811133882
1862 70.4190063973
1863 67.3064198229
1864 68.4441221345
1865 53.8492525889
1866 70.6706121491
1867 62.8796539415
1868 89.9992918993
1869 78.6900205512
1870 72.6457285486
1871 71.816084047
1872 73.5400905947
1873 74.0740420133
1874 73.2409003361
1875 72.0417860688
1876 64.2208229316
1877 69.0209048708
1878 79.8036979435
1879 67.5626983118
1880 85.1688603444
1881 70.1871480346
1882 65.2339042613
1883 84.2737615474
1884 84.580344248
1885 61.6510530806
1886 67.9634041411
1887 72.527182442
1888 71.1915354065
1889 82.8666039462
1890 67.8770942005
1891 80.7515889794
1892 76.4414461025
1893 63.8279536603
1894 70.1777035533
1895 65.9934795365
1896 62.8919639404
1897 84.2446739176
1898 75.1364952074
1899 49.0380687142
1900 62.6240522204
1901 53.4833453666
1902 51.7052739016
1903 68.3521112247
1904 65.1014352559
1905 52.6003137332
1906 59.7745254754
1907 55.7596095054
1908 50.329870251
1909 66.3776695243
1910 50.0519615121
1911 52.1292848461
1912 52.5171706939
1913 63.1843145889
1914 54.4639420733
1915 54.1191094005
1916 61.7945861298
1917 58.075447995
1918 52.4339168016
1919 51.6938821967
1920 65.2619493185
1921 51.8458587476
1922 61.4271513708
1923 49.288624404
1924 52.4912895713
1925 52.2954911792
1926 51.7553869839
1927 116.064573778
1928 56.8115403059
1929 53.7574292427
1930 48.4447681026
1931 146.742456344
1932 51.9471634404
1933 53.2282239999
1934 60.3113304339
1935 57.1204659396
1936 58.8166061293
1937 53.7672634812
1938 51.4779140778
1939 49.6956852821
1940 51.8596731674
1941 50.7450822421
1942 61.1353824139
1943 58.1610472962
1944 68.213122346
1945 58.1744745941
1946 57.1013148864
1947 75.0829914883
1948 55.2347612356
1949 56.1531960486
1950 72.0974177196
1951 60.7147860834
1952 52.1721028745
1953 51.6659945553
1954 53.0895260504
1955 61.5758928057
1956 57.3930664487
1957 61.9295975837
1958 55.9842046007
1959 54.5164601676
1960 61.5745670819
1961 55.2746217999
1962 59.3725503774
1963 65.563400942
1964 54.3414577634
1965 58.5808124937
1966 50.4863529192
1967 56.4016491905
1968 59.5749578655
1969 70.9853012528
1970 48.3509328346
1971 54.8870042746
1972 53.6363551447
1973 56.6959935246
1974 54.2260865756
1975 66.0995565382
1976 59.9924900395
1977 55.7291382085
1978 48.473271045
1979 46.7898641402
1980 54.9927886796
1981 53.6725612288
1982 51.4048247368
1983 67.5007530746
1984 51.0928036809
1985 44.3850865342
1986 49.3922076886
1987 70.4270890327
1988 53.2212183103
1989 66.6220834332
1990 54.1860446667
1991 70.4175649977
1992 64.4329856728
1993 53.6750435728
1994 52.8088920659
1995 48.2264806766
1996 59.9597646581
1997 53.4674522844
1998 56.8417684685
1999 62.4890666997
2000 58.9204830633
2001 58.7945438101
2002 58.3205360912
2003 50.0480875372
2004 45.0321783184
2005 122.333878456
2006 64.4229500728
2007 49.9062527774
2008 61.5639767934
2009 64.5459191361
2010 53.5273138575
2011 52.6938309543
2012 51.4903282008
2013 49.7488523092
2014 50.5736548275
2015 48.9743181044
2016 100.261213207
2017 55.2238522461
2018 56.1039330083
2019 56.226605615
2020 55.2360422662
2021 59.9504271024
2022 55.6569453142
2023 61.7908045326
2024 53.3098772904
2025 53.1580700985
2026 52.6775957203
2027 68.8616077422
2028 57.1949762087
2029 60.2489708919
2030 47.9012699946
2031 52.819380736
2032 49.3266852977
2033 76.7679954615
2034 54.2536497193
2035 53.23852672
2036 50.0739580607
2037 51.9276090352
2038 48.8708597177
2039 48.4898453361
2040 51.1191818575
2041 51.2549909803
2042 51.3092785861
2043 48.0813729661
2044 50.3159039894
2045 71.6584942976
2046 52.1328306576
2047 53.8704347753
2048 52.0930387412
2049 62.4832333701
2050 58.7880058202
2051 55.9236540432
2052 56.915233592
2053 49.2955338923
2054 50.4776877434
2055 56.6191426293
2056 53.4931957893
2057 55.3968131983
2058 52.4612582031
2059 50.3142096339
2060 59.458827986
2061 53.6532757289
2062 49.9773044819
2063 50.6567950685
2064 47.9963054905
2065 56.8376435544
2066 51.7044433252
2067 52.912736355
2068 48.3040721962
2069 52.8669252035
2070 62.14723665
2071 50.4591915588
2072 46.8206926564
2073 56.3686273921
2074 59.1780290531
2075 67.651654195
2076 62.4481846601
2077 62.8752738043
2078 57.5113763152
2079 64.5980587986
2080 56.3158873951
2081 52.4218734712
2082 49.2239348114
2083 60.8630982033
2084 42.7592376928
2085 50.1924203268
2086 51.455039906
2087 40.4310580872
2088 51.5136600353
2089 42.6497536184
2090 45.768393768
2091 59.7382378739
2092 50.5816991724
2093 42.4392186168
2094 53.4602774018
2095 45.5649701561
2096 48.1575365806
2097 41.2158635441
2098 53.9107583486
2099 50.4007489847
2100 52.0076512957
2101 47.4393480828
2102 43.0253805396
2103 49.8286075984
2104 50.229854051
2105 56.5496425537
2106 52.7045449421
2107 49.9939700869
2108 68.4516776951
2109 47.2734684278
2110 45.8970085963
2111 51.3121598938
2112 43.4078489849
2113 58.5246492196
2114 61.4797184994
2115 48.2704419405
2116 52.765498925
2117 48.5306998325
2118 48.0097681067
2119 50.5477435199
2120 42.8253731512
2121 63.9152564022
2122 92.5692693479
2123 52.6162357982
2124 52.7537547258
2125 43.4429678692
2126 52.4558514385
2127 52.3020201459
2128 61.3252113803
2129 56.0088935517
2130 48.7975942347
2131 38.9481840392
2132 47.6935605791
2133 41.8515398515
2134 49.2392555595
2135 48.7312929015
2136 47.8230941967
2137 61.6212884497
2138 47.900356248
2139 48.4442035768
2140 48.1832750282
2141 44.9484047992
2142 47.7579859114
2143 42.6420454353
2144 50.0731187752
2145 53.1555802725
2146 48.1597897715
2147 48.3744966065
2148 47.7282751602
2149 49.4732620641
2150 45.8498910066
2151 45.6692781941
2152 54.4079279
2153 58.7977249768
2154 41.4576304941
2155 56.1709945816
2156 39.1197204728
2157 46.4604914868
2158 46.9731707947
2159 44.2813092983
2160 45.598907751
2161 38.4789267616
2162 40.326707325
2163 54.6495697203
2164 46.5278504717
2165 46.0449266091
2166 46.7889355407
2167 45.8524828729
2168 44.0423279934
2169 43.0252202244
2170 40.6988600266
2171 69.1446377618
2172 44.0215363066
2173 46.1125488582
2174 45.2418046008
2175 43.9619674019
2176 48.3521681775
2177 36.7718901468
2178 42.9172346556
2179 43.4228493076
2180 53.9930215455
2181 50.1639031514
2182 60.3608297567
2183 45.6297875506
2184 41.8688057451
2185 40.1682133157
2186 51.2574045535
2187 48.0395357258
2188 40.8295856722
2189 50.0120276155
2190 44.8760112853
2191 49.4214327262
2192 43.9788183754
2193 46.1124897766
2194 39.8498900424
2195 49.6746628721
2196 51.1934524437
2197 42.9792455108
2198 53.2918969259
2199 42.8689161332
2200 40.1992417925
2201 44.4358945265
2202 44.0042281443
2203 46.1482118185
2204 44.3266348054
2205 42.7756479114
2206 44.4771780987
2207 53.2737389073
2208 43.9063873639
2209 52.3934652015
2210 45.1705738549
2211 58.1331149294
2212 38.1957963018
2213 45.4793452361
2214 41.8263290623
2215 54.9200272845
2216 40.0700548867
2217 85.6673586161
2218 56.6975605281
2219 37.8035010033
2220 50.472956197
2221 36.849497539
2222 43.9969885404
2223 43.5987359027
2224 46.0514968333
2225 49.1345378787
2226 59.3065096339
2227 50.4096275846
2228 108.542300295
2229 48.6699539681
2230 53.9741016403
2231 53.4857645281
2232 54.3801531647
2233 51.031034633
2234 64.3812511163
2235 52.2540606481
2236 54.3240844914
2237 53.9491888517
2238 46.8172289983
2239 51.2442096298
2240 56.1728085138
2241 46.1253298057
2242 52.740064433
2243 53.8478079988
2244 47.924719076
2245 55.1880617248
2246 69.3831432958
2247 54.3216382541
2248 55.5434832094
2249 49.1672243383
2250 60.7806541488
2251 51.9204788964
2252 55.5287715159
2253 57.7440981476
2254 61.3774772256
2255 66.5415655895
2256 72.165810128
2257 54.8146117593
2258 57.3579707333
2259 47.2728573507
2260 52.7262333091
2261 52.0472902203
2262 49.539709266
2263 55.6844170794
2264 44.9232640409
2265 53.3468513937
2266 62.7497758177
2267 61.8763681661
2268 45.3873819683
2269 46.6864413263
2270 53.404770538
2271 53.1560348283
2272 65.7456991473
2273 66.3955551787
2274 53.0274450893
2275 61.7112710467
2276 56.2052218094
2277 51.4454451281
2278 46.6369621341
2279 55.2437686762
2280 63.9367729747
2281 61.3688227172
2282 57.2138868385
2283 52.0819493899
2284 51.8408879666
2285 46.8013201471
2286 59.0706949855
2287 51.4828726026
2288 69.693993234
2289 54.818450868
2290 63.813823396
2291 53.2923248738
2292 59.811122254
2293 59.676964714
2294 67.5301615751
2295 51.8752989844
2296 62.3494520081
2297 53.7834223632
2298 58.7559829901
2299 67.9340099549
2300 72.9410054187
2301 67.3817808711
2302 53.4542969175
2303 53.7212965921
2304 62.2177149968
2305 53.2367891408
2306 59.3819158381
2307 58.242267002
2308 47.9672473298
2309 52.9242111255
2310 62.5868746862
2311 53.1497098705
2312 50.8047762732
2313 113.74448272
2314 71.2196325774
2315 51.5553524989
2316 63.0670860107
2317 60.138828566
2318 54.6556340767
2319 67.200429972
2320 64.0182378198
2321 58.0756211966
2322 72.1426866619
2323 58.6653403709
2324 66.1447426883
2325 51.5933222843
2326 64.1800409769
2327 52.7812094351
2328 57.9297633802
2329 49.7558312425
2330 55.9624075363
2331 52.3448138178
2332 59.7086589718
2333 59.4161894627
2334 50.2692069435
2335 49.3966976892
2336 47.8689180075
2337 47.2507278217
2338 55.6769150979
2339 49.8645386743
2340 70.2901753928
2341 63.4619833532
2342 60.9627141416
2343 51.9592650816
2344 59.9610320744
2345 62.8315840644
2346 62.9771559847
2347 62.8398553255
2348 67.877933897
2349 51.9085949594
2350 59.2058630068
2351 69.3334273127
2352 55.8620997305
2353 60.3050781396
2354 47.5238360438
2355 53.5314580605
2356 66.0471187907
2357 48.7228297775
2358 49.8823935908
2359 50.0546730923
2360 59.927025817
2361 47.1396098662
2362 55.4806793308
2363 64.2232842729
2364 50.243197821
2365 48.3774145046
2366 48.4738528944
2367 41.7055181148
2368 57.1002838985
2369 58.7878399387
2370 71.4114185763
2371 43.8335153102
2372 54.944218895
2373 57.9665767569
2374 48.5875467747
2375 54.0844206974
2376 50.0397065482
2377 47.5220968426
2378 52.9773432307
2379 61.3333697221
2380 56.2837357553
2381 43.6643406481
2382 49.2508813582
2383 42.7562462955
2384 46.4078765353
2385 48.9112297432
2386 48.0241463075
2387 59.2222631598
2388 47.4312960646
2389 52.3446389362
2390 59.7040418613
2391 50.1069784891
2392 49.9722496664
2393 56.0329620891
2394 56.1556686176
2395 49.7470040137
2396 55.9343903372
2397 47.2013842142
2398 48.3035359206
2399 52.1673644202
2400 51.5731299774
2401 46.4442296372
2402 44.349848454
2403 57.3399522656
2404 55.1033864448
2405 48.6776755622
2406 42.5961900662
2407 59.4582327091
2408 50.3322288865
2409 47.9144476598
2410 47.7885585906
2411 60.6181003345
2412 43.521863865
2413 46.817034444
2414 50.346502003
2415 57.4540632814
2416 53.8446531489
2417 58.3093508317
2418 53.0154778869
2419 45.7716559151
2420 40.0562773003
2421 53.6734777898
2422 52.6403965157
2423 49.6206268982
2424 48.7315759815
2425 54.1442359229
2426 46.3559017952
2427 58.836891958
2428 45.6187198829
2429 54.7132307628
2430 43.4268067245
2431 47.1050228906
2432 44.1503813395
2433 52.534515766
2434 56.5745173602
2435 48.5675610362
2436 47.0058415421
2437 44.0521655094
2438 50.698111055
2439 45.8920264713
2440 44.871855771
2441 55.950478864
2442 46.1894707126
2443 46.6242399045
2444 45.3455431117
2445 43.2665673283
2446 44.0855750306
2447 59.2957990751
2448 52.3780816251
2449 65.2964853783
2450 54.0706345644
2451 45.5350026235
2452 55.5880175587
2453 46.7540153421
2454 41.2926133304
2455 43.3381642501
2456 43.1252745036
2457 47.1691679647
2458 68.4293128837
2459 43.3203122433
2460 43.7615596882
2461 45.3888916905
2462 47.1081641714
2463 43.1890796007
2464 42.4571826781
2465 60.8957516964
2466 40.258292934
2467 48.8638049992
2468 65.0049447998
2469 47.8351721397
2470 50.3847066282
2471 48.0792207831
2472 45.677042102
2473 50.0184069239
2474 90.8157063777
2475 52.2786894893
2476 50.5901741655
2477 55.3254743161
2478 47.8702912795
