u s
1 52.5052332821
2 62.893068342
3 52.316240632
4 58.4222674967
5 58.1781000665
6 44.9041613474
7 50.4662410523
8 50.8942983756
9 68.5838476322
10 58.5502300432
11 48.0402762055
12 65.2676400429
13 66.7558613651
14 62.8688943081
15 67.1349262192
16 57.3053573355
17 50.6739754168
18 52.051960495
19 166.641941555
20 56.0472963377
21 57.7540620414
22 53.665756599
23 63.2149177214
24 59.3537562034
25 59.1816711825
26 73.0431772099
27 65.4655524493
28 52.0479594028
29 50.585096833
30 61.7889231303
31 64.1314486468
32 72.8112117587
33 58.164711758
34 64.4474736161
35 50.1130751099
36 63.6145859348
37 71.3907806192
38 58.7777081999
39 41.4256604564
40 50.7119069067
41 59.2578688333
42 55.925912037
43 57.3045485843
44 58.962719074
45 63.7140111359
46 60.7185281942
47 56.9522660846
48 52.354848609
49 51.0740372175
50 56.5234728924
51 55.0752339543
52 58.8016722177
53 63.5304142309
54 57.7590731254
55 145.540931605
56 65.0891381388
57 70.6271010086
58 59.1087579438
59 58.0509946241
60 56.7852050391
61 59.2279766389
62 76.6326938702
63 57.9855983747
64 60.0765259061
65 75.936116635
66 46.9383698254
67 53.1263832861
68 53.2543959173
69 117.091802423
70 52.5815248732
71 47.6890218688
72 48.0544421668
73 47.5573801099
74 54.7942432361
75 55.6877111254
76 53.6090831693
77 53.4377098192
78 52.0205121256
79 56.4868309532
80 59.2154156269
81 46.0663435676
82 53.8703330745
83 38.4220004462
84 51.8926859471
85 52.0141798302
86 51.4775160562
87 57.5064831685
88 44.5128310794
89 59.8644392677
90 47.3636548723
91 55.5873862798
92 54.1713742924
93 58.1378236283
94 71.9996599115
95 39.9496206716
96 52.6256187366
97 48.2343919768
98 136.804769648
99 48.5959028271
100 51.6812030497
101 54.630341663
102 55.9605672534
103 54.1510738904
104 67.6847037583
105 54.9977755107
106 60.704331629
107 48.9119117254
108 55.2821343953
109 55.9549242228
110 43.7824476592
111 56.3346621201
112 71.9521169353
113 62.6778035849
114 56.8548270957
115 54.042342072
116 56.4263641485
117 52.962834685
118 56.4881318771
119 55.0788169189
120 55.630529508
121 56.6056123139
122 54.8489288594
123 59.6384845018
124 54.9048357679
125 45.8726415049
126 53.0274864141
127 51.7231102875
128 47.4598058585
129 54.1540763281
130 53.6587839691
131 53.0506251799
132 56.528489819
133 61.6528457932
134 51.0162893238
135 55.9863579706
136 53.3550385934
137 57.5838249313
138 60.1631350559
139 58.7247959922
140 55.8164638262
141 57.3803106535
142 53.1588444975
143 64.0245539294
144 50.912704194
145 56.0045356001
146 49.4215914068
147 53.7354906656
148 54.9992405614
149 67.917026251
150 53.4605914638
151 60.8449674949
152 54.4058241472
153 55.3456470636
154 46.7786026537
155 57.6071578037
156 49.7019131645
157 50.3219941604
158 59.9721756608
159 55.1178000002
160 54.487642301
161 56.2324130182
162 46.5210203951
163 64.5287713187
164 54.4863689436
165 53.1858570669
166 58.9594355241
167 51.8116126579
168 56.5158683664
169 59.6392225716
170 46.2355764562
171 54.1613010037
172 56.2110936428
173 48.5451359696
174 51.3995748218
175 58.0151303063
176 54.4134196964
177 52.7811221648
178 54.7407829592
179 46.9620461001
180 59.4644121481
181 45.6759560761
182 61.2580372197
183 54.8854509691
184 46.447885722
185 50.0562760468
186 50.4763942245
187 45.6753781794
188 53.7487325889
189 51.5325248501
190 42.2068842728
191 43.2469374599
192 56.6559950138
193 55.7527690803
194 53.0628686449
195 60.2853173154
196 61.7596870493
197 60.3943563678
198 61.9360122616
199 68.4867456476
200 60.2896452303
201 50.1790754271
202 59.4543370213
203 69.9605377824
204 66.8320357682
205 62.927558161
206 58.1197398185
207 53.4537550692
208 58.084174982
209 75.998672678
210 62.3836203472
211 49.4115518655
212 49.8142694862
213 39.9389013817
214 49.6223819795
215 52.5970081047
216 39.6088496362
217 63.4322173781
218 68.0671739192
219 60.0061345673
220 48.56612686
221 61.5654435152
222 57.3490583409
223 68.9951237367
224 59.5931294773
225 65.9386634777
226 61.4339802117
227 55.840238351
228 50.2278797343
229 47.205270525
230 65.7433157281
231 75.43987238
232 62.645347313
233 168.180279305
234 59.3209601459
235 58.8558178399
236 185.995195945
237 64.136608386
238 62.2346951378
239 64.5458425358
240 50.3240323845
241 78.4416496985
242 63.0837726401
243 51.3989452066
244 58.8342861898
245 55.1071625194
246 63.4572139786
247 65.0758268307
248 53.2050408096
249 59.2473050844
250 75.0710139126
251 61.0079676827
252 58.5202414857
253 51.13750903
254 49.5226107422
255 70.5544426543
256 63.2535306774
257 68.8285281116
258 62.065393095
259 48.9021152685
260 62.247133385
261 46.1955658998
262 55.5389455764
263 101.735565222
264 49.8041611096
265 51.1902009669
266 43.0198004272
267 55.1824695638
268 43.3711133917
269 47.8832279031
270 52.447659216
271 59.1014223669
272 57.0133413886
273 50.9447757148
274 53.1499617346
275 50.880624321
276 56.7320870535
277 70.4991313733
278 54.3447173067
279 54.7669808864
280 50.8918607842
281 56.2314284166
282 45.5091023285
283 50.9331633284
284 59.0662961564
285 47.6812928776
286 52.0074466594
287 60.354891094
288 52.6579149725
289 55.0462001586
290 57.3552499369
291 54.5097611074
292 51.4594722129
293 54.5764583632
294 58.5936189735
295 46.0087695751
296 53.4341027958
297 52.6036409334
298 53.6065409482
299 56.4600866573
300 48.6031686335
301 50.0752591265
302 51.093937427
303 53.8106231898
304 51.728365475
305 51.4725302765
306 56.1248304859
307 57.3239618014
308 61.3752859101
309 50.8837566377
310 51.1037286195
311 53.0352887666
312 45.7936692828
313 49.8208929322
314 41.457921468
315 50.156093776
316 67.8763607388
317 50.4074313888
318 54.3503660894
319 58.5381669185
320 47.508615726
321 49.7412506855
322 50.0357057789
323 56.7882905446
324 71.7666590218
325 51.4919849394
326 56.3803124424
327 53.6895167889
328 57.1420191951
329 60.1429123596
330 54.4649121913
331 49.8879419371
332 54.5381893276
333 57.9537926493
334 56.3200400984
335 52.6492041529
336 58.2670213866
337 53.8013943037
338 43.7659798186
339 55.2675794036
340 51.0430051807
341 62.0037268603
342 54.9324811499
343 54.2094744313
344 60.3515646975
345 51.1491300788
346 51.5813035527
347 57.755166126
348 58.903198989
349 53.9339609032
350 53.1420039763
351 55.5872590448
352 56.8864154835
353 52.487600982
354 56.8085062679
355 48.7630259158
356 64.3738840253
357 59.750339472
358 58.8615682371
359 52.5516069404
360 53.5554303132
361 45.1082069947
362 57.6127703399
363 55.8145483605
364 65.7858967479
365 53.8094836662
366 51.7232453682
367 55.2109446847
368 60.2132115689
369 49.1580357783
370 94.9042950068
371 72.5307640454
372 72.1765504259
373 59.1136253729
374 51.1230134743
375 58.6556069118
376 49.7948191002
377 51.4421464375
378 49.1518884899
379 58.4095903461
380 51.7345465977
381 54.3393912066
382 52.9120011907
383 56.3626102069
384 53.5847681157
385 59.2051568748
386 53.7606916015
387 56.2138709704
388 48.0693185491
389 73.1309811092
390 55.7978206856
391 53.213406564
392 51.923522293
393 55.3629504263
394 55.2168188472
395 51.9551634134
396 59.4953509663
397 58.6950277421
398 55.320287017
399 59.9935531488
400 55.3471736733
401 55.4578907462
402 43.3485059803
403 57.566439697
404 57.5569056323
405 59.4095446
406 60.681432409
407 50.9598139616
408 44.6888806298
409 52.6789968727
410 60.6369488957
411 52.5847484365
412 54.5531651608
413 59.5037312133
414 55.9799586358
415 53.2132540095
416 54.2910647009
417 65.8067480588
418 45.7341635213
419 53.7686008375
420 52.6819082548
421 60.8220814211
422 46.4357491281
423 74.5595754509
424 57.5566646445
425 61.1787288943
426 54.8192993614
427 53.9776641664
428 56.5485397375
429 67.0536426871
430 47.2464474908
431 62.6724636986
432 49.0477282703
433 63.6602625475
434 56.3902356062
435 75.4010520647
436 50.4648234429
437 54.5608711615
438 52.6056968765
439 46.8568328614
440 53.0390348078
441 50.8314284637
442 47.5864699276
443 55.0555310643
444 46.1725899515
445 61.0970041971
446 53.8658366796
447 54.6879283347
448 54.5396556832
449 47.7245877743
450 60.9935565082
451 51.4304150527
452 45.1360049035
453 56.9955202032
454 75.720675478
455 51.6535992833
456 50.0546019145
457 61.1248489298
458 46.5863682419
459 44.4518627309
460 60.2192590352
461 47.7267616863
462 48.7432372327
463 50.3652387981
464 49.3733268625
465 45.1290937803
466 50.9725717805
467 49.122511714
468 49.1211717426
469 49.6779354558
470 51.9877729196
471 67.0851494931
472 56.881070436
473 49.0328790023
474 48.0525872584
475 43.190472792
476 53.8095917931
477 52.8934008519
478 47.9378191055
479 49.7918217015
480 42.479016513
481 49.5283397509
482 50.2737832742
483 47.6759204681
484 48.2747859837
485 41.0485186118
486 46.5490096737
487 49.1136735224
488 42.7152482726
489 47.3432265774
490 97.9024371837
491 51.3536107333
492 47.9540230759
493 54.795739723
494 47.0880737939
495 50.9538363536
496 52.6041337391
497 49.7890306491
498 50.9389271008
499 41.904495828
500 52.3817548399
501 56.4558989033
502 45.1136974446
503 47.773331989
504 51.6200237298
505 63.4114610071
506 48.3840061401
507 47.8664133615
508 49.6275000043
509 50.0247303544
510 47.7618311958
511 55.8818871738
512 47.333880385
513 47.7693456461
514 51.9129408656
515 48.451640202
516 45.043745937
517 49.0028993675
518 44.5789962583
519 51.2340381748
520 53.3726636877
521 49.8523377721
522 54.0147205535
523 56.4630713859
524 52.2910496489
525 49.0397402025
526 53.712483738
527 55.7220266245
528 53.3330828175
529 47.1407347811
530 41.4804352535
531 51.9876113423
532 54.8667875258
533 65.8837540444
534 44.6377538064
535 46.4035935171
536 55.0011614817
537 50.691903423
538 53.1873908068
539 46.6203723457
540 50.3829453972
541 52.6652606439
542 51.1389369825
543 55.3281798
544 54.3424954526
545 52.6113898564
546 57.0435152255
547 47.4338193852
548 48.6677627944
549 55.3127628814
550 52.1380219356
551 54.262101983
552 55.6605770138
553 51.3860584573
554 56.0886804381
555 49.5591276352
556 46.265438445
557 104.605111687
558 51.3878244408
559 51.5567303111
560 67.8595748833
561 59.3211783888
562 117.401662678
563 49.6590201474
564 61.9112725019
565 52.6207689517
566 51.6067311525
567 57.5293630017
568 52.5233369237
569 45.909505426
570 54.343439514
571 55.3447136606
572 53.6238890512
573 45.2765505518
574 60.3085202644
575 48.3901621469
576 59.8700576144
577 57.8156138254
578 52.0968945189
579 51.0936006098
580 56.8227781324
581 55.1544571128
582 53.3920476016
583 50.3212094351
584 51.1919939516
585 53.4680629802
586 59.5950239203
587 75.8857788025
588 60.2599808938
589 60.9408676264
590 59.8467042995
591 48.4917766822
592 52.631625977
593 43.8902312362
594 57.6160750809
595 52.4731522772
596 57.3970929165
597 60.4413341773
598 51.8079116298
599 57.8944445771
600 57.0018398696
601 52.3348931398
602 50.5932851945
603 48.0861728766
604 53.4349070623
605 58.494511222
606 44.4112335464
607 56.7537699916
608 60.033289881
609 57.936687867
610 96.3392117475
611 48.0459267594
612 51.2126443482
613 44.6421741992
614 47.2070321189
615 54.2273060711
616 58.0537610171
617 67.4682169551
618 52.0500023078
619 48.9630875045
620 51.6173830697
621 51.1620101159
622 57.7603773283
623 52.6735020676
624 53.5655363164
625 54.9327952327
626 47.2456403289
627 44.0332034045
628 45.4076562512
629 50.8203136926
630 52.4705892103
631 61.4365652182
632 56.1049188116
633 57.7653038064
634 53.8266681327
635 52.4820740193
636 53.0610674138
637 65.6368117332
638 52.3819530371
639 54.1751893497
640 57.8968006722
641 49.650704604
642 58.7035546142
643 53.5854097414
644 53.1171569609
645 57.604774501
646 51.7002550681
647 47.1683185028
648 56.9581990925
649 53.1763531679
650 44.8746489932
651 44.4299395681
652 45.848820799
653 51.4495124247
654 47.8115620534
655 44.681504766
656 52.8782341791
657 52.2184931447
658 55.3375492531
659 46.8237815837
660 54.4349254463
661 59.3971478143
662 54.0875526873
663 46.2853775138
664 48.5832229957
665 45.9154278375
666 60.0326623122
667 50.7197042818
668 48.4940566939
669 44.4729447017
670 46.1747796866
671 47.2448882437
672 54.899941887
673 48.5227016837
674 43.4663017031
675 54.1726934684
676 49.1059460786
677 63.1446152622
678 52.454438219
679 51.050504422
680 51.6370775038
681 47.1955566229
682 51.0678746807
683 49.8609866236
684 77.0650149007
685 43.8529067519
686 49.837438311
687 49.8325303871
688 51.0652799848
689 50.2955638055
690 45.449724936
691 44.447590342
692 49.1311300051
693 49.4594107969
694 51.8257233761
695 40.4719661627
696 55.7228676329
697 50.6900313667
698 51.1577195298
699 48.9453598399
700 52.7171603268
701 43.4562294837
702 53.1407211966
703 42.503110114
704 51.526221102
705 46.8328836919
706 44.8638470031
707 51.5377623238
708 64.5068644632
709 50.4938835982
710 48.4056215198
711 47.5093702875
712 48.6515680514
713 54.3262064154
714 41.7105476538
715 62.2015742828
716 51.1575451521
717 55.8234311007
718 58.6834147351
719 57.2792472934
720 53.3666114459
721 57.3250840815
722 55.1721561009
723 51.3432152414
724 57.3825087921
725 72.9785644342
726 58.7977355334
727 60.2035061837
728 58.8219707027
729 64.3480256937
730 54.6801765712
731 57.6944413352
732 50.9072941556
733 53.3933529309
734 56.9431135143
735 55.3831213668
736 61.1613864319
737 54.3089268668
738 63.9139790862
739 54.1495699179
740 56.7254604047
741 59.6420263798
742 62.5349907744
743 53.2770004779
744 45.9686993292
745 58.3708093142
746 57.166378979
747 50.8934627324
748 59.1441778136
749 65.3987719785
750 52.7304618654
751 62.0136631735
752 59.1879066262
753 56.128664191
754 54.8229735368
755 120.465486989
756 58.5113467655
757 53.9988248131
758 74.7093384973
759 56.5827496947
760 53.0531468149
761 57.2330478776
762 63.7685949519
763 51.6819139293
764 53.6679614788
765 56.3451097271
766 53.865235131
767 59.3280050909
768 66.4884569523
769 61.9790212694
770 56.9990282302
771 53.3684849645
772 50.3921442665
773 70.0824764655
774 54.7417854275
775 50.5636608282
776 49.0402819214
777 52.3412801493
778 60.0116099709
779 52.9536343705
780 45.3853389485
781 46.7080718555
782 40.3639006158
783 45.4231475566
784 46.7394168859
785 41.0340334396
786 36.128660527
787 44.3389337536
788 45.9469352847
789 45.958207854
790 46.045871349
791 44.2009453925
792 44.5689495571
793 39.4991452491
794 39.7062418062
795 43.5903306605
796 44.6839046504
797 45.0251980917
798 53.2091708699
799 40.4715107291
800 39.3671001146
801 45.4399946468
802 43.7656867737
803 37.6495651555
804 43.0783919671
805 47.9382096856
806 45.1175201718
807 45.1233031528
808 44.3875785141
809 44.3496607977
810 45.0756033986
811 59.6576605395
812 60.86989393
813 55.1614863024
814 47.6770121194
815 48.8214821845
816 51.3091256987
817 43.7584940716
818 52.8985229178
819 40.4475386231
820 39.314855024
821 39.8068240598
822 43.2352556218
823 43.7545722552
824 44.7650780873
825 45.1811206969
826 50.9938178982
827 43.9882450146
828 44.2415081191
829 45.8180510475
830 46.1717163045
831 45.2748230828
832 40.2733306521
833 49.223181522
834 45.8006277214
835 42.8114285613
836 43.1890265027
837 46.9561159066
838 47.8171485923
839 47.2730608681
840 51.2968468865
841 62.1523576885
842 45.7184695766
843 39.3210549308
844 39.4525601499
845 62.1961393127
846 43.9717584828
847 66.2631712459
848 61.1399168361
849 70.1696574868
850 58.3567087441
851 65.7079454134
852 51.8060342084
853 71.1588115535
854 56.6473082061
855 63.6222976415
856 62.746199298
857 61.6950945278
858 50.7628083469
859 55.6221215533
860 63.2216388056
861 59.9119397832
862 52.3791749914
863 62.282724918
864 61.3827606798
865 60.0122275033
866 46.0297764373
867 50.1639727596
868 69.0512225757
869 65.7886890551
870 44.5749434194
871 50.8384840895
872 47.3995764429
873 65.6477422656
874 49.7936738265
875 53.946016668
876 65.5278269094
877 61.3538798122
878 61.1125360612
879 38.3983001121
880 51.1922534882
881 100.089563564
882 63.8949111329
883 60.0817990574
884 60.1945664497
885 59.9066315755
886 40.8738631193
887 60.248658852
888 61.58112875
889 50.0036124835
890 58.4556699002
891 40.16971175
892 48.9346561987
893 55.3546577712
894 64.8920636025
895 62.8751199251
896 61.4454045399
897 58.8988710424
898 49.5154527492
899 62.8807373987
900 61.5527772544
901 61.6031249884
902 68.1868072571
903 53.3387176848
904 51.0872023626
905 62.5714943135
906 62.9902453551
907 62.8127342973
908 61.3445121751
909 65.1424702113
910 50.592883759
911 52.0450525571
912 71.8083855195
913 53.0427772567
914 51.7731739449
915 48.7124314501
916 44.7968698787
917 51.7832445554
918 46.4505324862
919 48.7207742323
920 53.3793903964
921 42.6149776221
922 52.8811440677
923 52.5542256476
924 48.8309699272
925 48.1941681723
926 51.6905568063
927 55.7222023531
928 50.0585710762
929 50.4365450191
930 48.8871346969
931 52.0185662732
932 51.2886267233
933 41.8442376182
934 52.2431526597
935 60.3771620974
936 55.4659381179
937 54.4619885677
938 58.5188495061
939 57.2821370785
940 52.3202991364
941 54.0768019435
942 48.3408380732
943 50.4630222218
944 50.7024268636
945 47.8558254879
946 42.8508386411
947 47.9776533526
948 55.8825789812
949 50.4179692548
950 56.6867688586
951 50.7381878533
952 66.3397584956
953 49.3688561469
954 42.678793822
955 50.6306121916
956 64.2737865377
957 52.133340549
958 51.0635169271
959 53.9248584895
960 57.4879083926
961 47.2802026765
962 50.4317394687
963 55.4316170931
964 53.1903978941
965 50.8351806367
966 49.6644339607
967 46.6467236261
968 50.013917867
969 50.199086888
970 56.8790882471
971 50.7983950974
972 50.8342445926
973 52.1607658581
974 50.9334880508
975 52.7948933637
976 48.4607290146
977 57.8657054959
978 51.7135370034
979 48.3412291231
980 49.3972707415
981 48.9053940019
982 52.8678211216
983 46.0905902422
984 53.8783585521
985 44.8361361454
986 51.0348959415
987 43.2142874763
988 46.3251453354
989 54.3100509354
990 51.0675254161
991 47.9534173448
992 51.3557606136
993 46.5362470574
994 49.9510129864
995 50.0283891817
996 66.3866662995
997 64.8855286943
998 54.7741350995
999 47.0975959584
1000 49.0713873331
1001 46.4569864473
1002 44.1388633324
1003 50.2172195672
1004 50.7278522229
1005 54.332950375
1006 58.8342186034
1007 46.1649229523
1008 56.844860768
1009 46.2689470577
1010 72.3209367265
1011 48.1783317244
1012 54.4022929594
1013 52.288638218
1014 53.6502712908
1015 51.6098912888
1016 61.4080598244
1017 50.6425826865
1018 53.4949501706
1019 49.4674963931
1020 47.8149696627
1021 51.6455123319
1022 61.558910414
1023 44.2708341795
1024 49.4024426797
1025 50.3172854454
1026 49.0379950322
1027 50.7855465821
1028 55.1697504884
1029 55.5091909953
1030 43.6522673408
1031 54.6234467553
1032 46.5006823076
1033 50.2834776852
1034 44.4928288755
1035 44.5067569404
1036 53.9981872844
1037 51.6964420167
1038 50.2914681866
1039 57.5151679551
1040 50.4589164632
1041 56.4200048272
1042 50.3390878808
1043 49.362125362
1044 50.4855595408
1045 34.152589526
1046 55.1838063995
1047 47.8713178676
1048 50.9737470454
1049 38.7272025068
1050 42.3385507652
1051 51.8431717295
1052 79.9568404369
1053 43.8727141159
1054 45.4399427192
1055 60.1620884858
1056 62.9338751522
1057 54.4687032238
1058 48.835962027
1059 53.5210445432
1060 41.2978600448
1061 44.198117993
1062 64.9555113101
1063 48.1192518603
1064 47.7757250808
1065 48.0715109152
1066 50.0853797957
1067 43.2074895594
1068 50.9612857321
1069 52.1763872747
1070 49.2889193879
1071 50.4904761653
1072 54.6963200476
1073 51.8553114581
1074 55.4103078958
1075 46.8062073659
1076 49.9302656591
1077 42.9730211266
1078 50.080157103
1079 58.3809879521
1080 52.5345607938
1081 52.711205876
1082 50.4829844525
1083 58.2735555532
1084 52.4002520461
1085 49.7071829725
1086 43.7061595039
1087 52.1096861435
1088 46.2831514078
1089 51.6333281111
1090 47.0206447458
1091 50.7172728822
1092 53.2009261578
1093 44.8112483264
1094 46.7938270357
1095 46.3225826227
1096 53.8518317123
1097 50.7408953529
1098 52.5704443475
1099 49.2246625095
1100 49.124814522
1101 50.9914221397
1102 47.7424074854
1103 51.0552714777
1104 52.5288422179
1105 58.9819758504
1106 50.0516053441
1107 53.9466703566
1108 48.1528551454
1109 60.4634635629
1110 52.7787718281
1111 51.6269953074
1112 53.483540937
1113 53.642854667
1114 52.5375578666
1115 54.2305860152
1116 50.0433476517
1117 55.7518074782
1118 46.9682431996
1119 42.8574342325
1120 44.7953619014
1121 45.1994989113
1122 50.4784568159
1123 51.8910826239
1124 57.4842337019
1125 54.1371404445
1126 45.3830991931
1127 56.0235380399
1128 67.9311985717
1129 51.6976010685
1130 50.4127633324
1131 42.8665536837
1132 47.0518095178
1133 51.1980513884
1134 52.314669811
1135 55.7459971107
1136 43.9060196619
1137 53.4279425566
1138 55.6425024331
1139 54.3064241344
1140 42.5284067123
1141 51.8154516163
1142 81.4771392633
1143 48.5531749447
1144 55.5144301124
1145 46.7783839043
1146 55.3505181125
1147 53.4260870851
1148 52.6479272483
1149 48.7218053745
1150 49.6722513627
1151 53.2673603791
1152 47.8472489767
1153 50.0569388069
1154 51.8604381392
1155 53.4565881881
1156 48.2665192921
1157 71.1520324964
1158 54.2617494774
1159 51.7682389932
1160 48.9539864204
1161 45.6894975267
1162 48.9756458911
1163 57.7038490976
1164 53.6096101467
1165 47.1154336645
1166 47.9852454974
1167 48.9050485178
1168 61.2655805027
1169 56.4038029141
1170 56.3550605483
1171 52.0937855341
1172 39.9640848179
1173 49.6145794478
1174 54.292082827
1175 57.6926554004
1176 50.128350301
1177 54.4609431501
1178 47.3349937163
1179 53.2497437526
1180 60.5237839135
1181 61.0910597625
1182 50.5218697724
1183 49.6976174172
1184 50.45510818
1185 46.3932535578
1186 55.7525744898
1187 51.3994472617
1188 52.9314362919
1189 58.7785900093
1190 51.5880675036
1191 52.1169126793
1192 52.6824964825
1193 49.2556238587
1194 50.3894768871
1195 50.3913271769
1196 49.3359078696
1197 52.9814986628
1198 49.4908544719
1199 50.2290586661
1200 78.0945032424
1201 52.124968682
1202 45.2958481801
1203 44.3211952646
1204 49.3013774078
1205 58.7681955626
1206 52.4831361133
1207 56.0314374172
1208 46.3259184804
1209 58.6779416023
1210 53.5900187676
1211 52.2323692679
1212 45.1020636485
1213 54.7804194394
1214 53.5544207037
1215 65.9387421435
1216 55.1744934408
1217 87.2467515242
1218 50.7847947345
1219 85.1843949709
1220 53.5791870252
1221 54.7347202263
1222 50.5528208639
1223 49.6578542111
1224 53.1766824783
1225 49.7176513083
1226 48.7880105671
1227 76.4184399649
1228 55.120751707
1229 56.0583813449
1230 55.3038053409
1231 58.4632353557
1232 54.6920334707
1233 41.7894596709
1234 56.106652194
1235 59.7711120552
1236 58.4626002014
1237 53.624945985
1238 73.4546664639
1239 54.404502378
1240 58.4181359482
1241 50.5530877624
1242 59.0104776917
1243 59.8495719016
1244 56.1055709199
1245 62.2786812768
1246 57.1322398584
1247 46.3580028099
1248 54.5843916611
1249 59.1770565062
1250 51.7180243403
1251 52.792423049
1252 54.3098426717
1253 54.1070736619
1254 53.5086205804
1255 54.8295006937
1256 46.6607783673
1257 55.1687787535
1258 52.7634084947
1259 61.7829671922
1260 126.261609269
1261 69.1717851747
1262 57.1781942065
1263 51.1189581299
1264 63.735359452
1265 56.7250812499
1266 50.5693263968
1267 59.2384201437
1268 57.4130806843
1269 70.963553144
1270 57.1624940849
1271 54.2908551372
1272 60.9886352493
1273 52.6507874104
1274 53.9163071368
1275 51.6108273013
1276 59.0878376271
1277 59.8414762176
1278 53.9022303799
1279 65.0354812956
1280 49.4304012142
1281 61.0920217936
1282 58.2583731304
1283 47.680320401
1284 66.4194506798
1285 64.7309934642
1286 46.2721905555
1287 54.4960130526
1288 55.4369307476
1289 58.0358650969
1290 53.2864884254
1291 75.829698712
1292 57.9059182701
1293 61.750810098
1294 52.7542831338
1295 48.5038581525
1296 76.8758685723
1297 42.5484701007
1298 65.847628717
1299 43.2116040244
1300 58.744126343
1301 55.4091710093
1302 43.6219796323
1303 119.065941394
1304 52.1235909998
1305 65.958071514
1306 54.5108775395
1307 52.1289750623
1308 60.8059751014
1309 52.3387970336
1310 61.3630978524
1311 49.7860413351
1312 64.9175190246
1313 68.9883861687
1314 59.4934724646
1315 65.1999573502
1316 62.403082891
1317 63.7644862843
1318 56.273029883
1319 76.352715776
1320 57.1949803266
1321 61.102783846
1322 55.1622195188
1323 43.9037226976
1324 52.6195101301
1325 61.3488860038
1326 64.0514067545
1327 48.5933799557
1328 54.9080706605
1329 46.4713587219
1330 57.927101988
1331 58.8306213307
1332 40.5954152913
1333 112.337809793
1334 56.9741723334
1335 53.7866277871
1336 54.2817792932
1337 57.0884361692
1338 47.2073052288
1339 59.9836804922
1340 58.0753875046
1341 51.6191065504
1342 58.4431229919
1343 46.4990905349
1344 52.4823613256
1345 45.2509173584
1346 60.323561856
1347 57.9579451079
1348 58.8193793292
1349 54.1560659902
1350 59.0308702802
1351 47.4926797069
1352 54.4621305704
1353 57.0088855928
1354 56.4619671262
1355 56.9131463008
1356 54.9788057538
1357 50.7100276918
1358 57.2503447992
1359 53.8247253865
1360 44.6206436205
1361 48.4543878176
1362 45.4782818526
1363 49.6497474147
1364 40.9954235674
1365 53.996741274
1366 45.9803403074
1367 49.1289377835
1368 53.6923736752
1369 43.6764569296
1370 47.1704312664
1371 50.8872980577
1372 50.3025112697
1373 65.9563422085
1374 54.19354815
1375 47.1803394998
1376 87.6727113762
1377 54.1311645312
1378 40.2092827554
1379 46.1939756182
1380 48.6776269232
1381 52.4268041743
1382 54.4971046007
1383 57.6859060492
1384 45.4708415987
1385 44.8084582095
1386 46.7891434522
1387 45.1977845021
1388 46.6187473448
1389 50.4175474653
1390 43.2983013738
1391 47.9608184437
1392 56.8861235517
1393 47.5634298261
1394 52.2993795248
1395 50.490358725
1396 51.2243671523
1397 41.5310865832
1398 53.9614026318
1399 45.1611921793
1400 42.7136916161
1401 47.2671422044
1402 47.5562655673
1403 44.2337782151
1404 44.8664152452
1405 49.4702472246
1406 47.112305814
1407 49.6244603214
1408 45.3908247506
1409 49.8708908163
1410 45.3635865731
1411 71.8102395669
1412 47.8481410238
1413 46.923256963
1414 49.582722407
1415 45.9489498607
1416 51.6447535494
1417 41.445104222
1418 56.4783189208
1419 54.2290111874
1420 57.1797947967
1421 44.2252915888
1422 49.4035921193
1423 47.6776832753
1424 52.6395352433
1425 51.2749494057
1426 51.5587675137
1427 49.3767892875
1428 67.5344885553
1429 52.2547510317
1430 45.7113878819
1431 48.8104227706
1432 59.1491885371
1433 57.1961951622
1434 61.975098535
1435 45.2371304434
1436 53.0419769977
1437 52.1839876632
1438 52.7817648337
1439 51.609886498
1440 52.8063057862
1441 51.5337397703
1442 56.4291668866
1443 51.4330470933
1444 49.4344177054
1445 59.3062588636
1446 52.280379982
1447 53.5403443068
1448 54.7602582694
1449 51.5814752966
1450 69.5191029673
1451 53.8481289039
1452 112.510971259
1453 50.058049475
1454 61.6167261568
1455 56.3338773875
1456 56.351676731
1457 50.0742435288
1458 53.3285124449
1459 52.7066150335
1460 52.3802486887
1461 52.9260890038
1462 78.2735750499
1463 51.9611659598
1464 45.7015859291
1465 52.9880962606
1466 56.7850594206
1467 48.1693042609
1468 44.595013738
1469 51.6071836891
1470 54.4791457524
1471 49.0211032605
1472 72.3682017441
1473 54.9332136277
1474 78.4510158732
1475 59.169929425
1476 57.6156018373
1477 44.0198556246
1478 54.468119204
1479 53.7170460853
1480 51.2743458359
1481 49.9119259199
1482 50.1770387416
1483 51.4906013905
1484 50.6823270229
1485 52.6848762831
1486 50.4806677477
1487 51.0011211078
1488 37.3999695394
1489 43.8391484111
1490 51.7374801126
1491 51.5568923631
1492 52.2247114003
1493 61.4242426337
1494 40.9225889256
1495 49.8924151731
1496 39.462783295
1497 54.5007757293
1498 50.8962133348
1499 49.7254232765
1500 54.9686457504
1501 52.1644767279
1502 50.136928744
1503 45.733910121
1504 52.0087105511
1505 42.8298771051
1506 67.1831783845
1507 50.0770816163
1508 42.3671298239
1509 53.1848281251
1510 52.386181633
1511 40.875302727
1512 56.072011955
1513 55.4402046821
1514 50.3804404542
1515 65.2116973347
1516 55.1328422402
1517 95.2266128203
1518 43.892432451
1519 45.1823624803
1520 51.8503948765
1521 50.5761097404
1522 53.1059069791
1523 54.2009534732
1524 53.9038049516
1525 51.6753766634
1526 52.0554572329
1527 53.4299482146
1528 39.4274014519
1529 50.7496558996
1530 50.2165627348
1531 50.6432989
1532 44.3164372314
1533 53.3791612274
1534 45.7076710182
1535 54.0576688139
1536 41.0072417936
1537 53.9407725002
1538 53.8665274463
1539 52.9446877715
1540 53.4952003018
1541 40.3402706982
1542 48.792699803
1543 52.4407722174
1544 54.1982666132
1545 42.4507183393
1546 53.5323971021
1547 51.5871440217
1548 56.2214541762
1549 46.1661427582
1550 51.6100605069
1551 49.6630942102
1552 52.7038000039
1553 63.8406350024
1554 60.5767768517
1555 65.7164769519
1556 40.7958030025
1557 65.7718009383
1558 57.5573053642
1559 53.6606205223
1560 65.9073616424
1561 54.3611522853
1562 60.6049211108
1563 51.7183908134
1564 62.7272410144
1565 63.6869930895
1566 65.2561634963
1567 54.192129851
1568 58.2397299505
1569 61.7230572871
1570 50.8777560486
1571 46.675583827
1572 65.5269096653
1573 51.6073508798
1574 57.3169846995
1575 47.9603924061
1576 60.1019830362
1577 58.3939116839
1578 59.7873309159
1579 62.3986871401
1580 60.5408326828
1581 59.1141598449
1582 50.7116493755
1583 49.8980056961
1584 60.3126288625
1585 60.2159644704
1586 61.1598184358
1587 62.054644786
1588 55.5182043955
1589 50.9506526075
1590 61.716150261
1591 53.2083668057
1592 74.6812124507
1593 66.1009055472
1594 60.0255681546
1595 58.9216522858
1596 66.3813581978
1597 59.9913705214
1598 61.8955799698
1599 55.3605891472
1600 57.18984644
1601 63.3421455167
1602 58.6487636698
1603 104.665483272
1604 46.9763342638
1605 48.3165879499
1606 60.3726760264
1607 59.7882194611
1608 58.3297769845
1609 123.417913285
1610 62.710733036
1611 57.8074732129
1612 48.0250255544
1613 55.7754270693
1614 49.7921248253
1615 54.3564559101
1616 56.8605028666
1617 74.3708417774
1618 69.8676505878
1619 68.3791078949
1620 63.2762315853
1621 65.1003473918
1622 51.6835666
1623 67.4753087666
1624 62.5899016466
1625 72.3370583972
1626 62.2272330903
1627 43.8520928821
1628 44.1960089602
1629 63.6370731769
1630 80.9079184101
1631 55.2108338582
1632 56.6063344886
1633 55.463133166
1634 72.4681501007
1635 59.3657920177
1636 74.4784194984
1637 65.887482039
1638 72.2651823104
1639 72.0164025114
1640 66.5148578311
1641 74.6653189989
1642 60.8595934195
1643 63.4811634143
1644 67.8382765682
1645 64.5666464937
1646 63.0117911965
1647 82.7925220421
1648 65.8026329432
1649 59.6260498183
1650 62.5139791203
1651 54.8340608633
1652 56.6235652203
1653 77.4453461416
1654 59.3673452318
1655 63.9939964144
1656 77.6510328332
1657 69.6886727761
1658 62.0853570616
1659 53.9663838914
1660 63.1835887089
1661 36.3142843965
1662 62.3616289529
1663 64.0224861229
1664 49.6445900204
1665 57.7215124265
1666 61.092323762
1667 72.8448910982
1668 82.3787866476
1669 49.6358330201
1670 67.5479744047
1671 79.720429242
1672 78.4096950398
1673 64.9471262713
1674 72.0416028487
1675 64.2353508309
1676 71.2603783138
1677 76.6073338201
1678 46.4386248786
1679 53.9949933134
1680 55.2781735197
1681 59.8775317751
1682 65.2989833008
1683 48.9060551493
1684 65.6768763706
1685 59.6806843342
1686 61.1877667228
1687 46.5595806298
1688 50.5604598501
1689 62.032047423
1690 60.954134982
1691 57.140275739
1692 59.1128646963
1693 57.240557601
1694 62.9815425958
1695 62.5412918358
1696 57.8821402427
1697 60.8419782503
1698 56.4800636394
1699 68.1400335685
1700 63.4885565277
1701 47.538893705
1702 60.228116497
1703 59.4655556978
1704 60.7673469825
1705 64.4083396702
1706 60.8149038956
1707 50.0342274865
1708 69.1119597098
1709 63.436351446
1710 60.0637759135
1711 60.9291852924
1712 58.4580590811
1713 61.8792063768
1714 48.311805758
1715 61.4652376618
1716 60.601832943
1717 60.7519371369
1718 50.6128596223
1719 61.984323053
1720 75.0913371651
1721 60.6584710591
1722 56.1657132888
1723 71.5653285527
1724 65.0068752405
1725 65.1967840995
1726 62.8913433632
1727 60.5443091523
1728 60.0257141656
1729 59.7136189747
1730 51.7513205346
1731 50.2290403265
1732 48.3168757837
1733 50.6718897517
1734 55.2115812542
1735 49.8552486702
1736 60.8266376381
1737 62.9993954626
1738 60.2901908169
1739 62.7416286465
1740 51.9981405298
1741 49.0033610798
1742 60.526578187
1743 47.8866529063
1744 52.5277106717
1745 47.8533471665
1746 46.3307409117
1747 47.8740751569
1748 45.2965874951
1749 51.4291428401
1750 61.815085807
1751 45.66801543
1752 45.3418515652
1753 46.8835844521
1754 55.2718596764
1755 47.2829145098
1756 47.3444692587
1757 52.5864325514
1758 46.7940897957
1759 45.6790952966
1760 52.0494975606
1761 42.808689915
1762 53.3419407348
1763 48.4013926906
1764 107.194494154
1765 43.0652421625
1766 48.6070134983
1767 51.2949530352
1768 48.9366117082
1769 52.2785140114
1770 66.5079500933
1771 44.7479076335
1772 47.9762704844
1773 47.4060921078
1774 52.4785389758
1775 48.2004226429
1776 42.1567648609
1777 45.3358777273
1778 44.1279217363
1779 47.4172590437
1780 49.9010958312
1781 55.0156098525
1782 44.6463671175
1783 47.0700282596
1784 44.8417144724
1785 45.3637015533
1786 54.5197758763
1787 53.8700713026
1788 46.969020585
1789 47.2527155932
1790 49.3566596746
1791 48.0965828367
1792 48.6447348197
1793 49.1082669503
1794 53.1619135898
1795 51.7986192337
1796 44.3272346801
1797 50.6570157912
1798 46.46556405
1799 46.6001946363
1800 45.7346569787
1801 47.5998396101
1802 54.9103827435
1803 44.9481292962
1804 48.2407783142
1805 50.7568092329
1806 41.1307066417
1807 51.7334413924
1808 47.0858447699
1809 62.9964344915
1810 49.5238652847
1811 54.3468860705
1812 62.3851534456
1813 64.910689432
1814 56.8748271476
1815 57.8950380192
1816 58.6182660744
1817 48.8669179686
1818 62.621735745
1819 51.8177492923
1820 52.7474455087
1821 43.6161310583
1822 56.8281116028
1823 59.5092927068
1824 51.1680293178
1825 54.7972506182
1826 49.4433965848
1827 51.532173947
1828 52.3553742959
1829 61.7738942981
1830 47.5307861287
1831 56.0713814079
1832 48.8119173765
1833 55.1976883505
1834 49.1373642919
1835 51.3329497347
1836 107.810381547
1837 58.6283833892
1838 55.6354413861
1839 47.3508913008
1840 137.696675692
1841 48.7302605223
1842 53.1584881127
1843 53.3406432778
1844 54.789826426
1845 49.7875396442
1846 53.1144697343
1847 51.2408599117
1848 48.6105338576
1849 46.9420954227
1850 51.8184608473
1851 57.9597040679
1852 50.574517558
1853 60.0652535669
1854 54.4172133229
1855 57.3571809062
1856 81.4079875642
1857 47.6364814617
1858 55.0173750088
1859 54.2563678749
1860 59.7613444855
1861 51.4873801783
1862 48.1149948537
1863 54.7142114093
1864 56.7205725571
1865 52.4733392151
1866 68.0434905634
1867 52.2029247143
1868 50.3251869193
1869 59.0174485448
1870 54.2660103194
1871 62.5342899849
1872 62.8549153246
1873 52.6596442869
1874 46.5485451772
1875 49.6008206057
1876 55.1608339142
1877 60.7777401773
1878 56.4897531025
1879 46.8391539831
1880 53.3641437265
1881 52.9554764765
1882 53.707446073
1883 47.4929280996
1884 65.5958903484
1885 56.9629129271
1886 58.4604756955
1887 51.9656943497
1888 54.9130095587
1889 56.724707722
1890 52.7661441165
1891 52.985578146
1892 64.6408930915
1893 51.1113941168
1894 41.5845036156
1895 56.1446368019
1896 61.7350299348
1897 53.9303951688
1898 63.0237038644
1899 49.6982885471
1900 66.7943977778
1901 58.8367713536
1902 57.0282116592
1903 45.7667369592
1904 45.6284460842
1905 66.6839027864
1906 55.2212226651
1907 59.0586998692
1908 50.0438592634
1909 49.2441774194
1910 61.5538854586
1911 56.8669085084
1912 51.5274609827
1913 42.8197963004
1914 112.439970568
1915 62.451758564
1916 53.2722820091
1917 59.4493020792
1918 59.4969244434
1919 52.2011853765
1920 52.5901634781
1921 52.5926875964
1922 47.2596954092
1923 53.1605571323
1924 51.792045763
1925 90.4997738818
1926 55.9384229499
1927 56.4586641488
1928 49.4039424862
1929 55.035548382
1930 56.3275427027
1931 57.80837489
1932 58.5949216354
1933 55.4801370814
1934 51.3549934013
1935 53.6336324944
1936 59.5747920483
1937 54.2197848675
1938 69.8644535086
1939 50.7815622152
1940 53.3847192918
1941 54.5983545009
1942 69.1609673474
1943 53.9430887222
1944 62.0884706723
1945 57.0705592347
1946 49.7103557926
1947 53.9486030336
1948 49.3067671207
1949 53.0305069375
1950 46.4162093973
1951 54.2836335444
1952 52.2611300474
1953 53.0658855991
1954 63.6754187433
1955 42.6459974708
1956 55.3184861744
1957 54.9238900003
1958 54.1410901171
1959 57.2893123114
1960 51.610874987
1961 49.426030971
1962 48.9607150431
1963 45.4956252656
1964 53.0637322324
1965 62.3917199521
1966 57.606320662
1967 58.8147461347
1968 55.5337138221
1969 52.3597066166
1970 59.6661063074
1971 54.5976699809
1972 52.9391111274
1973 45.7111146088
1974 52.9547258586
1975 60.4399895348
1976 60.8406293989
1977 45.6409732726
1978 61.1421497761
1979 55.9422295038
1980 52.8889445925
1981 47.575523103
1982 53.7567995165
1983 54.1297781362
1984 68.6521500447
1985 58.4260039796
1986 51.4574556559
1987 54.8322866273
1988 57.7848576519
1989 54.3367096278
1990 55.4489135264
1991 53.7562098489
1992 71.5629694083
1993 41.136664139
1994 53.7680720758
1995 54.3725625035
1996 45.3600815756
1997 57.0718393676
1998 44.224147612
1999 49.3805922221
2000 62.3371541676
2001 53.6546931967
2002 45.877156815
2003 56.2873177498
2004 55.9799312289
2005 53.406723737
2006 42.8092090254
2007 53.1765705119
2008 56.0069979036
2009 67.7078578936
2010 57.5660434387
2011 53.2109792942
2012 50.4474084266
2013 57.4962059384
2014 63.0551616336
2015 58.7740979842
2016 65.0862138896
2017 68.9240996505
2018 53.0108230904
2019 50.214323504
2020 60.6209180387
2021 56.1972462119
2022 66.2540945476
2023 62.0641403634
2024 59.6867213822
2025 54.7656374897
2026 49.1321718137
2027 50.1328137352
2028 64.6160033931
2029 47.880313763
2030 68.2948585172
2031 83.729409958
2032 66.9238010276
2033 46.9935628766
2034 52.2163142629
2035 64.060201776
2036 56.08838293
2037 56.3764140501
2038 60.4418755294
2039 64.9647612165
2040 43.1623839349
2041 59.736491171
2042 43.5261949365
2043 58.5281197812
2044 61.1332820032
2045 57.2913682079
2046 69.0661296686
2047 53.4134818667
2048 44.7851419119
2049 61.8135339449
2050 54.5561431647
2051 57.523788364
2052 46.4277920323
2053 61.3977394141
2054 52.691155599
2055 55.4502642343
2056 54.9313727314
2057 63.1179836882
2058 66.7858498684
2059 51.9942103782
2060 56.5343410559
2061 57.9005037987
2062 66.6747599479
2063 48.1645653599
2064 79.9372329538
2065 45.4682741846
2066 46.8598544302
2067 59.1556119136
2068 52.9661217404
2069 54.3129513519
2070 44.2417298927
2071 44.1014082776
2072 55.8294532124
2073 61.2820774503
2074 60.2956511496
2075 58.1175261486
2076 54.6408563011
2077 53.0711293946
2078 56.8514885768
2079 46.3735311051
2080 69.8862995484
2081 58.7348928928
2082 48.1149625906
2083 53.4081246759
2084 57.2645387773
2085 46.6581538182
2086 45.766612466
2087 53.2784030725
2088 56.4592389737
2089 49.8415951261
2090 54.9629886495
2091 56.9835241986
2092 47.7196653916
2093 52.0589761719
2094 39.3387693793
2095 53.605441594
2096 45.9066988885
2097 49.9801478331
2098 60.5347331432
2099 70.3251686285
2100 57.0127431076
2101 60.1092472342
2102 58.0590568765
2103 47.339101025
2104 52.7661680194
2105 57.6636660152
2106 55.5737497043
2107 54.4596294714
2108 54.8173917322
2109 48.0315854784
2110 56.6362943984
2111 59.4405447136
2112 62.8457553647
2113 53.8992972006
2114 61.3071473357
2115 56.9519418396
2116 59.7092882379
2117 54.0284711989
2118 68.3292094403
2119 56.1776905351
2120 65.6978261357
2121 53.5819022241
2122 45.5467939389
2123 48.018510875
2124 58.9995759603
2125 47.4625895827
2126 77.6432852537
2127 55.4399355756
2128 44.0549985536
2129 52.2507194933
2130 45.5640308753
2131 49.1739885082
2132 57.2012433352
2133 47.3499742699
2134 51.4856162823
2135 60.2243370089
2136 56.8204733087
2137 100.267295227
2138 47.4943161449
2139 62.1303224146
2140 51.9068512238
2141 57.0744277735
2142 50.4750905473
2143 53.949837421
2144 56.9527181471
2145 51.671953117
2146 53.497830159
2147 49.8843575358
2148 63.3980639804
2149 58.2694001908
2150 38.220000509
2151 51.4980120644
2152 64.8872578513
2153 43.402437777
2154 60.6374196527
2155 68.829130122
2156 57.163001825
2157 59.0056330301
2158 53.8823458451
2159 58.0077710185
2160 58.1787009387
2161 59.9449033324
2162 62.3198712248
2163 70.6815086484
2164 62.0008771945
2165 63.3059193248
2166 58.0309094307
2167 59.3812598327
2168 51.2732330193
2169 59.7501836733
2170 63.4168171375
2171 54.0859398979
2172 58.9147515463
2173 46.8060962264
2174 58.5343666636
2175 59.0946151622
2176 81.452955149
2177 45.4961876387
2178 46.3808028761
2179 55.786287792
2180 53.0068026788
2181 61.9649680663
2182 58.8442536362
2183 54.7194808525
2184 65.8366057706
2185 59.2723952791
2186 56.768972812
2187 43.559128829
2188 58.8492383824
2189 64.716481495
2190 70.4910435136
2191 55.9822539241
2192 60.7883217342
2193 64.3631026189
2194 48.9300715583
2195 50.194490722
2196 58.148948833
2197 68.2977816114
2198 53.457128955
2199 64.0954400488
2200 60.581107418
2201 51.4765117838
2202 57.0557454221
2203 58.4229129507
2204 56.2126887124
2205 57.9021766801
2206 58.697870067
2207 58.5286958746
2208 66.1496993056
2209 60.7132057763
2210 64.8429222219
2211 42.9271273089
2212 59.202846182
2213 53.2967708486
2214 56.9373607544
2215 61.9114665358
2216 59.1851186455
2217 55.3581058808
2218 58.1812077532
2219 63.8614158585
2220 56.6814496987
2221 58.3297985783
2222 104.902259856
2223 62.2644953647
2224 56.4043281209
2225 53.5081153551
2226 60.2234237831
2227 56.6377619254
2228 57.2180045683
2229 61.8920016975
2230 54.8080596845
2231 63.0042994199
2232 58.7990510698
2233 58.3960769457
2234 55.6570536852
2235 67.6817404192
2236 56.0486142192
2237 48.8555464194
2238 58.533003582
2239 51.8071761403
2240 61.4725153858
2241 58.7309880885
2242 59.587092382
2243 56.4020055153
2244 58.7507738801
2245 56.1565167446
2246 57.7765712143
2247 72.4417480468
2248 56.5322552685
2249 60.6169880327
2250 61.9980694217
2251 60.893481659
2252 53.8425229998
2253 60.583386736
2254 55.7695365282
2255 54.2559190385
2256 65.8894105789
2257 59.6880571642
2258 41.359964479
2259 60.3579725715
2260 77.055466539
2261 53.7114026167
2262 63.2725436704
2263 58.3686867616
2264 55.5274534534
2265 72.8636715725
2266 57.8063839611
2267 56.6465269312
2268 56.5252565346
2269 58.0243723157
2270 58.3900331814
2271 57.1180899016
2272 55.2298010667
2273 53.6392493441
2274 61.4582919304
2275 48.1013319085
2276 45.6449180252
2277 72.3779968256
2278 58.6231840559
2279 69.0834150573
2280 45.8661478161
2281 55.9052152234
2282 61.5210451985
2283 57.2734240654
2284 63.9778882585
2285 61.1199244061
2286 62.0754290805
2287 51.4967650802
2288 66.0906191005
2289 61.2793067368
2290 54.1673364538
2291 50.2591089984
2292 46.0770344345
2293 56.6889357333
2294 57.199729962
2295 59.6480858964
2296 60.4305335111
2297 54.9620404309
2298 51.7883479192
2299 63.6824802191
2300 64.4748228867
2301 63.9546207223
2302 69.3923926584
2303 78.3358691719
2304 63.7100801052
2305 62.6652864782
2306 58.5929866085
2307 56.3021720376
2308 56.5699310651
2309 65.2405989241
2310 51.5281717467
2311 47.4511854397
2312 51.761066084
2313 59.838850836
2314 60.312144893
2315 48.9262014889
2316 65.1467121666
2317 64.7772501641
2318 56.4171563535
2319 56.7731375522
2320 64.1812410346
2321 49.3187954345
2322 57.3435319364
2323 41.4493169791
2324 56.3685350745
2325 48.9220245523
2326 51.5115190748
2327 62.1422884897
2328 46.299549351
2329 37.3925490377
2330 47.949209272
2331 47.0012958162
2332 47.8205975097
2333 45.9983659195
2334 56.2765560662
2335 45.8927557517
2336 46.9500557146
2337 46.3521737958
2338 54.8734750527
2339 46.9107923025
2340 46.8197103995
2341 42.1036190737
2342 46.8490406884
2343 47.9889464843
2344 44.666370198
2345 48.9653194588
2346 46.124835426
2347 51.0864608944
2348 46.8451060316
2349 46.8536280754
2350 53.9845890195
2351 46.277647357
2352 49.8277011817
2353 46.2215566245
2354 51.4651837675
2355 40.7099465945
2356 49.0915900093
2357 48.9957286322
2358 54.1961772324
2359 42.8665189863
2360 45.7752486006
2361 48.1772038337
2362 47.18016301
2363 40.7634238995
2364 45.3054248104
2365 44.9033516702
2366 47.0958121377
2367 61.6851031206
2368 42.7801807361
2369 45.3242308149
2370 45.5741349141
2371 45.6627293097
2372 41.4751955122
2373 46.1207318801
2374 50.1541277346
2375 42.5104350033
2376 47.4892485988
2377 52.3453450518
2378 47.7862257836
2379 41.1042670528
2380 49.9596415391
2381 46.4248458474
2382 59.7753635536
2383 78.9377780383
2384 48.8388786149
2385 47.5137510738
2386 49.9121968782
2387 48.5560977781
