u s
60 25.3359605724
120 36.1698920701
180 32.5051761726
240 38.770199273
300 31.425033244
360 43.3491603268
420 42.6110771559
480 43.7395071361
540 36.433669852
600 39.3925860282
660 38.7589691974
720 24.9411591248
780 23.8999294256
840 32.9207856702
900 43.0671227327
960 57.3404824578
1020 38.9848978572
1080 53.2624131626
1140 16.738274456
1200 22.895691893
1260 71.282082406
1320 38.9259737592
1380 14.9080349576
1440 34.2741223647
1500 41.7160669206
1560 33.6453721329
1620 27.6975475859
1680 24.6527054021
1740 33.4723627028
1800 49.7313655004
1860 33.0766421326
1920 41.1014817934
