u s
1 53.6123335139
2 66.7231058
3 55.8364742247
4 58.057891558
5 60.3574385624
6 47.7944036989
7 54.1185632407
8 52.04460562
9 67.6635582774
10 60.2380178096
11 49.9683904536
12 65.1775206822
13 63.0712873652
14 62.3747610268
15 72.248816891
16 57.764365569
17 50.499245184
18 52.3245449266
19 172.436977778
20 56.3749778136
21 60.1188221812
22 53.3275304727
23 66.2749948578
24 62.5030482435
25 61.249742528
26 48.4746755577
27 61.8064427487
28 49.251298661
29 51.5502347574
30 71.6411215512
31 64.7341122264
32 74.735882288
33 62.62376189
34 68.0948542921
35 52.3174397106
36 67.4693131603
37 71.6936504397
38 61.2552873906
39 45.9288035586
40 49.5783831947
41 61.0263739109
42 62.327886959
43 57.0496153089
44 60.5580545378
45 65.0821052938
46 63.6900657057
47 60.3675050206
48 51.7065134371
49 49.2256416622
50 58.9963805071
51 55.1781927766
52 61.193183311
53 66.70111257
54 60.5759827542
55 156.461054488
56 67.9750928738
57 78.3433100657
58 58.7985605925
59 58.8556809836
60 59.7551066821
61 58.0173988956
62 76.3776512457
63 59.2852866422
64 65.1583585718
65 78.4860268365
66 42.2522996031
67 61.6442626899
68 52.2534817016
69 15.8787664502
70 53.156372342
71 46.8234667654
72 49.5370131147
73 44.4245253631
74 56.0981812727
75 60.2161483798
76 55.3193000413
77 52.2488605514
78 51.7943179286
79 48.1828884249
80 64.3499409556
81 46.6949646333
82 50.7683089114
83 43.1332141799
84 55.2945777294
85 45.3928481044
86 51.180576129
87 51.8116780176
88 45.3582907437
89 62.8619323161
90 47.2775169571
91 49.7595578094
92 52.334720496
93 54.3522168693
94 56.0362273013
95 41.1612148552
96 45.7308760415
97 45.7740663427
98 16.6120944438
99 43.9120350525
100 49.9289497105
101 52.8460090037
102 51.7103322815
103 54.1444211686
104 56.130328111
105 52.1880112266
106 62.0142462392
107 50.0008446418
108 58.2943148068
109 59.1559390578
110 47.6668825719
111 53.9464467721
112 64.9675790656
113 61.0770375571
114 56.3981296177
115 52.0497180555
116 53.3508739355
117 51.698951384
118 58.7546662241
119 53.0542593888
120 58.8001946638
121 54.6637555674
122 51.4245162354
123 59.1357870344
124 50.0078085122
125 42.7810565191
126 53.5639135094
127 51.618041002
128 49.5539070316
129 50.0400042223
130 51.2378786492
131 52.1474493069
132 60.3543763459
133 63.0671689855
134 55.3128582942
135 62.8134730073
136 49.1037920368
137 56.9727210546
138 53.1956626076
139 54.3523186932
140 59.7131133522
141 63.3513401835
142 49.5716952847
143 51.625641616
144 58.7222649623
145 59.2068395344
146 60.5432336009
147 49.1808125922
148 54.6299911059
149 59.2181019803
150 56.2654442561
151 63.5166010465
152 51.7353038955
153 53.7431399208
154 48.8594570725
155 54.083504865
156 50.0632092218
157 61.7522358613
158 55.445937781
159 61.5110444748
160 52.1073872572
161 50.7133850798
162 50.1098291118
163 54.611262279
164 55.7411205784
165 47.9659264487
166 56.763266264
167 53.4616328154
168 53.5931720665
169 56.3258760315
170 48.3481156239
171 56.2373806427
172 54.7593689117
173 45.9905953781
174 54.3643539313
175 54.8024242642
176 55.0508368126
177 49.0745232949
178 52.9853631589
179 51.4193017625
180 60.3322320666
181 50.3899512356
182 53.9799130744
183 59.7868093011
184 43.9818095589
185 52.9093332105
186 53.4500050322
187 49.7640456502
188 55.2412597226
189 52.5023925065
190 44.9080258217
191 49.0507825163
192 49.3512664336
193 54.1337384167
194 50.1511142942
195 54.2171049473
196 52.1049219622
197 49.0070824383
198 50.059016333
199 59.9427064582
200 48.1737633217
201 42.2809821953
202 47.9612410603
203 61.0568403674
204 50.9143124407
205 50.5851866875
206 46.1597740813
207 47.3534006435
208 52.3280947804
209 53.2235050833
210 60.4496168726
211 43.771984749
212 41.0014577565
213 43.5878034736
214 43.4303739889
215 51.8745873828
216 37.0721358884
217 54.1043131414
218 52.0693358812
219 49.0615352984
220 46.3581460022
221 48.2524722235
222 48.2267001616
223 52.2308382497
224 47.9008545595
225 59.8009606298
226 53.9460992567
227 42.8721741675
228 45.0178860211
229 39.8347362406
230 53.7207993749
231 58.8235900075
232 46.3366488823
233 177.78545209
234 48.6717668636
235 46.1134589069
236 194.824901645
237 62.9834691335
238 46.893165835
239 57.252259546
240 49.1219412517
241 36.2861539118
242 51.9869147969
243 43.2486317862
244 47.6233358618
245 51.4239728269
246 45.8334587469
247 55.3280531034
248 45.496386112
249 52.217932476
250 38.0504014934
251 46.222718645
252 48.2164897609
253 43.3625391096
254 40.9250998526
255 66.2318313814
256 49.4342718032
257 51.5019740651
258 49.7295365082
259 46.5593106396
260 52.7640064782
261 40.8133825409
262 62.8043144479
263 34.0272161518
264 54.7106872955
265 50.2499573242
266 51.2083933121
267 52.0621095275
268 41.5626465247
269 44.7058306149
270 47.5237686564
271 70.1152339362
272 51.1517394445
273 50.4327782859
274 65.7900261881
275 50.8209990251
276 50.5787060904
277 68.1630384716
278 61.7192576163
279 58.2647004733
280 50.7846947748
281 53.2302759673
282 48.9754563439
283 48.9352811266
284 53.3027128748
285 42.6063121625
286 52.3774062895
287 61.371930092
288 50.3454716727
289 55.2974905925
290 65.5237306364
291 58.2975737988
292 53.3979761329
293 52.2371971977
294 56.2395279129
295 43.9605408305
296 53.1845707374
297 49.5897641227
298 55.6640055609
299 48.1326960631
300 47.5489681003
301 48.3328889107
302 50.4178908997
303 49.7094188378
304 48.6720782052
305 51.2184567843
306 52.0209259611
307 58.7363135575
308 54.1126891002
309 53.2797323308
310 43.0526697091
311 54.4678938971
312 46.5535804119
313 45.8956401252
314 47.7128473444
315 50.4514526417
316 62.6312490329
317 50.1707603739
318 47.9677295032
319 50.9762315764
320 50.971721953
321 46.8682186821
322 54.9197252792
323 53.655344652
324 72.4036035545
325 51.5404963377
326 51.4591612881
327 48.9017947486
328 54.2123751331
329 46.3404212442
330 46.6891915681
331 42.6366044604
332 48.3875356087
333 50.969891052
334 46.8502040308
335 44.4011641355
336 63.259132198
337 44.733886625
338 44.8685740709
339 46.7555818356
340 45.3329399042
341 59.590445475
342 50.1054057491
343 46.0177297137
344 46.174406776
345 43.4583169949
346 47.2746216349
347 56.0021720068
348 50.0844723177
349 54.0779910659
350 51.4357604329
351 46.5648098294
352 54.8557070871
353 45.884253274
354 46.1156870869
355 47.2309487445
356 51.6096647655
357 51.2443411034
358 46.8370768112
359 44.1195864604
360 49.6723392719
361 39.4467931514
362 52.0083987087
363 49.2924324583
364 54.3793595628
365 46.1342901629
366 49.5697744487
367 48.5079309737
368 52.1825739291
369 45.2791416362
370 39.1409563091
371 50.8216675469
372 58.6287701095
373 46.2343995921
374 44.8387985428
375 45.1346519305
376 46.0563248315
377 47.590162187
378 51.4472297553
379 54.1630412796
380 43.9561955862
381 48.1943353088
382 45.2477592687
383 55.0282452408
384 46.395563554
385 46.6813806317
386 49.46980816
387 53.8961769297
388 51.3506089874
389 48.9648000308
390 49.9017733427
391 49.90913128
392 41.8945661266
393 43.8057349021
394 49.1909296497
395 46.024389809
396 53.1807101744
397 63.8498645665
398 52.9852918172
399 58.0527296664
400 49.8128323182
401 48.6915258402
402 51.4742970907
403 53.8318111646
404 46.5898111432
405 59.8425121955
406 53.437309256
407 50.8580283074
408 39.7727009237
409 51.0071187841
410 60.779858449
411 50.314475743
412 50.961890514
413 61.6554139158
414 47.9832046243
415 51.3982266138
416 48.5612465737
417 48.9789811773
418 46.0445157271
419 51.8037161496
420 48.6262672687
421 70.6632390016
422 44.6543043288
423 60.7153188071
424 52.9724505569
425 50.2373500828
426 51.2155812244
427 55.8191252906
428 49.2527118208
429 54.0791285118
430 42.0377424859
431 54.8317003759
432 42.2069827179
433 53.1266144193
434 69.7855235257
435 60.9814519269
436 46.277367943
437 51.2932669321
438 48.9117334827
439 50.6639212963
440 49.6145619975
441 57.7979047596
442 42.5249396856
443 54.8215033772
444 43.7115959871
445 47.8542345186
446 50.879434752
447 56.0663094846
448 52.1963970803
449 43.8441908274
450 57.0636056095
451 52.7149277191
452 44.8963273163
453 61.4068982338
454 53.9222537918
455 56.5284006491
456 60.0534620983
457 67.5145190213
458 56.3007728335
459 41.7411852411
460 59.4826736464
461 52.6683356254
462 49.8236459723
463 59.1508790149
464 55.6737121966
465 42.9207058412
466 62.2373890504
467 50.0403819157
468 64.2498042923
469 59.519734578
470 62.7288712042
471 60.3328472899
472 65.3362434027
473 54.73121891
474 51.3530889343
475 49.8309596186
476 52.0151885598
477 57.2386057471
478 52.0106509315
479 53.3357685788
480 46.4682344357
481 54.6198967768
482 52.194356273
483 51.8360288431
484 51.5991551922
485 46.299486826
486 45.6331341068
487 49.7179485969
488 46.8778383162
489 44.7195185656
490 42.1023579219
491 61.9110995988
492 54.3623981615
493 63.3422203002
494 50.7626389413
495 63.5766120248
496 57.2083803218
497 58.3948356262
498 50.7346550121
499 39.4510164116
500 58.9461707108
501 53.157687584
502 51.503791673
503 51.1341542064
504 54.7670256436
505 63.5262268122
506 62.8963072363
507 54.8124702868
508 47.1608706002
509 56.1212339683
510 56.0439763181
511 53.6615864949
512 50.1512016323
513 56.3381915351
514 69.1623913274
515 54.890126632
516 53.1564841509
517 54.0568315311
518 50.3365569899
519 49.1258615158
520 48.591602501
521 52.7217304167
522 44.6344337564
523 58.4648781278
524 54.459621441
525 48.708336198
526 49.6932770293
527 60.6831642453
528 51.6499095257
529 49.2204446644
530 39.5989190436
531 55.0772436491
532 51.4371039559
533 54.066065402
534 50.6875317962
535 47.5997561205
536 61.7191982728
537 53.8532139968
538 50.3637705181
539 47.3210652561
540 47.8382056501
541 54.9887965407
542 50.0786604635
543 51.6010451293
544 62.5616634905
545 56.7666228023
546 52.1404502332
547 47.9292480109
548 46.2369843841
549 50.9231580028
550 48.2922458046
551 49.9220623566
552 49.7102302286
553 52.2509545939
554 60.38413305
555 43.833129046
556 43.49893028
557 37.9183413759
558 54.84445331
559 47.8082826962
560 56.047936396
561 60.9159382956
562 12.8311563734
563 43.7143718553
564 53.935217088
565 55.0667800092
566 54.400077168
567 59.8220514806
568 50.8448426325
569 50.003320299
570 63.4584477918
571 56.3805892437
572 49.926472237
573 46.0630743315
574 57.2820042626
575 53.2041315524
576 68.8889722305
577 60.9534011476
578 52.1341568443
579 50.7744378012
580 54.9458246177
581 50.3888891544
582 60.122524189
583 48.0080963112
584 49.4410562812
585 65.9226193303
586 63.4430377075
587 77.9626539326
588 57.9115106973
589 67.7142870475
590 65.1221361671
591 52.494983215
592 56.6774719196
593 52.5733666834
594 65.815787451
595 58.0271530296
596 56.2103639632
597 64.3418524073
598 53.9533963476
599 57.3624749898
600 56.3072296281
601 57.5476360443
602 56.070803402
603 47.1713103847
604 57.3765357242
605 57.3083012542
606 42.1514486719
607 64.8450867745
608 58.040254244
609 57.9965980761
610 45.9077132756
611 51.0151637539
612 57.3889912075
613 42.5325617333
614 47.7058982564
615 53.1063753355
616 60.4340147619
617 67.0101183948
618 57.498198953
619 54.1254730525
620 56.1326547534
621 57.182316113
622 59.0985647601
623 59.7536007851
624 59.1726684688
625 55.6955688448
626 53.4052572279
627 42.9156786911
628 50.7791356567
629 55.9894062711
630 58.1193648544
631 68.4160493572
632 62.3273263339
633 70.1535241696
634 52.2122061218
635 52.5661088117
636 57.1624233287
637 64.2252553883
638 55.493086753
639 55.8956041109
640 52.6056528569
641 58.1030730178
642 58.0079256851
643 59.2193883541
644 54.47602735
645 57.0949254983
646 49.5285253233
647 57.2351611918
648 54.6120142392
649 57.5011300039
650 41.9799274554
651 40.9380625079
652 43.4552210124
653 52.2667094615
654 52.3945105028
655 49.4078012583
656 69.0825943147
657 54.0186928028
658 59.2167206694
659 53.2245861952
660 59.1617741651
661 50.9596876809
662 47.4581583927
663 50.5051387986
664 48.1526339571
665 39.9448952915
666 54.1812437037
667 62.0163561508
668 55.2611659249
669 41.6399426319
670 47.946766567
671 57.5973615615
672 48.5641592419
673 52.7063469751
674 41.2397058788
675 47.8655096786
676 50.6416489986
677 50.8692188458
678 46.7583111175
679 52.2216648386
680 53.8106411399
681 55.5098792394
682 61.1785652938
683 50.1034213922
684 56.0422734706
685 45.9951711736
686 54.8529880133
687 49.9041097533
688 51.105946799
689 48.3799285185
690 42.1638551755
691 47.8311766137
692 48.5947632769
693 52.4086282249
694 50.0909695219
695 50.0850505622
696 47.17924807
697 50.2621989796
698 51.6355931315
699 51.4275991714
700 59.3386408211
701 48.7858804428
702 61.2040030519
703 48.519270122
704 47.9541692875
705 63.7249518702
706 52.2021382498
707 51.5601821893
708 63.4419166893
709 60.6563130633
710 50.4266643357
711 49.8604062908
712 48.1463987923
713 44.6178986769
714 40.5290114431
715 62.2723749925
716 53.3507043223
717 60.3511944049
718 63.9275663855
719 58.3291643636
720 60.3870582555
721 61.1813751218
722 59.1499234826
723 49.9070073195
724 60.8242279054
725 75.7961562546
726 68.2884050528
727 56.3394356462
728 53.9046134424
729 68.9799884664
730 54.7361326138
731 61.7071930792
732 57.1140657834
733 52.399004627
734 60.6268911342
735 58.6792447566
736 52.2793622489
737 57.2633633727
738 69.2681124079
739 56.917384203
740 58.0178144163
741 60.767475006
742 76.7011636246
743 57.3868593534
744 49.0805814738
745 60.8897540933
746 60.3270430921
747 60.9989270886
748 62.9161948219
749 61.4163054474
750 60.5732207767
751 65.9191262604
752 63.4905478259
753 51.8825946581
754 59.8104304234
755 26.8150071744
756 54.5328958097
757 63.6591428877
758 64.5755053379
759 55.0428771549
760 50.3284936431
761 58.4748401269
762 58.9613183039
763 64.9749993216
764 58.8970883147
765 61.6267109104
766 58.4693656002
767 67.5936705882
768 69.9156832851
769 65.3400745097
770 62.2855462752
771 66.7055165536
772 56.1802649004
773 65.7768327864
774 59.6249054289
775 53.2673802498
776 55.3746634911
777 57.8464770758
778 57.9699407558
779 56.0391905375
780 47.7971314103
781 64.8716475827
782 48.8662643969
783 48.9885066068
784 64.7738745872
785 44.590672981
786 43.8831502531
787 42.8844256104
788 58.4823797074
789 63.4890964402
790 54.7674092531
791 59.4098546212
792 59.6831793786
793 48.6019337103
794 49.3576855875
795 56.1263531563
796 55.0676374338
797 53.0281004485
798 64.5847111108
799 40.7251518191
800 50.7639114823
801 57.1225036832
802 54.9332106792
803 53.1863905137
804 52.1464295187
805 51.2318407833
806 56.1046278773
807 53.2537506675
808 52.5956747124
809 52.1793953202
810 53.5080987667
811 59.4520992128
812 61.8442854483
813 55.2843799262
814 59.8501155035
815 59.6022403859
816 52.1577102331
817 62.1776558068
818 52.0800878602
819 51.929428495
820 63.5563565833
821 54.7002145404
822 49.6641534073
823 60.5339259565
824 52.5114680762
825 54.8947217525
826 63.1977608991
827 54.3041316231
828 57.0436588696
829 54.0721205287
830 60.5505133081
831 53.8992016598
832 47.6128894782
833 50.7543470485
834 57.7819873576
835 48.239367391
836 53.8288235965
837 55.8641494852
838 56.2230997586
839 57.3672526865
840 56.0221113802
841 64.0602223951
842 57.3627113717
843 51.6871227815
844 49.4836006564
845 66.5313632222
846 50.023187441
847 65.0439339125
848 67.9102067895
849 74.4811304912
850 65.4919686667
851 69.4035760823
852 51.691303353
853 69.6638539989
854 56.5409827753
855 68.3403208647
856 64.3728689204
857 67.1528755564
858 52.0606253621
859 57.0856698327
860 65.1018276674
861 65.3334256884
862 56.8556978219
863 66.3619503405
864 67.0690255941
865 63.2480362273
866 46.3623063441
867 54.1218452512
868 75.1807766206
869 62.7162721546
870 48.8996180213
871 50.3435121503
872 49.5490702577
873 73.0897845582
874 54.893413766
875 63.0612309765
876 67.7859641885
877 72.1107727373
878 64.3719323722
879 44.7814067221
880 57.2786712511
881 39.6537335638
882 68.9387284175
883 76.134122
884 65.2500665012
885 62.7289680529
886 44.9302302896
887 62.4204642211
888 66.0892310522
889 53.5493827827
890 63.1353775495
891 46.7881407306
892 56.3762212184
893 61.9321640946
894 72.234106728
895 68.853719267
896 74.3265901295
897 65.1523669806
898 50.2430471212
899 66.1904129701
900 65.7826133106
901 59.4762858675
902 75.7644044854
903 58.8316341445
904 51.3957339206
905 67.4632727682
906 71.0391108255
907 65.1867279702
908 63.5661627633
909 76.4080822359
910 43.2116040244
911 61.8631799569
912 57.3137310502
913 61.3383805339
914 56.4020431956
915 39.1896613424
916 53.8247253865
917 57.6594138079
918 54.1560659902
919 49.0431276851
920 53.7866277871
921 58.0800759788
922 53.5412524191
923 48.7572058842
924 52.1289750623
925 52.7046000265
926 49.7860413351
927 57.2393846831
928 55.4091710093
929 47.2236797317
930 58.8306213307
931 53.6632359662
932 59.578279772
933 57.1514849741
934 52.5162632539
935 43.3001791683
936 61.4892531569
937 50.3875147725
938 57.4243043949
939 52.4184211993
940 52.3387970336
941 58.6801554139
942 53.674992098
943 56.076050648
944 51.6191065504
945 68.7313242437
946 45.2509173584
947 51.1900108724
948 54.857817214
949 48.188305647
950 61.2887636091
951 49.2259833565
952 58.2705255361
953 42.9813435297
954 54.2845556317
955 59.9171690852
956 55.1439318868
957 63.6803316033
958 46.4713587219
959 57.4634546695
960 46.4990905349
961 57.7833674671
962 42.5484701007
963 69.541000047
964 57.0088855928
965 50.3993851591
966 47.5457289541
967 53.7025856668
968 47.4926797069
969 63.4493198841
970 63.9576630139
971 55.2807421611
972 63.3365934713
973 59.0293266201
974 43.9037226976
975 50.247815971
976 50.7656298
977 54.3723347617
978 52.3497872981
979 51.7416065888
980 43.0199449954
981 49.8607305698
982 50.45340838
983 50.7944463186
984 45.5241125053
985 51.1525587779
986 40.8949285457
987 56.197893033
988 52.8217678149
989 61.8023689522
990 51.1358406847
991 68.7439936726
992 66.0405799784
993 50.8097981251
994 49.6785719707
995 55.3681435918
996 47.0103955643
997 50.9904381579
998 47.2746492497
999 53.6555731313
1000 57.8415708406
1001 55.6211636525
1002 55.170251086
1003 44.7138265896
1004 51.4708712853
1005 58.6165284998
1006 53.0402335099
1007 56.2647082735
1008 50.4224489168
1009 55.1039866837
1010 47.2862346983
1011 45.3440839668
1012 56.1676477432
1013 59.3937093782
1014 53.6323431585
1015 65.1947432173
1016 52.7701867005
1017 59.9275075252
1018 55.3596604733
1019 47.9140434824
1020 65.2593166247
1021 73.1728046758
1022 56.9196951646
1023 54.9730737071
1024 52.5048882459
1025 51.6983566497
1026 50.0762469449
1027 62.0092987761
1028 57.1449196323
1029 52.7327731719
1030 52.0079981429
1031 59.292440449
1032 51.4847596215
1033 50.5877906581
1034 52.5790648249
1035 59.1182872408
1036 54.9377372458
1037 54.7731681248
1038 47.9474339304
1039 58.3384482271
1040 54.059194934
1041 61.8077411556
1042 63.2511641378
1043 57.6701294725
1044 50.7114497773
1045 70.5755561991
1046 54.6026492762
1047 58.0167031186
1048 50.1406344195
1049 51.0988927749
1050 46.6760810078
1051 59.9685403927
1052 51.4902440651
1053 54.0059590572
1054 66.6856610396
1055 60.6945835293
1056 54.6297679768
1057 57.9608099647
1058 47.5810481379
1059 61.5911133925
1060 56.8002195276
1061 59.8345616498
1062 64.8530305788
1063 70.2120874939
1064 53.6870431139
1065 54.8056567537
1066 52.1390701435
1067 51.9011625011
1068 57.0685242577
1069 64.7554827725
1070 65.7496511405
1071 60.973907186
1072 52.3124238321
1073 52.1871674532
1074 55.7086807421
1075 56.6862624972
1076 49.3794203295
1077 53.573956378
1078 54.6903170645
1079 48.2432841101
1080 53.5323086287
1081 60.0960484322
1082 59.3180972922
1083 63.5908467237
1084 51.9688113823
1085 62.2178939773
1086 59.6397842071
1087 59.5471089731
1088 45.9089183331
1089 46.5310070644
1090 53.9005877691
1091 60.5541585443
1092 53.193689683
1093 63.6449719605
1094 60.7837276859
1095 50.63521499
1096 62.172939515
1097 46.5506372741
1098 57.4946455532
1099 52.9051368187
1100 46.022047583
1101 49.762199383
1102 52.1634660734
1103 53.6024838778
1104 55.8912163731
1105 50.7033426774
1106 56.5084868948
1107 47.3085446503
1108 46.5956069013
1109 52.1256180342
1110 43.7303539533
1111 49.0091397892
1112 42.8774578902
1113 55.2825307817
1114 43.6539999002
1115 39.8753947231
1116 52.9642205299
1117 36.0030141531
1118 47.2834006538
1119 42.5774215652
1120 49.7731078376
1121 59.5024254424
1122 56.0757501914
1123 47.5376949434
1124 51.4215712361
1125 39.837248496
1126 43.1638231196
1127 52.8535275864
1128 47.4274006573
1129 53.9730955677
1130 51.5677303621
1131 51.2721062498
1132 46.8257050891
1133 58.6552230505
1134 59.6229235575
1135 45.1475275499
1136 48.3252491628
1137 57.8698669444
1138 50.5644430399
1139 61.2259750093
1140 47.8628456317
1141 48.0406145193
1142 49.352170432
1143 46.9997629597
1144 67.452173409
1145 49.5973568131
1146 51.6314914086
1147 50.6350347625
1148 54.2684328714
1149 58.0029538325
1150 44.6957630676
1151 52.8473622499
1152 49.1235623927
1153 51.4994283028
1154 48.4811995119
1155 45.382439622
1156 46.0087787395
1157 61.4791102114
1158 49.3152567792
1159 47.5192904218
1160 45.691861213
1161 49.496047986
1162 54.9413781147
1163 47.8541541156
1164 46.1787045649
1165 56.3368887878
1166 46.1515758226
1167 49.0691459246
1168 53.4365712398
1169 52.4608265956
1170 49.5129009407
1171 53.6889302653
1172 49.776629664
1173 49.5066615699
1174 48.3618269057
1175 52.0313557761
1176 51.7603754296
1177 57.898328817
1178 52.8538667016
1179 50.7026268213
1180 50.6661344359
1181 59.7091738594
1182 49.8223744399
1183 44.2804118897
1184 47.2039433882
1185 46.4411634742
1186 41.6106962261
1187 55.1639373627
1188 48.3739704019
1189 52.2223546579
1190 54.4002480533
1191 42.4620980796
1192 47.3455236915
1193 49.9308822698
1194 51.1878528941
1195 46.5208783316
1196 50.0033679605
1197 47.8957562502
1198 47.5473080172
1199 50.162500273
1200 48.4350003506
1201 46.0556280275
1202 54.3700633458
1203 58.5607171239
1204 48.1408189553
1205 47.7687994427
1206 48.7685162797
1207 37.3201600618
1208 49.5696551207
1209 59.6105529177
1210 44.6515486414
1211 49.0141649329
1212 56.1137154091
1213 49.0875045331
1214 51.6045063003
1215 46.461187188
1216 50.9586659875
1217 62.9316380746
1218 45.4206243586
1219 50.6448013762
1220 55.3677599614
1221 54.0486215767
1222 57.9455135862
1223 48.0913259607
1224 46.5628099958
1225 58.2212724558
1226 46.5135210417
1227 47.1712510052
1228 49.6881622764
1229 48.8300972474
1230 51.5693985889
1231 49.7427303856
1232 53.2831911211
1233 50.1473609658
1234 56.4689556952
1235 67.2188264534
1236 59.477490793
1237 43.2582142613
1238 49.5227785771
1239 47.734211106
1240 54.3328500469
1241 53.2289182001
1242 57.0108237137
1243 48.330386723
1244 59.5168625729
1245 70.5107433865
1246 51.8600481301
1247 51.5860642213
1248 51.1366297802
1249 53.3837554014
1250 54.8008780819
1251 53.6883576815
1252 50.2087322998
1253 54.2480045882
1254 61.3607349761
1255 53.2628595775
1256 50.0988511535
1257 52.0893816292
1258 54.4471857274
1259 52.8372654395
1260 49.6506277399
1261 53.2575019771
1262 53.643096592
1263 46.523973924
1264 56.6458451844
1265 57.2571050428
1266 49.7708034395
1267 43.0270028818
1268 44.7249416923
1269 53.893374164
1270 65.6356386205
1271 50.8234186035
1272 55.1742494757
1273 52.2128366338
1274 54.0525156324
1275 62.1647310964
1276 56.7493622589
1277 52.0398419417
1278 47.2388561354
1279 56.8670400324
1280 55.8653767383
1281 57.1496459973
1282 36.9980087615
1283 51.2833281328
1284 37.6564200288
1285 56.6530280987
1286 54.6601536902
1287 54.1012677227
1288 50.3078626319
1289 54.6579212337
1290 51.2451754975
1291 50.1936881644
1292 64.1415737118
1293 63.4058154143
1294 54.8903011434
1295 58.0125878851
1296 61.8052801982
1297 52.8805627078
1298 36.3823197234
1299 50.9476269924
1300 66.4275365112
1301 53.7030118166
1302 49.5812471443
1303 61.2502458567
1304 51.5460823685
1305 64.0516768524
1306 44.0959248822
1307 46.0208726648
1308 46.870527168
1309 47.0043029891
1310 67.0604201664
1311 56.272936398
1312 43.0486653262
1313 48.5156952551
1314 59.8719558541
1315 45.145828872
1316 53.3274699669
1317 52.280348523
1318 48.6911227355
1319 50.4609650039
1320 55.3265874797
1321 52.221129468
1322 47.8037715914
1323 52.0962411664
1324 51.044881926
1325 29.8031292574
1326 62.4285626824
1327 50.461290009
1328 51.3159405177
1329 51.0869924498
1330 46.8026005194
1331 43.6817059061
1332 59.7327014214
1333 45.5890174036
1334 59.6738387399
1335 55.0698760732
1336 48.9634443921
1337 53.6114492549
1338 50.5941884503
1339 54.268175052
1340 49.9048057037
1341 48.6499641738
1342 53.9724813085
1343 44.0639148897
1344 50.073438257
1345 47.0727140838
1346 55.3547518376
1347 46.2629112571
1348 50.2549469607
1349 53.7329189513
1350 61.393050694
1351 42.1208348249
1352 46.3470166667
1353 54.7439110619
1354 52.0323371974
1355 51.2357073195
1356 55.8538955493
1357 47.6418868661
1358 67.7571678066
1359 47.1837121399
1360 49.728323735
1361 54.9844409788
1362 47.0525919481
1363 45.8855827229
1364 41.0126207333
1365 63.3414938081
1366 49.6446738447
1367 65.5747392711
1368 58.3350117258
1369 48.3876766991
1370 54.0254212905
1371 52.6966565901
1372 52.6659924023
1373 48.8816566643
1374 51.9827071157
1375 51.454453043
1376 47.3710250483
1377 54.4618347056
1378 39.3800368694
1379 47.9120320846
1380 50.714541411
1381 49.0565336664
1382 58.3649514412
1383 55.3107033068
1384 50.9049747847
1385 53.4826598496
1386 50.3062709731
1387 52.0080543773
1388 54.6664779022
1389 41.6247946851
1390 42.0137164252
1391 49.3241398583
1392 60.5517586989
1393 45.2674893928
1394 51.5292651878
1395 49.7053954771
1396 49.7292179133
1397 43.9605494984
1398 56.1135097563
1399 39.0789800285
1400 38.8296880242
1401 55.2695150529
1402 51.8986364025
1403 38.1924908116
1404 52.3341384988
1405 49.3708467273
1406 49.8553027063
1407 50.6344342518
1408 57.6857194138
1409 41.3336776627
1410 63.0034773476
1411 63.969557991
1412 58.2307717304
1413 52.5149988684
1414 57.3205670578
1415 52.1043293754
1416 56.1931588096
1417 45.1823522174
1418 48.2435880592
1419 50.492540007
1420 50.3532299379
1421 42.1935763588
1422 53.1627989728
1423 54.2590659536
1424 49.3449309293
1425 49.6173522312
1426 54.071934582
1427 55.3343675743
1428 59.0874420226
1429 47.2264836075
1430 43.9733873034
1431 47.6854250361
1432 48.7021675692
1433 47.8973913626
1434 51.9198593622
1435 55.0961800301
1436 50.769357427
1437 52.599222567
1438 44.8368591471
1439 48.1442176205
1440 52.9154140226
1441 60.6456523607
1442 48.0016024531
1443 57.3988681982
1444 47.5143735489
1445 51.4502895171
1446 46.5125905871
1447 50.1600722943
1448 49.7406730396
1449 43.9324683663
1450 58.55541019
1451 44.0435886092
1452 15.6227406226
1453 48.2867205067
1454 55.7523435589
1455 50.0585633491
1456 50.2638228494
1457 62.6688651434
1458 50.1660056128
1459 46.401329388
1460 46.183671088
1461 55.6063853729
1462 81.339993978
1463 49.0090537437
1464 54.8620391482
1465 53.2239714702
1466 51.3671034422
1467 45.8728432111
1468 42.4475723498
1469 50.1169061578
1470 49.3469660945
1471 46.5452157846
1472 51.76940947
1473 48.009172378
1474 82.8955005979
1475 47.7512427718
1476 51.4554622447
1477 46.9716774988
1478 46.2079317824
1479 54.8510346551
1480 42.9170228476
1481 57.228207689
1482 52.2515160044
1483 50.5497676323
1484 53.8937252193
1485 48.7889771523
1486 49.7794834824
1487 48.0835431199
1488 39.3432608083
1489 50.3476481305
1490 58.7391862622
1491 57.7478998956
1492 64.6448558007
1493 55.7429649387
1494 48.3820634455
1495 59.5489028317
1496 45.1055832704
1497 56.2101564405
1498 58.0672896233
1499 42.8851424777
1500 64.6609556119
1501 60.8401935708
1502 58.0828657626
1503 54.109637163
1504 52.233850644
1505 43.9879005257
1506 63.4377189917
1507 64.3010320067
1508 47.7010800418
1509 52.891694475
1510 50.0916187082
1511 47.2201325924
1512 57.4534759765
1513 53.3536481097
1514 49.004486246
1515 58.9918368971
1516 54.4179010142
1517 37.9638507474
1518 46.3597078089
1519 64.5818586058
1520 53.0139657052
1521 65.0733669155
1522 52.6840603426
1523 51.8225118942
1524 53.6285704525
1525 54.154336741
1526 57.9997196109
1527 52.9857069647
1528 39.3836964681
1529 50.4162707043
1530 46.4945452411
1531 63.6625553417
1532 39.4404253048
1533 51.9328164377
1534 49.8386040122
1535 51.5098683613
1536 39.5738810737
1537 55.2926187337
1538 51.8123999101
1539 61.1762900883
1540 71.4281506839
1541 45.6380305136
1542 51.4031442804
1543 51.8087386285
1544 51.0323061477
1545 54.7118578328
1546 57.2779862116
1547 56.0765178241
1548 52.7357712201
1549 40.6521292562
1550 51.5052754779
1551 46.9407724668
1552 48.031089147
1553 52.217083715
1554 48.3751662076
1555 52.0393066807
1556 35.7862748531
1557 53.1102932932
1558 43.8106159164
1559 41.5753611654
1560 58.1230103422
1561 42.7805500633
1562 51.0011931289
1563 49.5929806619
1564 46.568224992
1565 47.827695526
1566 51.348487299
1567 50.560473723
1568 46.3415764733
1569 45.4535113279
1570 38.1358025185
1571 46.9855636773
1572 51.2542604856
1573 39.122331611
1574 44.745341733
1575 49.3956564713
1576 44.6303268993
1577 43.0810552758
1578 50.1773873943
1579 48.8461413611
1580 45.6930566795
1581 56.3675627017
1582 36.6448097506
1583 40.4585237802
1584 48.4949167763
1585 44.7733238581
1586 41.6652151481
1587 45.8169766696
1588 42.4505372731
1589 47.7873906671
1590 41.3111895933
1591 45.5619163255
1592 66.3765497845
1593 48.6104019846
1594 44.381378903
1595 43.8868661458
1596 49.8052536235
1597 51.3673643693
1598 47.4641762122
1599 54.8122727305
1600 43.2056536227
1601 56.0460897719
1602 45.4795033144
1603 26.1150375464
1604 42.9507887838
1605 38.437045777
1606 47.3031251354
1607 45.8197530291
1608 43.449544627
1609 10.7944856405
1610 54.4927617351
1611 46.3185279174
1612 44.7022662982
1613 41.4713990545
1614 40.4986071381
1615 52.7136599878
1616 43.5683704462
1617 77.3233858189
1618 65.8642820063
1619 69.1900912068
1620 67.5481095516
1621 70.7950062131
1622 57.3066683523
1623 64.7887859947
1624 60.0333564119
1625 81.9554282322
1626 58.5296233545
1627 51.4985834371
1628 50.7661517786
1629 61.2255523307
1630 83.0070254027
1631 61.4364194931
1632 55.272185676
1633 55.5798596752
1634 63.4964669492
1635 58.4049734593
1636 75.4873124106
1637 61.6232226732
1638 76.9198344253
1639 68.9490197606
1640 69.0110269983
1641 73.1194247319
1642 59.9481232036
1643 76.7762742481
1644 69.2520112224
1645 61.0346279432
1646 66.0052964003
1647 79.8937745576
1648 72.1346473142
1649 62.3014690479
1650 63.6695369335
1651 56.1983819815
1652 61.0236157326
1653 87.7839326656
1654 59.2171696114
1655 60.6861136787
1656 82.6920421204
1657 69.186758666
1658 63.2986749856
1659 52.9047451958
1660 71.0684515158
1661 46.4642120683
1662 62.4146699109
1663 73.2368428425
1664 49.0103317658
1665 67.076225563
1666 64.5601507588
1667 70.0510458035
1668 74.0825203368
1669 54.6123316915
1670 71.4621073715
1671 80.9148563896
1672 68.6234165206
1673 65.9260309689
1674 81.1697198571
1675 62.3691784193
1676 77.3098233991
1677 73.9099502666
1678 42.5524400609
1679 60.4810615236
1680 60.690286852
1681 61.8784753334
1682 60.7590201689
1683 45.2728440065
1684 63.9161684155
1685 57.7681824017
1686 57.3114885345
1687 49.9748226945
1688 58.5537811676
1689 58.0057698459
1690 57.2395300162
1691 53.7703675013
1692 60.0344068778
1693 56.293372563
1694 59.85240182
1695 56.7261761211
1696 65.6227690579
1697 58.2467159438
1698 55.2361488396
1699 66.047075932
1700 60.689658962
1701 50.7316692648
1702 62.6473021933
1703 57.5274909874
1704 55.7797899294
1705 57.7965706012
1706 61.1701730427
1707 57.3533668431
1708 59.7349581627
1709 67.4936185984
1710 62.7601504824
1711 58.6229371088
1712 63.3218546409
1713 57.4226535925
1714 49.1933642752
1715 57.5912229519
1716 58.2766769896
1717 55.6795057671
1718 53.6115587798
1719 55.8204025256
1720 62.5874011895
1721 58.4259105073
1722 58.5416841985
1723 69.3042389836
1724 58.9534424349
1725 64.9318468542
1726 67.1913200298
1727 54.9295512927
1728 61.2469071319
1729 62.0863375423
1730 53.1603578294
1731 53.2801082049
1732 44.516170963
1733 52.9188958872
1734 51.1584826694
1735 51.296177584
1736 70.4432619601
1737 62.3993400373
1738 58.1722179365
1739 56.0336012436
1740 49.2568617099
1741 49.5120743556
1742 62.4505053365
1743 55.2016904018
1744 53.2974839913
1745 55.1015136248
1746 55.7970234767
1747 49.6645713825
1748 44.1354007611
1749 59.1443178811
1750 53.3321889716
1751 44.5590121353
1752 39.6041072793
1753 51.641130967
1754 58.2646205504
1755 50.0500177275
1756 52.9122963184
1757 56.548270727
1758 45.6506447215
1759 54.2545549892
1760 48.20510005
1761 48.03392301
1762 56.8154674293
1763 53.9196915554
1764 41.0813394502
1765 37.4285983772
1766 45.94120834
1767 52.7659739101
1768 50.9993508189
1769 54.9899332033
1770 63.0630059884
1771 50.4208060561
1772 52.6064854528
1773 53.9721121683
1774 58.8608608795
1775 55.9701491965
1776 45.2271898695
1777 54.8658597278
1778 56.494840229
1779 55.3501317949
1780 55.0776318947
1781 60.5121672415
1782 51.5338134208
1783 51.1646922382
1784 42.3438585399
1785 59.2018379223
1786 59.1430910704
1787 57.7740215081
1788 54.5096850334
1789 51.3322831266
1790 46.1114210302
1791 55.0576177938
1792 51.1584008341
1793 65.1213835138
1794 51.476784766
1795 52.5655018842
1796 52.3738466283
1797 50.6183311009
1798 59.9199463635
1799 57.5640287513
1800 53.0070953423
1801 50.9625808088
1802 59.5927473263
1803 42.8335889843
1804 55.0180591432
1805 58.928539437
1806 44.2038368282
1807 50.5370726539
1808 53.7800528139
1809 63.9302494603
1810 47.9538247845
1811 61.427082325
1812 59.9672856194
1813 59.4077971924
1814 54.8430490167
1815 57.2055875192
1816 50.4842827224
1817 54.1476363133
1818 66.2222623355
1819 49.184796472
1820 54.4397668547
1821 44.6668237698
1822 62.7472949617
1823 49.3642136458
1824 51.2464261243
1825 53.4803851624
1826 66.874260112
1827 55.1748022178
1828 55.1671291448
1829 53.8223619417
1830 56.9933791765
1831 53.7235118574
1832 53.5854490403
1833 52.6162433657
1834 54.4002564949
1835 53.2740968699
1836 29.9167274906
1837 58.6968646041
1838 54.1962347796
1839 48.2093610317
1840 14.3817249769
1841 52.7104229304
1842 54.1264854636
1843 48.944092894
1844 57.9162528143
1845 60.7395554848
1846 52.0837075043
1847 45.1549978344
1848 53.343693488
1849 57.1966719564
1850 53.1018107378
1851 53.565458735
1852 56.2902034295
1853 60.3521728252
1854 55.1441319496
1855 55.1821226421
1856 71.2173948884
1857 50.1755537879
1858 53.0793041601
1859 57.446170323
1860 53.3852688637
1861 53.9289863831
1862 64.1477250098
1863 51.4776878882
1864 61.8189176153
1865 55.4711877713
1866 56.9740365357
1867 56.6697635451
1868 53.0750425026
1869 57.2133362998
1870 57.4721695452
1871 54.3566195849
1872 58.4126478121
1873 60.0383501302
1874 46.3874226575
1875 56.4874735771
1876 59.1725978356
1877 68.2030808636
1878 60.0357661453
1879 51.2770207414
1880 59.6094286301
1881 51.3762393756
1882 61.3621952017
1883 51.1254638667
1884 55.5152100294
1885 68.2964510908
1886 62.9794912659
1887 52.7220851777
1888 53.5635821294
1889 58.6390071609
1890 58.1585195035
1891 48.900023986
1892 76.0016152749
1893 59.1955036403
1894 41.5735263373
1895 57.0585828759
1896 67.5900320759
1897 56.0336357108
1898 70.1429221448
1899 55.8885112499
1900 59.3455893103
1901 62.4307550556
1902 59.8597318765
1903 51.7201451815
1904 43.8035562436
1905 65.7844783797
1906 55.2468916986
1907 64.1774329217
1908 64.2557991498
1909 67.0014008184
1910 60.9138002489
1911 61.5239676202
1912 52.9590970174
1913 52.3328777832
1914 20.7700519897
1915 67.2508176676
1916 56.2546830773
1917 61.261935195
1918 59.6324826655
1919 50.1424491898
1920 48.6542845681
1921 59.2596645493
1922 45.2164649864
1923 51.8053262151
1924 48.4911189385
1925 43.6427126905
1926 58.8799362996
1927 65.3012223577
1928 50.1319826508
1929 55.2016561385
1930 53.5401442707
1931 60.7156498093
1932 66.7044666887
1933 56.3741517982
1934 55.8655982816
1935 55.0419763544
1936 61.1171620866
1937 51.085146599
1938 55.9803302482
1939 54.8047991528
1940 51.0327325607
1941 50.1453733865
1942 58.3530167059
1943 50.8848944991
1944 51.6713186323
1945 56.184432433
1946 51.6408220555
1947 47.774187871
1948 45.9572513725
1949 48.464188223
1950 53.2459571717
1951 59.1819744621
1952 50.7287624259
1953 49.4127923198
1954 64.1581285695
1955 47.1790972383
1956 52.5312843499
1957 47.7783981186
1958 55.4388751913
1959 61.9079771163
1960 52.4155001962
1961 47.0382147713
1962 45.949755962
1963 48.3636759536
1964 58.3631288989
1965 56.9588716185
1966 52.1165878403
1967 49.5195361126
1968 53.5793179001
1969 49.2229713053
1970 54.1724029951
1971 46.1834540736
1972 48.4014998371
1973 43.5831393565
1974 47.8490909721
1975 52.5508443064
1976 51.7542941434
1977 47.052964108
1978 49.904487273
1979 59.0653149082
1980 52.3948111524
1981 45.7943224653
1982 53.900725408
1983 57.6625836397
1984 63.5700244319
1985 51.3508652291
1986 61.8518442382
1987 54.1947906887
1988 59.2595610233
1989 56.4687354457
1990 48.9813297623
1991 49.8430818716
1992 63.8276396167
1993 42.4792178253
1994 47.7086060086
1995 51.4881530874
1996 48.686786106
1997 48.8516315761
1998 42.0659496911
1999 43.1644573813
2000 59.2827573184
2001 49.9869912007
2002 37.988403312
2003 64.3392113713
2004 54.0201304165
2005 54.2477582591
2006 37.9691890648
2007 49.917353366
2008 60.2326208521
2009 62.6450281653
2010 52.0562216009
2011 47.1599583204
2012 49.3743362516
2013 61.583420366
2014 54.2761636883
2015 56.333606754
2016 53.4847520249
2017 72.755043256
2018 57.8661548058
2019 53.7588087705
2020 53.7236471207
2021 49.64645032
2022 67.4780278017
2023 49.5894196277
2024 51.2719903287
2025 54.6514520098
2026 50.1348336992
2027 46.907615153
2028 53.6228582108
2029 43.3505578076
2030 59.4924817973
2031 41.162233704
2032 52.830553725
2033 48.3839813546
2034 50.3119262058
2035 54.8641012979
2036 57.4003485137
2037 59.5434441714
2038 58.5258769776
2039 54.7899332898
2040 42.2180466722
2041 54.5308192334
2042 47.7433811707
2043 52.7848455166
2044 50.8599401125
2045 49.8073371042
2046 57.2690457039
2047 48.4152508316
2048 47.6328100378
2049 53.6657867459
2050 50.8672935457
2051 51.0540886421
2052 45.5717613457
2053 61.1930379296
2054 45.3447697272
2055 49.7555868238
2056 58.4876783116
2057 56.7713482883
2058 54.7076688282
2059 45.6256915781
2060 53.343493438
2061 50.4344713406
2062 63.8961040736
2063 47.1146027197
2064 59.8440195091
2065 40.3040947885
2066 49.5793290945
2067 47.900700001
2068 63.7907362362
2069 56.8646738461
2070 48.9250253296
2071 43.4593645445
2072 53.0864675331
2073 59.0019608267
2074 57.7952405268
2075 57.3726905616
2076 57.2696788504
2077 55.578602077
2078 58.3372897398
2079 44.2138387527
2080 62.0355619284
2081 56.3417997542
2082 55.7179047422
2083 61.4407707419
2084 56.6720203899
2085 46.5404857749
2086 47.6226417237
2087 58.1162317454
2088 57.5701380525
2089 44.2694813743
2090 63.2377357787
2091 48.8238323838
2092 50.4523363415
2093 51.8644065759
2094 45.4438063664
2095 48.0634199945
2096 49.4805852591
2097 51.0586687118
2098 56.4750978822
2099 68.1327575859
2100 65.5638182346
2101 58.6865393156
2102 63.742231526
2103 53.5020678816
2104 52.5062606568
2105 55.4679944806
2106 57.2991383151
2107 65.5478377808
2108 49.2768897273
2109 48.1743266064
2110 56.5615244253
2111 64.5090614086
2112 55.963836618
2113 57.2494375093
2114 61.5081208203
2115 60.5441582395
2116 62.2787411106
2117 58.3579369751
2118 62.8796304459
2119 55.6202731762
2120 56.9001132949
2121 46.8296173927
2122 49.5104443042
2123 49.5738650321
2124 52.7890374972
2125 48.829136154
2126 48.8490540388
2127 61.029790874
2128 44.0942316792
2129 62.7292207384
2130 44.9327415965
2131 63.5231365714
2132 60.0562928513
2133 37.9397970677
2134 49.6599491391
2135 53.9195753647
2136 57.6356470481
2137 28.320875916
2138 40.9779782177
2139 48.7516794348
2140 42.3740850159
2141 45.6934980273
2142 51.8057430569
2143 53.0505975509
2144 49.4704241458
2145 48.8413638253
2146 45.5442966012
2147 40.7716789749
2148 46.1352379862
2149 45.9187226176
2150 38.6478067942
2151 42.5759561155
2152 46.05035701
2153 41.0306304451
2154 53.5401129732
2155 44.3561480626
2156 50.4986987108
2157 49.2838258667
2158 52.1074830164
2159 54.6649409769
2160 49.2743776857
2161 41.3320392177
2162 52.0253514494
2163 58.2650333668
2164 63.1787589311
2165 55.8408048558
2166 47.3665728521
2167 47.6431518188
2168 44.5953039675
2169 48.7526111143
2170 46.5570280019
2171 49.0952789013
2172 49.1453917468
2173 49.1534276817
2174 48.04703824
2175 49.7206851329
2176 63.3321346096
2177 38.0281180544
2178 39.763173045
2179 45.3726642195
2180 53.8000209466
2181 55.9447243853
2182 45.1366620455
2183 48.8662475945
2184 64.4952529795
2185 50.3869130221
2186 46.6422010336
2187 40.8133268966
2188 50.6848648112
2189 51.4411379552
2190 51.9349738928
2191 48.2909112862
2192 45.378597939
2193 45.7193838849
2194 43.0457567778
2195 46.1804757681
2196 46.6898056309
2197 65.5925018239
2198 57.4172750372
2199 61.1269866227
2200 57.2215193988
2201 58.7876857516
2202 63.6152734047
2203 67.5003369601
2204 59.2926082857
2205 67.0470087715
2206 57.7419025578
2207 55.2302102822
2208 65.1494910185
2209 66.3899390908
2210 63.6812782087
2211 50.8718021023
2212 57.9671654758
2213 69.0171592348
2214 56.2516493435
2215 58.7058950587
2216 57.0596250384
2217 55.4003598816
2218 57.4859459466
2219 63.6782080232
2220 58.9037858952
2221 56.6742892371
2222 32.0661522466
2223 64.8540044926
2224 57.4036777976
2225 55.3870556787
2226 64.6643267628
2227 57.6354545408
2228 70.1618053508
2229 65.5106774083
2230 55.5527728644
2231 74.0340271319
2232 61.2922714535
2233 64.2531672555
2234 57.0897821989
2235 71.15362605
2236 57.1893453781
2237 55.3521838117
2238 58.2352725784
2239 56.4645840918
2240 58.3328421984
2241 62.279182229
2242 55.5100228945
2243 60.0243653866
2244 58.6989641729
2245 57.5273400597
2246 57.473528772
2247 64.5945897532
2248 56.1118944179
2249 63.306551501
2250 65.7916209005
2251 61.0562360137
2252 56.0373558429
2253 64.476522318
2254 53.8088226962
2255 61.4571859676
2256 64.1467863811
2257 62.0490405649
2258 44.9005175165
2259 61.3008988632
2260 62.3089807862
2261 62.0373170825
2262 67.6314920792
2263 45.9003157821
2264 58.7652465469
2265 47.2441900971
2266 47.4725814833
2267 45.3858529751
2268 46.5791345918
2269 47.3030659816
2270 45.9239985048
2271 57.8648973969
2272 52.3960778409
2273 44.6800296309
2274 43.8441580413
2275 43.2468031237
2276 43.2350373558
2277 48.6015745381
2278 47.0918682248
2279 74.6380654073
2280 43.761845466
2281 41.1465844486
2282 55.4420555135
2283 47.053655709
2284 56.1186770653
2285 43.7738278032
2286 44.0366951892
2287 42.6493150641
2288 60.6590703148
2289 54.439052226
2290 43.6008612276
2291 41.3064247052
2292 41.2686443279
2293 47.0614029112
2294 49.3950181077
2295 48.4620859898
2296 44.8964315655
2297 43.3086792439
2298 48.205890408
2299 51.7617820428
2300 44.6481882914
2301 43.0619822685
2302 54.0743738961
2303 59.7433384507
2304 46.5396954059
2305 43.2104007528
2306 42.9143245603
2307 48.1432698117
2308 49.8536480647
2309 49.5189134455
2310 52.1350624625
2311 43.3209630081
2312 39.4471029558
2313 50.4206159702
2314 44.4625820823
2315 44.0399782439
2316 48.9841002403
2317 44.7591339566
2318 49.5777264322
2319 48.1019260133
2320 53.0092913145
2321 40.4087649239
2322 45.7469155342
2323 48.2995027737
2324 53.9036912782
2325 57.6220269906
2326 54.9603852372
2327 66.2883797092
2328 47.7640658933
2329 40.5436133222
2330 52.8800680173
2331 46.9120286053
2332 44.11675304
2333 53.2618112222
2334 54.2225263223
2335 49.1463699664
2336 55.6254813512
2337 42.7789365147
2338 49.6579106835
2339 48.5466680036
2340 54.0476212031
2341 43.0633523155
2342 51.2471727063
2343 43.8060291037
2344 63.0574805001
2345 50.4731393441
2346 50.0083305353
2347 60.2325500871
2348 49.7062449866
2349 47.7216335843
2350 51.7802940327
2351 54.1760227787
2352 49.6854605765
2353 50.7801526882
2354 46.6835412513
2355 44.6441576777
2356 55.7067715259
2357 49.1164169956
2358 59.3895687353
2359 44.1446277836
2360 51.8239671373
2361 57.285424857
2362 48.4206465264
2363 47.4957500473
2364 52.1044089164
2365 48.6455147986
2366 47.8269870359
2367 53.292861219
2368 47.4584710352
2369 44.5982838922
2370 47.3463041787
2371 50.7016714245
2372 38.6813870766
2373 50.3650328613
2374 50.9935567156
2375 40.7290393725
2376 50.3875207761
2377 48.3513651996
2378 53.2477951845
2379 48.4684395799
2380 52.7834040803
2381 48.0563652781
2382 49.1738954837
2383 39.3338666309
2384 53.6253943173
2385 57.4192602629
2386 63.0503632302
2387 50.6818561644
