u s
1 59.4642389127
2 62.6047342477
3 50.8878901242
4 49.0217318358
5 52.1969758134
6 56.3319204202
7 53.8256488989
8 53.569742384
9 68.4061415901
10 49.7377010032
11 55.4848841247
12 57.7389298049
13 50.5859918258
14 52.6896187338
15 65.3296483282
16 47.4539971791
17 43.3550321895
18 53.027689432
19 166.980573283
20 56.7047309607
21 48.440356988
22 54.6698052342
23 64.6751293213
24 51.9707161678
25 53.6533688754
26 64.1263407672
27 59.8674234722
28 50.2900349641
29 54.4344605323
30 58.5661165208
31 52.3157659261
32 60.3071107133
33 48.3722244301
34 53.4448950473
35 48.487597186
36 62.5448767645
37 68.6335801305
38 49.5840288901
39 51.3776244765
40 53.6492351283
41 53.4966132904
42 49.072434269
43 49.0034872929
44 51.4242637474
45 53.9059763026
46 56.4839979663
47 50.5770225401
48 48.5643100839
49 54.731423582
50 49.0229825219
51 54.7731186933
52 49.2730701615
53 54.0046033125
54 56.8827153875
55 147.89866615
56 53.5691270824
57 68.0350077656
58 63.1981866952
59 49.7174646084
60 52.7467702234
61 58.1293052823
62 73.3003590857
63 53.1680211435
64 57.2614408895
65 71.5296927658
66 60.1615420761
67 56.9959039565
68 61.8162524237
69 56.0588018917
70 60.7203320388
71 51.3244072815
72 54.8259119
73 53.6229789334
74 54.5674176947
75 59.9458520812
76 56.4559607192
77 51.2858821358
78 59.5759759193
79 48.9915543304
80 58.1450941357
81 57.7982724401
82 51.1088740555
83 55.4608551973
84 60.1093085767
85 66.9415976911
86 61.6907738059
87 53.531256014
88 54.3554406439
89 52.1741455353
90 59.7801209152
91 49.8114989889
92 51.4575179091
93 53.4240765719
94 60.8922266939
95 56.2808403092
96 52.9178348392
97 47.2442023105
98 57.2520319203
99 55.488321451
100 58.6682027084
101 57.9693433753
102 59.1247163665
103 52.3961548396
104 63.7278384511
105 50.7213732368
106 52.8427740853
107 54.1653545248
108 46.9542837103
109 55.4671823383
110 57.2225880983
111 60.8377289662
112 54.7585050662
113 55.5444647666
114 54.4523835409
115 56.8685410524
116 51.2926166463
117 54.541254633
118 62.3718352402
119 55.1391789503
120 51.371279586
121 49.5945808697
122 51.066242527
123 57.4911252341
124 56.9175145725
125 53.2422006456
126 49.8227809046
127 48.3005207987
128 54.7863297794
129 53.2769203817
130 56.8541927112
131 57.8413928923
132 55.3003406777
133 51.9765363901
134 68.6945169047
135 56.3467856928
136 47.3181433504
137 54.3677750134
138 62.7052345847
139 62.4024011959
140 55.1961539062
141 51.6783330604
142 51.9130168771
143 53.0794874035
144 60.0142808178
145 57.454112782
146 45.4750366114
147 46.4036998032
148 42.2321686618
149 47.9633057447
150 45.6527008236
151 46.0107257531
152 65.3986658118
153 59.7162651008
154 53.1648786149
155 46.8523757237
156 53.0316209065
157 52.329697482
158 58.9277590256
159 54.4263346721
160 59.8610273928
161 53.984481703
162 62.1935802421
163 46.7393591176
164 48.059511954
165 57.5490889985
166 63.5722660025
167 53.2869266806
168 170.775560846
169 53.5823962248
170 53.3685959198
171 187.768427481
172 62.4296740054
173 55.41252029
174 59.6734181251
175 48.6760921716
176 50.054343558
177 57.0881105373
178 52.6062172333
179 53.855572431
180 53.0889077324
181 53.894792816
182 56.0237823457
183 58.8666210492
184 53.3850438454
185 51.8794476652
186 53.6032177286
187 54.0743506033
188 44.1311810346
189 45.4375377934
190 54.8617697688
191 54.9068439919
192 57.6859333765
193 55.841728705
194 54.1652159959
195 65.5557845054
196 51.4167283406
197 62.1892585852
198 63.9422985384
199 53.9411343812
200 56.3662714482
201 52.7940157264
202 59.2731892672
203 52.6567751176
204 52.9113741982
205 54.9332687184
206 62.4909087228
207 58.3740920626
208 54.9769360806
209 60.6672765452
210 61.7511352947
211 57.7207497701
212 69.5127768918
213 62.0079932161
214 59.2810373622
215 56.4844386456
216 60.9008932697
217 49.258869262
218 50.1684592233
219 58.9364214877
220 53.6246649134
221 59.3358808546
222 67.6812819623
223 56.3515084781
224 60.9185858714
225 65.5535652434
226 61.1786245371
227 54.2564807083
228 57.1065623197
229 57.1601481437
230 49.1789604976
231 65.5567556857
232 57.0448054565
233 59.2017498226
234 47.6054463145
235 54.2612530756
236 55.6160962565
237 55.5736510078
238 57.4473891416
239 56.1431456363
240 51.0248109958
241 60.8937570331
242 57.8868837652
243 60.5203155397
244 54.6106727683
245 56.7755286846
246 64.7107368279
247 53.2190959208
248 49.9116323446
249 51.5936908506
250 57.3155936949
251 59.6661857945
252 55.5925841808
253 49.1427884607
254 60.7178870613
255 47.8429453924
256 54.5050300653
257 50.7571556933
258 65.4256007232
259 66.9806349041
260 56.6132662186
261 57.5444197746
262 50.5384855989
263 49.5129288208
264 47.420921897
265 50.8647932222
266 45.3465252403
267 42.4326683822
268 53.0917103197
269 50.0167371107
270 46.0260882687
271 57.9726181145
272 50.7664852748
273 42.9758783441
274 45.2853855002
275 45.3907625286
276 53.3734588891
277 42.8048848271
278 51.1743978142
279 51.0590116686
280 50.197568918
281 41.6794849003
282 53.5980010152
283 45.5759189103
284 54.2866943939
285 57.21176177
286 49.3256928215
287 52.787977446
288 50.1764739926
289 48.9925205189
290 38.991311289
291 57.0046182398
292 50.0964656789
293 48.5090170956
294 48.6424714662
295 51.6930094799
296 48.1645372778
297 55.6370886937
298 53.8540520762
299 62.1074721887
300 51.1029313879
301 39.8756551432
302 56.7234027724
303 49.1412247829
304 46.9591495558
305 63.6822580693
306 54.0339260986
307 54.2942831554
308 59.3571671858
309 49.3833628225
310 49.3796004928
311 46.4707732922
312 51.5883506434
313 49.3536087179
314 58.8867707995
315 50.8284648046
316 48.6519077213
317 50.8259648842
318 58.4850131872
319 50.7149709374
320 52.9672731849
321 57.4960127758
322 41.8416677036
323 42.0464464523
324 50.9741852872
325 62.4713107992
326 54.8873470989
327 55.9509953663
328 54.586845443
329 53.8809443532
330 52.7747330597
331 52.9035334778
332 67.9585035296
333 63.7069406815
334 62.4754821774
335 52.6479186531
336 55.5749433438
337 49.4229845786
338 54.9171250751
339 61.9461816093
340 64.9760849837
341 61.6691557111
342 50.7634902164
343 44.1365684784
344 55.4432846305
345 61.1805353164
346 55.7048956382
347 57.1493792696
348 64.034370054
349 53.3772345691
350 53.4678026333
351 61.2319492514
352 60.0759316942
353 46.1848619067
354 61.9854593913
355 54.1035167959
356 72.6208374821
357 52.0512875326
358 65.4386104287
359 71.7372864822
360 53.1819618242
361 56.7210913078
362 60.0686689849
363 53.6973771217
364 60.4824164997
365 46.8677969043
366 57.1484684339
367 49.5044036609
368 56.5899765504
369 61.3057719611
370 63.5204429994
371 53.3895558044
372 58.6410550158
373 54.1871250293
374 51.740770632
375 53.2587948704
376 65.3185213397
377 47.0006527063
378 59.7801504957
379 50.4501948803
380 61.2192952044
381 55.8903864889
382 58.7100502278
383 57.5153362494
384 54.5199938427
385 58.6498722128
386 55.3933027708
387 54.01136873
388 72.9738254075
389 74.4523718363
390 50.3233842221
391 52.8248488481
392 60.1077038724
393 47.822892043
394 40.743199678
395 57.989587316
396 55.8123635588
397 48.1361682859
398 54.7491920152
399 49.8758736423
400 46.4066221972
401 60.1611143001
402 49.4916580428
403 55.4146641332
404 52.9974474775
405 56.182873463
406 59.7762717272
407 63.5094792842
408 48.7841559103
409 49.9005173706
410 41.7273059717
411 52.4399432404
412 57.5278262589
413 47.8805459078
414 55.9981645835
415 44.5869086076
416 49.379155199
417 50.2528032384
418 46.0275946742
419 49.2300656041
420 37.7018634109
421 43.3663146703
422 51.0221451642
423 45.6513743263
424 46.7254167478
425 66.3103592032
426 52.2857183091
427 47.7370968377
428 51.618330198
429 49.2272701246
430 52.4147237041
431 58.6962095389
432 48.0973439788
433 39.8296406778
434 49.697815708
435 52.528766896
436 50.7581246705
437 48.2691666384
438 50.5209280011
439 52.8037143483
440 58.2676623008
441 53.4427544476
442 48.1732323864
443 50.7608366627
444 50.1782759855
445 49.0809589236
446 47.6655289082
447 49.2888009534
448 50.5414531672
449 58.1790421872
450 60.0744256466
451 42.268668971
452 49.3396298686
453 44.0805852634
454 50.9746371226
455 51.2527105141
456 41.7980492054
457 50.5751734944
458 64.0810134521
459 49.5751169774
460 50.7554522256
461 54.7726112312
462 56.2477587102
463 46.1352295017
464 53.0095882872
465 48.8370977397
466 43.9167989289
467 41.423804867
468 53.3631992195
469 51.2307001086
470 39.9814975328
471 46.6314142722
472 46.3883106027
473 49.5228689833
474 46.8904066497
475 49.4134823684
476 49.2229080637
477 48.6342490469
478 47.6901923531
479 57.9095363285
480 46.3562581903
481 47.1010590253
482 46.4050461378
483 49.7857595841
484 49.2410536413
485 48.2021612603
486 50.8078047543
487 47.8706552684
488 45.4473316753
489 56.4783134737
490 38.6613767424
491 46.5268061231
492 55.649352283
493 48.882680834
494 49.0251520982
495 54.7083386416
496 52.7651217859
497 14.8312206002
498 40.6628296814
499 57.6419692804
500 53.4955903939
501 47.1344288429
502 54.0369060343
503 50.9164328934
504 38.1154698078
505 56.5659648251
506 61.3964157179
507 46.7243500324
508 45.1800420105
509 47.585666155
510 39.3075048577
511 57.2376144735
512 62.3262760922
513 44.9499514999
514 46.6537798253
515 45.0047650663
516 60.0581192851
517 52.7020943525
518 48.1180124138
519 46.9775284109
520 61.4296707085
521 59.5002492598
522 72.877115644
523 59.5977358941
524 71.2773592599
525 61.6324552606
526 46.5376517956
527 57.8143638573
528 47.3440148312
529 66.6355989194
530 54.8279415838
531 53.3503012131
532 58.7740894744
533 48.7489464426
534 68.0875381576
535 62.7205334708
536 57.4447674034
537 57.0510809124
538 53.4854731165
539 57.543693269
540 51.8968895418
541 49.6880275296
542 62.777769266
543 64.2555107846
544 61.4493595485
545 68.1313739781
546 52.5199145816
547 51.6615078853
548 49.4079562708
549 44.5099927295
550 57.4054757203
551 69.8689284021
552 69.5593083028
553 58.0392780978
554 45.9665421169
555 49.5335330723
556 56.3517722683
557 58.6823790323
558 56.970533251
559 56.1471128305
560 56.4891935234
561 53.5237730319
562 48.6874435872
563 51.4455923493
564 55.6049604304
565 55.8222131642
566 63.7957748764
567 57.7098606878
568 60.8037481394
569 45.4586101121
570 49.3761455386
571 56.8867357091
572 61.8317604227
573 57.0562555806
574 57.6474127448
575 52.5840322802
576 55.9114504463
577 62.1916325907
578 56.3741998853
579 57.1585243573
580 62.732788218
581 55.3947315952
582 45.559392921
583 58.9167080758
584 57.507583817
585 58.2648087045
586 49.4598026958
587 41.139222847
588 63.25091194
589 53.9239569413
590 46.9351459643
591 60.5903396654
592 58.7680548424
593 58.8239477979
594 41.9038568986
595 58.1284504996
596 57.0088269806
597 46.6291498937
598 49.0478537849
599 53.149651319
600 47.7361800038
601 54.0924516167
602 63.979515136
603 53.5723860592
604 49.487569106
605 46.6151605831
606 63.1538117152
607 58.9546694235
608 54.2378169303
609 45.1528066403
610 45.7980049641
611 52.6417246711
612 58.3105131451
613 48.0904486798
614 52.6174321934
615 50.5316073545
616 54.9367223136
617 56.0684123845
618 52.5924252597
619 75.6786466288
620 43.0968367007
621 52.4726821909
622 55.0504227511
623 51.6167427734
624 50.6950504194
625 48.1217130062
626 42.2189389734
627 53.4421099118
628 58.335967819
629 51.0873970265
630 46.7620807789
631 52.8929666026
632 49.9647356169
633 53.8992568145
634 51.1894452483
635 63.9082576854
636 48.0712185266
637 59.3764580915
638 48.1814936508
639 51.659153218
640 53.8609461407
641 45.4948891553
642 58.3094980017
643 64.4634720282
644 55.0981873594
645 52.5560688843
646 53.8596149347
647 52.882464452
648 56.877129575
649 48.8975906625
650 55.6753873771
651 60.9583956401
652 55.9311015845
653 57.2045194516
654 60.8617518356
655 57.8403794168
656 59.4258713074
657 54.9403570741
658 51.7186822606
659 56.9994273401
660 69.6735588079
661 62.0655992304
662 53.6103494476
663 56.1390445826
664 67.6999126158
665 55.9728406388
666 58.430236014
667 53.0754316886
668 48.5704507397
669 55.9202935118
670 53.2731217245
671 49.9484457833
672 54.280382626
673 67.5218936412
674 55.0649433542
675 60.6285355057
676 59.3461781656
677 65.9343454591
678 54.5937636603
679 48.7568951488
680 56.3943925226
681 55.0353604305
682 59.3452463226
683 58.8371610659
684 70.9957924023
685 55.0846942939
686 61.8828070569
687 57.9826469166
688 53.1157604703
689 55.8246552293
690 38.0309953169
691 49.887651608
692 65.5620722007
693 68.0417161533
694 53.3229659099
695 53.2837053141
696 56.6993537235
697 53.1852942857
698 62.306678463
699 57.0707478687
700 61.2913864134
701 54.657025285
702 61.4018743617
703 63.9123956352
704 58.6057788854
705 57.5190086381
706 56.3525760666
707 51.9499357149
708 65.3074945275
709 53.4003185626
710 57.6918494131
711 52.9069208339
712 54.5140019549
713 63.8465367718
714 50.1582987313
715 50.0948803656
716 58.0450017664
717 43.8474997627
718 48.369304925
719 56.0722815772
720 49.4437259599
721 50.9203884055
722 44.8938369714
723 53.1887324606
724 61.8780148233
725 53.1683833786
726 52.0125600827
727 52.7949346738
728 45.8379377052
729 47.4822310322
730 59.6855994843
731 58.8699704898
732 52.599958357
733 56.7436721215
734 48.2702296798
735 49.1285259749
736 51.5846040471
737 50.3158865821
738 51.186302558
739 55.8888641272
740 53.0747326782
741 52.4595219431
742 51.4420180344
743 54.4051066661
744 53.5474091831
745 47.4516219167
746 60.7424607893
747 63.5335542626
748 56.3489763073
749 56.2638033771
750 58.3228223291
751 48.3015370648
752 53.5684180419
753 63.6661104281
754 51.3119186971
755 56.2948896001
756 45.6336797649
757 60.0832231648
758 56.7880663629
759 53.3759902858
760 56.4032075934
761 55.6806796743
762 51.2199728125
763 53.3905686485
764 51.6697147343
765 58.8925416924
766 52.6063326706
767 50.2652657266
768 45.8225084383
769 50.3344554522
770 46.9507303599
771 51.7145378201
772 53.7319728937
773 55.8482403271
774 52.5306505509
775 58.7254988907
776 62.1773536023
777 51.5485560082
778 49.0715298261
779 46.2843436434
780 54.7884645003
781 42.9037898087
782 53.0762625142
783 51.6972348122
784 58.2643203212
785 47.7897995669
786 52.7576423331
787 52.5006012614
788 56.9090787828
789 52.7443213413
790 64.6959047891
791 49.9872279394
792 55.3589845637
793 41.7146564923
794 53.0717421313
795 52.2790181907
796 49.4312363026
797 51.1027097154
798 54.615295744
799 54.3327638859
800 48.1132310695
801 49.178407595
802 46.3498991428
803 61.3281134749
804 66.3686862124
805 49.7128340324
806 49.4277954904
807 49.2659916118
808 66.3130348284
809 42.4675347835
810 49.5422912321
811 62.1285960014
812 58.912457636
813 50.7007587172
814 52.9516034256
815 48.34167629
816 62.4091287604
817 53.1292142914
818 57.2588780009
819 50.8673383173
820 49.1221106088
821 52.4588240485
822 49.7088302774
823 52.4996838818
824 51.1749691138
825 57.076724023
826 47.1240784757
827 43.5667761846
828 50.0501272796
829 56.2088667385
830 55.3994875957
831 54.3289897476
832 48.6839614091
833 48.0468409631
834 54.2045616663
835 49.8167282374
836 48.132439021
837 64.8323106495
838 50.0565807944
839 45.2536330507
840 52.805761894
841 55.0481779882
842 50.4866353272
843 50.1917334826
844 69.4795826177
845 44.5128310794
846 54.5131745811
847 61.1650833012
848 56.0874755711
849 52.5815248732
850 47.2802891855
851 54.7942432361
852 54.9419712696
853 66.0729835108
854 63.0614076186
855 54.8489288594
856 60.8395739846
857 54.1713742924
858 56.6887737797
859 57.5910528519
860 54.1007497873
861 51.6195017677
862 56.6386700345
863 62.4121575153
864 47.2352094017
865 55.630529508
866 49.5817409732
867 57.0569275031
868 51.1884581687
869 54.5568218038
870 45.5745277288
871 56.4796633723
872 54.5173530389
873 53.3864659175
874 52.2328231009
875 53.9292325452
876 58.5245152652
877 52.8281620639
878 53.4327835201
879 53.599505448
880 61.9990805815
881 47.3636548723
882 47.140285007
883 56.8548270957
884 54.2178891713
885 63.8484746541
886 48.9944345194
887 53.8230306292
888 50.4925494898
889 47.4598058585
890 59.9936514637
891 51.8926859471
892 64.9264268565
893 49.1575815302
894 52.0948685318
895 43.7824476592
896 59.1838672252
897 48.0544421668
898 61.1640320069
899 51.6812030497
900 57.3789440656
901 48.5869471957
902 54.0359301861
903 51.4775160562
904 60.1946802096
905 59.9459767263
906 57.3348821097
907 56.4666952706
908 57.3747951005
909 55.9388413191
910 57.4112964446
911 53.9727030147
912 62.1216994124
913 56.9025981367
914 57.8950696043
915 49.5259429934
916 52.091567892
917 54.3535445575
918 56.4444301744
919 51.8305760753
920 54.7298690792
921 51.0596099198
922 51.7824879277
923 55.4648095322
924 59.025288903
925 58.7407236773
926 63.7883497876
927 58.8611819843
928 60.5724898052
929 57.2884788551
930 51.8550690019
931 57.6725687981
932 57.8089601695
933 51.7342636706
934 55.6496781014
935 61.0862799995
936 60.7957735713
937 63.8801889921
938 62.7974364712
939 66.4193938194
940 57.4698748936
941 57.6014355387
942 58.3986105504
943 56.1578975661
944 57.6012929104
945 56.4532338206
946 46.5515187189
947 50.0759253636
948 62.5599628638
949 57.0099771886
950 61.2164807141
951 55.6349830453
952 62.9401295404
953 55.607623204
954 48.6051628333
955 63.1636553838
956 65.1857926462
957 59.7153908798
958 58.2221437392
959 56.0155379877
960 60.261692838
961 53.6786523315
962 63.617377188
963 59.8403759466
964 56.4136755157
965 52.4932863608
966 65.0596467032
967 53.9211812889
968 55.7615281077
969 53.8239691132
970 60.4419673941
971 52.3500063761
972 54.5221654688
973 50.7056750039
974 52.3170002536
975 57.1907990091
976 58.7859672398
977 63.9153586564
978 51.0854119754
979 45.5466224294
980 59.4720409611
981 54.5840734352
982 61.3990839855
983 49.2908716179
984 52.0029404029
985 54.2226277411
986 69.9874172909
987 49.4847030186
988 50.9173008759
989 64.7206722266
990 56.2438563126
991 60.8226036761
992 51.2096154979
993 45.5721611977
994 53.79043613
995 55.8654006403
996 63.0469269057
997 61.5111322317
998 68.6564710737
999 49.7237291519
1000 53.2562651312
1001 50.6176848936
1002 52.1819229717
1003 53.5379456629
1004 68.2827221843
1005 61.5194291448
1006 56.2240586602
1007 52.9278576242
1008 63.5619111397
1009 48.2964257874
1010 70.3932047345
1011 48.3818155424
1012 58.00719044
1013 51.7886223229
1014 53.3032065961
1015 57.5838052996
1016 58.3152475523
1017 54.8645378574
1018 55.5429053682
1019 56.355209652
1020 67.3038345617
1021 53.5147982241
1022 60.1736277268
1023 49.7944106886
1024 52.3902444238
1025 51.9040419771
1026 56.2483076077
1027 52.9039816033
1028 58.0724716571
1029 56.1224875742
1030 51.2544441932
1031 59.3454649904
1032 53.1351096674
1033 54.6510208489
1034 48.5600672582
1035 49.258458065
1036 54.0214770003
1037 54.2734767181
1038 52.9555684471
1039 64.1124806654
1040 54.0731261171
1041 51.6614215509
1042 53.4357547534
1043 48.7370377816
1044 51.8289874552
1045 45.2899333575
1046 47.7929002568
1047 50.290612838
1048 53.0238575947
1049 47.1653134073
1050 47.477909324
1051 61.0396168193
1052 47.8374766999
1053 52.834098589
1054 47.6317717169
1055 56.9783370527
1056 60.3196830513
1057 53.8312260657
1058 65.3113193661
1059 55.3846281926
1060 50.5393492478
1061 43.3187179478
1062 57.9945153838
1063 48.3418932285
1064 50.3071040115
1065 45.9514276644
1066 53.1451793998
1067 46.6143439961
1068 58.5597525382
1069 54.1057921937
1070 54.3739505316
1071 55.9275584223
1072 58.5577334394
1073 54.601018475
1074 61.6622527564
1075 46.1266965116
1076 54.9921348503
1077 49.8773044935
1078 53.1725656202
1079 58.8069739431
1080 58.3964538432
1081 57.3795253041
1082 50.6814166306
1083 59.9817333702
1084 56.9119236221
1085 49.4533572315
1086 43.3298214062
1087 52.1232317222
1088 49.8569803324
1089 55.1589976034
1090 46.4986122569
1091 53.7272900826
1092 58.2858965742
1093 48.5493961009
1094 57.336290165
1095 51.120993051
1096 56.8492672943
1097 51.1237998355
1098 52.9482179956
1099 54.4886602245
1100 51.0602149231
1101 48.7239951925
1102 54.5027066114
1103 50.4543873828
1104 49.4861004304
1105 54.5030131675
1106 47.2717453701
1107 51.8504380112
1108 57.466567611
1109 52.3420729557
1110 51.8967527757
1111 50.7026287733
1112 56.471994309
1113 51.5603122964
1114 50.3808702854
1115 52.5936518111
1116 60.8411974471
1117 47.4491564739
1118 50.4689121223
1119 47.8586050175
1120 41.2921240353
1121 42.4422584287
1122 57.3551746585
1123 51.4614445829
1124 57.2211813717
1125 54.3358226221
1126 53.1147630382
1127 55.0949237725
1128 52.4334253245
1129 52.3304920573
1130 48.1768771553
1131 44.4242680212
1132 55.3423741817
1133 49.6153067394
1134 53.4123004171
1135 51.3767842527
1136 47.9016842367
1137 54.315678618
1138 57.7217374361
1139 51.6482539157
1140 46.8494201694
1141 51.1909523697
1142 51.3083486773
1143 51.3151696551
1144 51.8101021998
1145 48.6399777342
1146 53.4806922779
1147 50.8424012575
1148 51.0266870746
1149 64.2427288941
1150 46.4462329347
1151 53.701979195
1152 52.3385908466
1153 46.9256968222
1154 49.2664700629
1155 50.9264471031
1156 44.7719032097
1157 52.4919449146
1158 45.227764681
1159 52.4944348346
1160 64.3290026339
1161 44.6367392726
1162 52.8541717378
1163 59.4810486496
1164 51.7711757989
1165 49.664781993
1166 53.1684544382
1167 52.5715038011
1168 56.3431683742
1169 61.5636163568
1170 64.9107164816
1171 55.3921464243
1172 53.8430426306
1173 49.7171082355
1174 53.9333443981
1175 60.4004640586
1176 51.2775159972
1177 60.1123614571
1178 48.5139276561
1179 61.3823452985
1180 57.6920466321
1181 63.064294607
1182 54.3905583807
1183 52.9861167626
1184 53.7262219687
1185 51.0205309419
1186 53.0297505793
1187 54.6822006042
1188 57.1173893525
1189 68.6362649953
1190 55.7592685783
1191 56.8393982197
1192 55.7580978534
1193 52.728247221
1194 61.22292649
1195 58.0157988936
1196 49.9415691268
1197 55.3588197877
1198 54.3901624596
1199 56.4587257185
1200 59.8557234904
1201 53.7180624035
1202 44.7023212938
1203 51.920634911
1204 53.4146349873
1205 58.267697452
1206 55.098926163
1207 57.8582168694
1208 47.3012624645
1209 59.3878540537
1210 57.505128694
1211 55.2126675154
1212 49.6739403615
1213 63.1247223318
1214 51.7883961679
1215 57.128605316
1216 53.1876717513
1217 46.1025575527
1218 55.5368751319
1219 47.3962976128
1220 60.8233021326
1221 59.4844023769
1222 53.7018474522
1223 53.7436269601
1224 50.0250492656
1225 55.7701323668
1226 47.0507904394
1227 60.3122709145
1228 63.9311618338
1229 58.9774905028
1230 57.8028744667
1231 60.8991299872
1232 55.3429022278
1233 48.5421605198
1234 58.1107220212
1235 75.0759793231
1236 65.0087587716
1237 56.0782223934
1238 61.6453666865
1239 45.3284318108
1240 71.0707140567
1241 52.224658688
1242 55.3674819061
1243 52.1270248613
1244 52.6243965603
1245 67.1915671909
1246 65.1565324871
1247 50.6962427395
1248 55.8907682691
1249 61.5346522189
1250 52.2898624205
1251 56.5860762067
1252 57.9031496454
1253 54.823194001
1254 53.6844360732
1255 56.9857130966
1256 48.6828478661
1257 53.1689307299
1258 52.1815063973
1259 64.6399581259
1260 40.370005077
1261 62.1457901242
1262 50.8445600879
1263 46.2172522339
1264 58.3613110723
1265 55.7255896525
1266 51.6550780994
1267 55.205265442
1268 56.3416211984
1269 68.8373016054
1270 68.3667522721
1271 59.082910082
1272 59.5596005888
1273 52.9643536214
1274 48.0351689037
1275 47.3670823974
1276 62.1122246556
1277 60.499309048
1278 46.6839926108
1279 61.9605923925
1280 50.8819265066
1281 60.8670867019
1282 53.9827306541
1283 49.6174405061
1284 58.4889218353
1285 63.2665605514
1286 47.4597618159
1287 53.2391863089
1288 55.2792954006
1289 58.5200379183
1290 53.2232079485
1291 61.4788682719
1292 49.6076857617
1293 63.2966691911
1294 53.6437138893
1295 49.0322711884
1296 59.8381633632
1297 45.7308760415
1298 63.3692444192
1299 45.3582907437
1300 58.9559754139
1301 56.3690742759
1302 45.9294732843
1303 16.6120944438
1304 46.1413215336
1305 53.4296207358
1306 53.0480679699
1307 61.5560826883
1308 53.4200206538
1309 50.7683089114
1310 52.2555828364
1311 51.3090939696
1312 64.362668796
1313 56.130328111
1314 50.7519453323
1315 60.4390831611
1316 56.6778492782
1317 65.4789967001
1318 52.8035584153
1319 56.0362273013
1320 53.4710690515
1321 50.1736378428
1322 53.4933255041
1323 49.5370131147
1324 63.8185557441
1325 52.6947300614
1326 69.1369060967
1327 50.2295362914
1328 55.3076329454
1329 44.5428451744
1330 53.790397031
1331 58.6085103012
1332 42.8805013636
1333 41.5354383741
1334 53.4350125168
1335 51.2378786492
1336 52.0551694682
1337 59.8976246427
1338 47.7359038922
1339 51.7103322815
1340 57.1792811398
1341 50.0078085122
1342 49.3055178898
1343 42.2522996031
1344 51.0134148108
1345 47.2775169571
1346 71.3692142607
1347 55.5577673914
1348 53.3924103093
1349 68.2623707251
1350 54.3656783326
1351 51.180576129
1352 52.9774674692
1353 49.9289497105
1354 64.7894582333
1355 53.8958522133
1356 64.7346287617
1357 50.0620878923
1358 63.4384218887
1359 56.0981812727
1360 50.4916548119
1361 65.2509074004
1362 55.7264801029
1363 53.1517285991
1364 46.0908034393
1365 58.780046807
1366 53.2094392766
1367 62.1172904705
1368 60.6261448725
1369 49.8996033471
1370 61.7745602182
1371 52.7694666591
1372 52.0736137831
1373 59.4275420979
1374 53.8197787416
1375 51.2693289007
1376 75.0151246003
1377 51.0915299192
1378 40.6760429604
1379 51.3007158763
1380 54.9346952977
1381 47.4660854024
1382 58.329716037
1383 56.4240698218
1384 49.5430674155
1385 52.0314979353
1386 52.1915655755
1387 45.6376199689
1388 54.7576171977
1389 48.4517911619
1390 43.8397010491
1391 51.4335025353
1392 55.6125596145
1393 48.3932150069
1394 55.2815624458
1395 54.9014000041
1396 51.7647715194
1397 47.3428454494
1398 58.2510611703
1399 46.7841007874
1400 48.3073493976
1401 53.4332505333
1402 54.3618228069
1403 40.3851499314
1404 51.6762136318
1405 57.2862203327
1406 51.8547977282
1407 54.1043109043
1408 57.935141316
1409 49.8158213336
1410 53.631279404
1411 63.1530665385
1412 63.3317524414
1413 53.9050992055
1414 54.2481242653
1415 44.5328908437
1416 53.1607397994
1417 43.4752036346
1418 57.7831669611
1419 47.3076414374
1420 58.4473741067
1421 46.5689167278
1422 53.5474082788
1423 50.1122267112
1424 53.8091513074
1425 50.166046249
1426 56.1021590467
1427 52.1942793864
1428 55.7714459496
1429 55.154724851
1430 48.7529756945
1431 50.4890576685
1432 57.654694039
1433 54.8921930157
1434 62.6371491885
1435 49.7711683668
1436 52.7332659562
1437 54.2418415441
1438 55.0068374049
1439 46.3171406424
1440 51.914948051
1441 63.1352289736
1442 52.5783635545
1443 57.7183455608
1444 56.4712290379
1445 49.182052355
1446 56.3644153223
1447 56.7251701842
1448 50.2105131875
1449 49.3712587777
1450 60.0033272966
1451 50.1410200691
1452 20.6466675247
1453 54.3371095367
1454 62.5315389898
1455 51.146315887
1456 57.6552131557
1457 58.7764013853
1458 51.1240903102
1459 55.60584041
1460 55.6637151755
1461 58.0883008154
1462 74.6078094522
1463 45.0983283004
1464 52.0914573292
1465 59.6958550734
1466 46.967115555
1467 48.8245578044
1468 43.8029172199
1469 55.3336969097
1470 60.3645610379
1471 52.9621225836
1472 54.6677438235
1473 54.2024313629
1474 80.8027198554
1475 53.9451047827
1476 53.7655582423
1477 48.0503397319
1478 55.0978697044
1479 50.2288779939
1480 45.95194288
1481 61.0028112141
1482 65.1386640488
1483 55.0849486125
1484 47.4684443291
1485 56.0130837088
1486 55.8000279675
1487 56.2706190511
1488 47.7096082066
1489 50.4733352462
1490 53.2596076889
1491 62.9980296208
1492 58.9532649722
1493 53.9325885661
1494 43.5262570921
1495 52.4493383012
1496 42.2411256361
1497 50.8749202094
1498 51.5678412428
1499 47.8240735344
1500 57.5889961575
1501 60.608301501
1502 50.7226344017
1503 47.4206413111
1504 49.924647039
1505 41.8734340876
1506 55.6033083995
1507 53.6381040071
1508 42.6145868328
1509 51.3930052487
1510 49.1582491412
1511 42.880133926
1512 49.7779085938
1513 48.2789093384
1514 51.5851922399
1515 55.9431857856
1516 51.4966597792
1517 60.6048876333
1518 51.6608069282
1519 55.3134805625
1520 57.6232276293
1521 55.8235495196
1522 48.6600160794
1523 59.2986235199
1524 49.3510183028
1525 48.4708189884
1526 48.8724926586
1527 51.5837130801
1528 51.9081653583
1529 45.229775823
1530 52.0646095553
1531 62.9987054074
1532 42.69507693
1533 50.5962060349
1534 44.1998185065
1535 49.1933280284
1536 47.1732840518
1537 51.7103544793
1538 49.4953479124
1539 51.4654997398
1540 60.7999656225
1541 49.6133249214
1542 62.6942011436
1543 48.8424879893
1544 54.0817557878
1545 43.3953972128
1546 51.1823669474
1547 50.6853987945
1548 52.4981289244
1549 44.5360924227
1550 48.7796236793
1551 50.3350439738
1552 46.1413578879
1553 66.7105685267
1554 48.4954907045
1555 62.3358682591
1556 48.3574022795
1557 56.9871249796
1558 50.8338298798
1559 51.5012133681
1560 61.6060151326
1561 51.5090215198
1562 56.2281331962
1563 53.2491163395
1564 56.7322159519
1565 50.3227390364
1566 62.5598402819
1567 57.2860033201
1568 51.0034460661
1569 51.9105547326
1570 44.1587690182
1571 48.0512072826
1572 58.2581692631
1573 48.5240138985
1574 48.061967785
1575 44.0935281751
1576 48.3473934331
1577 46.1923693594
1578 50.8876416922
1579 56.8492911332
1580 48.9200054301
1581 50.7789634696
1582 46.7196543183
1583 47.4500963441
1584 50.2939609703
1585 52.4704162392
1586 47.5830901554
1587 49.3757594158
1588 59.7909931269
1589 46.382190735
1590 49.1757465803
1591 48.6171057767
1592 59.5184141817
1593 64.309241538
1594 47.2332869203
1595 48.3904218904
1596 58.183002531
1597 53.1544366621
1598 55.6810291732
1599 52.4755688058
1600 49.4358946436
1601 56.7867335285
1602 48.52718227
1603 60.14916057
1604 40.4772346736
1605 49.9166986151
1606 50.0311611142
1607 48.4257194707
1608 50.0743956225
1609 12.7278963817
1610 54.5588941913
1611 48.2249570872
1612 52.2374810425
1613 51.3386734671
1614 45.0977444402
1615 48.1737797467
1616 46.3121436408
1617 76.8491775218
1618 75.260658204
1619 74.7178235806
1620 69.816322592
1621 68.1851664225
1622 59.0826741627
1623 67.7732017522
1624 69.9403090227
1625 72.5281959397
1626 69.6748850271
1627 56.8321433602
1628 50.9162070426
1629 61.2881373612
1630 85.5727576538
1631 62.0598675678
1632 64.999701288
1633 65.294284595
1634 73.9527447265
1635 68.5741399003
1636 82.1025551148
1637 67.2603297858
1638 76.1878526714
1639 70.1246994035
1640 74.6275119666
1641 71.6994559004
1642 65.2730660009
1643 81.1632955558
1644 69.6856841053
1645 76.0727932859
1646 72.3179085465
1647 75.3210224936
1648 85.9152608555
1649 64.3295960946
1650 69.441455657
1651 56.5853022231
1652 68.0714937708
1653 85.5596996109
1654 62.216858283
1655 71.7536445355
1656 78.0649464381
1657 70.815341604
1658 74.5545275183
1659 61.927987585
1660 75.0178020123
1661 50.6092175869
1662 63.9862179619
1663 83.2574855947
1664 61.6670780159
1665 68.6496729955
1666 70.5626538367
1667 72.0505646904
1668 78.2064762261
1669 53.3519147132
1670 77.1658008756
1671 77.9750968507
1672 69.7735028351
1673 72.1299684626
1674 77.2744629262
1675 68.7163069233
1676 76.450157976
1677 77.3191686014
1678 49.8711414775
1679 48.820320688
1680 54.0661093709
1681 56.0516824351
1682 61.6660011863
1683 44.9856194306
1684 56.4288512465
1685 55.873181938
1686 54.6567385586
1687 45.7024335341
1688 48.0502938833
1689 53.318354393
1690 52.9945390993
1691 55.982962777
1692 54.7631822842
1693 50.6571667748
1694 52.2743789038
1695 53.0031623838
1696 57.5446007757
1697 51.3177185304
1698 55.8344101307
1699 45.3614652643
1700 52.5876624001
1701 45.1886329182
1702 52.8667248178
1703 53.3175491964
1704 54.0086958439
1705 62.8712851956
1706 57.0479317457
1707 55.1769149426
1708 50.74741797
1709 51.8367585691
1710 57.3365812457
1711 54.3320039866
1712 53.9906045133
1713 52.3254853015
1714 48.2761694821
1715 54.5335470794
1716 51.3995830287
1717 53.497470763
1718 54.4579858516
1719 52.5147720491
1720 73.3007027938
1721 54.7914293957
1722 57.367235307
1723 48.6137936209
1724 52.7379848068
1725 58.2897345743
1726 56.2749575054
1727 51.0809628927
1728 54.8515054805
1729 58.1259176428
1730 52.6883141673
1731 46.4757285977
1732 49.8641367653
1733 52.9007360947
1734 54.9633231223
1735 50.5905227226
1736 50.4382243079
1737 58.8370141359
1738 51.8714201779
1739 52.1665305567
1740 57.2790913974
1741 49.7217115544
1742 57.0656090515
1743 49.3316185096
1744 57.7010921029
1745 47.8404141222
1746 51.4481842111
1747 59.1054729803
1748 41.9613852173
1749 53.5403041506
1750 58.0957852596
1751 42.3736890886
1752 39.5891171183
1753 51.1304092071
1754 52.3547558472
1755 47.3742787203
1756 49.5571568449
1757 53.3133387455
1758 50.3641509024
1759 49.575233889
1760 59.8855865263
1761 38.096948218
1762 55.1721524074
1763 50.5585748861
1764 55.4803169774
1765 48.0977969675
1766 52.4612348271
1767 54.7465847798
1768 45.2143537472
1769 46.9326925689
1770 58.1672812918
1771 41.1146223263
1772 47.7223977557
1773 48.5133220926
1774 56.9769230251
1775 50.9667660048
1776 45.9011750649
1777 50.9400589535
1778 51.9723402506
1779 49.9904563441
1780 54.8434900722
1781 62.4626099577
1782 48.1482008066
1783 48.6337993492
1784 47.4064178592
1785 48.9769412285
1786 57.9054637
1787 54.4189002429
1788 48.030938915
1789 51.7303924498
1790 46.2208674508
1791 48.6697938254
1792 46.6746288332
1793 52.752543182
1794 51.5358360037
1795 48.3066181813
1796 48.1300830993
1797 51.303524049
1798 52.490235009
1799 51.3089389849
1800 48.9021248591
1801 47.8733913681
1802 51.4623256429
1803 39.85198914
1804 50.6160793314
1805 53.3755921696
1806 38.346506629
1807 47.7203613605
1808 53.1502403808
1809 60.0398269192
1810 52.2840627033
1811 53.8994106935
1812 63.7214066382
1813 60.0453254629
1814 49.8235266314
1815 63.6487235907
1816 58.2039066811
1817 52.0109950684
1818 56.5135811818
1819 52.0703179596
1820 52.6321150282
1821 40.8863654045
1822 55.2704201948
1823 49.8161053004
1824 47.0887475722
1825 50.6597270279
1826 58.349827317
1827 46.0117112504
1828 51.3038222069
1829 51.0537148405
1830 56.3491127694
1831 61.18670854
1832 54.0142884906
1833 55.4475769054
1834 56.0973140013
1835 54.0545548457
1836 58.2417380315
1837 58.6740972503
1838 54.5092823014
1839 46.0889984309
1840 7.13393216202
1841 52.3224626844
1842 55.041069523
1843 47.1129317759
1844 47.161049608
1845 59.7752185428
1846 55.7315340702
1847 45.9858827514
1848 51.168634854
1849 54.6796561101
1850 55.818325383
1851 59.8246923691
1852 61.1155133142
1853 57.0022008621
1854 51.6483133709
1855 52.7974340593
1856 62.3734962685
1857 50.8811416879
1858 54.2877611299
1859 53.6916146871
1860 53.430766477
1861 53.2563240907
1862 58.5883089329
1863 54.2325943576
1864 63.9555926933
1865 51.8791264056
1866 56.3228237925
1867 52.1605878658
1868 57.0531341565
1869 56.3166787933
1870 56.9716782464
1871 58.7520930372
1872 53.7530057212
1873 48.316609912
1874 53.6646251494
1875 51.5532192304
1876 56.499911817
1877 59.1765364146
1878 57.4833286656
1879 51.6380167328
1880 52.7878847011
1881 51.9802789965
1882 53.9729825966
1883 58.7644548088
1884 65.8640073545
1885 62.8816241654
1886 56.5196204752
1887 46.3077417279
1888 53.5011548836
1889 55.5270088377
1890 53.30180155
1891 52.226963536
1892 63.4500415385
1893 49.2109275137
1894 48.7429298626
1895 55.1394091855
1896 64.4348635347
1897 52.9442455527
1898 62.973666358
1899 54.0137571166
1900 63.3976442805
1901 62.5162068167
1902 56.4592503211
1903 49.3830667922
1904 48.9194682884
1905 61.6765174736
1906 55.1852931061
1907 56.7638248397
1908 70.3436235166
1909 62.027112433
1910 56.8992096332
1911 60.0509088769
1912 50.9391648053
1913 49.4733768773
1914 23.5762365968
1915 63.7790339261
1916 52.8337984837
1917 62.4724260059
1918 62.8929544635
1919 53.6799015795
1920 53.1036299721
1921 52.2387021406
1922 48.1657842317
1923 52.4740004778
1924 47.8636886963
1925 75.6710681067
1926 53.9777333008
1927 61.7730241907
1928 54.3815726964
1929 53.894361834
1930 53.3689901998
1931 62.2849013389
1932 60.8779339181
1933 56.245876281
1934 49.608763359
1935 52.1991743822
1936 67.0516921338
1937 47.5716709329
1938 59.4048021542
1939 52.8191137761
1940 57.4922460524
1941 52.1404173405
1942 67.7845755855
1943 51.6284315815
1944 55.6451951421
1945 65.209210737
1946 49.4187952975
1947 59.0937169254
1948 51.4818027265
1949 51.7545665216
1950 51.3894861271
1951 52.3959844253
1952 54.3679619867
1953 51.6951597053
1954 57.8347689644
1955 47.4337988496
1956 58.4560058482
1957 50.1154149644
1958 66.5769708691
1959 59.93929103
1960 51.3355629393
1961 55.4346944531
1962 59.6094374717
1963 52.7049950284
1964 60.494308778
1965 64.1326380746
1966 59.0328165967
1967 50.9424851049
1968 56.141445719
1969 59.5048409599
1970 56.6785252907
1971 52.9599539934
1972 57.1216546704
1973 50.4604598115
1974 50.1296880217
1975 55.0318797744
1976 55.7625944751
1977 47.995939098
1978 53.8891965944
1979 61.3891958493
1980 53.5602194961
1981 49.4969193461
1982 61.4948741619
1983 64.9649381972
1984 66.7385849415
1985 50.6012960478
1986 57.1720009155
1987 51.523555589
1988 56.5577557159
1989 58.3072253156
1990 50.6101194149
1991 54.2853514437
1992 65.6318521548
1993 54.4416178276
1994 50.146738493
1995 56.8329086108
1996 47.4802676854
1997 51.2491897192
1998 46.2172088531
1999 51.7987553574
2000 61.7864191234
2001 57.0163318347
2002 51.0173826077
2003 63.2958544114
2004 52.2765712061
2005 53.66521475
2006 49.6311004891
2007 55.3267380027
2008 57.9441622834
2009 65.6466005925
2010 53.6209665742
2011 50.8398746345
2012 58.2450748537
2013 54.6999924046
2014 63.6970092598
2015 54.9080678745
2016 55.2686100761
2017 61.3673569497
2018 47.3891020823
2019 61.43849349
2020 54.7722562945
2021 57.9795198614
2022 58.9234398572
2023 53.9787806832
2024 53.3532574741
2025 51.5722622652
2026 54.0028320403
2027 48.0993385595
2028 57.1203666085
2029 47.0582205655
2030 61.0467333598
2031 63.958106668
2032 56.5970756765
2033 46.9265886698
2034 58.4977632772
2035 56.1842067974
2036 64.8704523393
2037 55.1644613421
2038 64.5669498332
2039 58.4169379715
2040 50.4531939882
2041 56.7608019872
2042 47.0445842222
2043 60.3458958736
2044 54.6067795945
2045 54.1960553936
2046 59.7091010362
2047 54.9284506564
2048 46.1717376086
2049 57.9337970018
2050 52.5314695486
2051 54.2043906509
2052 44.7809278535
2053 62.6657082078
2054 55.1386939342
2055 54.0541059541
2056 58.1987036093
2057 56.125006864
2058 58.9654764402
2059 53.7319820415
2060 53.1524483557
2061 50.1471391725
2062 57.6287245491
2063 49.5721868319
2064 63.4241002281
2065 44.4140691375
2066 51.561933712
2067 53.1196159207
2068 65.1793419012
2069 53.9624594474
2070 50.3042317892
2071 51.0365383293
2072 58.1639868939
2073 55.6587729677
2074 54.4357890153
2075 52.6447654911
2076 53.4239086295
2077 51.1414547184
2078 53.6339022604
2079 54.0475745355
2080 57.4893396379
2081 50.764348255
2082 62.7879523155
2083 56.6125489189
2084 51.9396545581
2085 58.4338459519
2086 46.0996206688
2087 51.9074268042
2088 51.6610103176
2089 52.9244958662
2090 62.5460314668
2091 53.258110509
2092 52.0285053625
2093 58.5424192373
2094 49.3786741371
2095 51.7354754048
2096 51.5362997858
2097 57.6780299367
2098 62.848397944
2099 61.1324473204
2100 61.3850308374
2101 52.057951357
2102 60.1087727633
2103 48.9911648471
2104 63.2385731078
2105 57.2482579414
2106 52.8139112655
2107 57.2850491962
2108 58.2822720991
2109 46.1765590254
2110 52.3321385825
2111 61.930566359
2112 60.1469262911
2113 54.6232719256
2114 57.4686202076
2115 56.7871357996
2116 55.1931787505
2117 52.7695242657
2118 58.5759037011
2119 53.2907151679
2120 63.7353507638
2121 52.7712173539
2122 46.6036647355
2123 56.0210313025
2124 49.5585327744
2125 50.8603671786
2126 73.1631955629
2127 67.8913193749
2128 50.0984619007
2129 65.4124587297
2130 45.2348412498
2131 57.1634580633
2132 54.6528852653
2133 43.4392253065
2134 44.6393601539
2135 56.4455051568
2136 49.1049213096
2137 59.6188349036
2138 47.2178097036
2139 57.8922796229
2140 51.0895765941
2141 57.040145273
2142 52.9865555846
2143 57.6447636342
2144 56.5388062364
2145 53.5112399092
2146 53.0410842317
2147 52.9214199431
2148 56.8600857691
2149 59.8014224942
2150 46.5875026481
2151 57.1149998327
2152 58.0719180739
2153 48.0424012891
2154 61.1445337656
2155 59.2358053283
2156 53.9156584276
2157 58.7729166898
2158 58.0079918965
2159 57.9044998055
2160 53.8595325917
2161 55.942703331
2162 59.2789991121
2163 64.4645121474
2164 63.9972007099
2165 71.9113495761
2166 54.6237211383
2167 59.7101163214
2168 54.0013384694
2169 53.1781048295
2170 68.1540695752
2171 48.4514906737
2172 55.3022666943
2173 48.9089067205
2174 52.9706507962
2175 57.711207017
2176 64.9225024755
2177 49.8877156407
2178 47.6782938654
2179 51.6502867574
2180 51.2699588116
2181 66.7600364099
2182 54.364420249
2183 58.9191459145
2184 61.5924027008
2185 67.1512923402
2186 53.283132624
2187 43.3013070597
2188 58.0871803508
2189 66.3623355346
2190 61.8775866975
2191 51.2066498419
2192 52.6862989424
2193 55.5707312274
2194 45.2993056734
2195 55.8732213788
2196 51.6250954589
2197 61.4680537143
2198 51.296943126
2199 52.2050859541
2200 59.965522558
2201 49.0741929282
2202 51.3346482913
2203 54.6072024834
2204 49.9302147087
2205 50.8707039638
2206 50.1392487116
2207 52.998775772
2208 55.5825820669
2209 67.0236299305
2210 59.8477281352
2211 47.0913710077
2212 49.1917099807
2213 53.9385043486
2214 48.9139572171
2215 55.7477086593
2216 58.9382180136
2217 50.0642876461
2218 49.0634380659
2219 50.2635329855
2220 48.0581249736
2221 50.6501816724
2222 63.1864167325
2223 55.9294482545
2224 48.9051757828
2225 51.5375996892
2226 55.6717891499
2227 49.3612188293
2228 65.5471500444
2229 52.5948080051
2230 54.7390340741
2231 53.3264489393
2232 57.6995172257
2233 60.0562797075
2234 49.5908766783
2235 65.5141077258
2236 48.8873558723
2237 52.3004803868
2238 53.1306096455
2239 58.3849779813
2240 63.7250527627
2241 62.5959494457
2242 51.2702958436
2243 48.6225925767
2244 50.9071670595
2245 53.3654036366
2246 51.0333874015
2247 56.0763842975
2248 48.7627141546
2249 53.1252537346
2250 63.5678310766
2251 55.1012341635
2252 48.1881891734
2253 52.2700430592
2254 55.8120411971
2255 50.8994420933
2256 58.4317648971
2257 58.7957999289
2258 47.8046361129
2259 61.1600871929
2260 56.0077206296
2261 52.4185936955
2262 58.5804800515
2263 52.6746650125
2264 54.0524926136
2265 50.1930406474
2266 52.8414622982
2267 49.6413326944
2268 54.7234604817
2269 56.0741945178
2270 51.9350865817
2271 55.1085303677
2272 57.6216232855
2273 52.6991833409
2274 54.0033511493
2275 50.0177210084
2276 44.4411369896
2277 53.6337373307
2278 51.767855507
2279 70.612888912
2280 46.1838449798
2281 57.4182017031
2282 58.0456484847
2283 54.4496626843
2284 59.0702337563
2285 50.3733588068
2286 52.697124776
2287 50.6590431508
2288 56.1628334404
2289 54.6423351233
2290 49.1401314696
2291 53.748211998
2292 42.6745488262
2293 53.1283571562
2294 53.2512369463
2295 53.4708815875
2296 59.5766094547
2297 57.9715690529
2298 48.3269443292
2299 64.9170416783
2300 53.4960635853
2301 63.2841169004
2302 64.0851028713
2303 51.8875108508
2304 56.7188382256
2305 50.8211131984
2306 55.482379008
2307 53.337936563
2308 50.5186046904
2309 61.5123285142
2310 43.5779956947
2311 50.1224884484
2312 49.8750003183
2313 56.8153441152
2314 52.3238735762
2315 51.3836537182
2316 53.2924504782
2317 55.4214686523
2318 52.3812217864
2319 53.8279107178
2320 62.9306738977
2321 50.8085514087
2322 52.3450685989
2323 50.7061437132
2324 53.7389560225
2325 62.4865686773
2326 51.546686377
2327 60.3617141638
2328 51.2148712003
2329 49.3878675993
2330 62.5204705407
2331 54.917738643
2332 48.2608115795
2333 55.1502525629
2334 55.4104624833
2335 60.6888757056
2336 54.6675881275
2337 49.4938813339
2338 53.7801092814
2339 52.7310691684
2340 57.6279696759
2341 42.2295742391
2342 48.7362471267
2343 49.1961841852
2344 54.4402080157
2345 55.6176505529
2346 52.2402994003
2347 61.5819963001
2348 53.1362791326
2349 51.7404829643
2350 53.8033356992
2351 53.0325662866
2352 53.8608566344
2353 50.8560677302
2354 50.0048266281
2355 47.7515833698
2356 55.9102402502
2357 56.7907374974
2358 69.7733074079
2359 51.1375310071
2360 52.3973085554
2361 55.5944338972
2362 53.5105215282
2363 44.6923856155
2364 44.5053888663
2365 50.2152651355
2366 53.1362950367
2367 58.1137536676
2368 52.1189889641
2369 42.5280674445
2370 51.2797235398
2371 53.0914391792
2372 44.9962487676
2373 50.8674550272
2374 58.8060920462
2375 47.6128620415
2376 50.9145984729
2377 49.9099960072
2378 53.7168206224
2379 46.7652450006
2380 52.9220376309
2381 50.2722757245
2382 59.8116291747
2383 51.9806729182
2384 50.7112278022
2385 56.8731879314
2386 62.0720598629
2387 51.5041949924
