u s
1 60.5503587623
2 70.8781832176
3 64.4898292979
4 54.5469432422
5 52.7461073227
6 53.8464762212
7 53.1350593579
8 53.0359490168
9 59.82932804
10 52.271153003
11 50.4291943833
12 55.8131016563
13 57.3978593283
14 54.013185733
15 60.9356233499
16 51.106073761
17 62.7970607611
18 54.9836385134
19 169.271225725
20 54.0367636769
21 53.7900224703
22 51.0012635427
23 57.7208957751
24 50.4794841324
25 50.4924670705
26 42.7885585966
27 57.5885772162
28 61.8064862708
29 56.8387308959
30 58.3773563565
31 58.042582934
32 64.1475687985
33 55.9174202304
34 63.7507154251
35 49.8490674167
36 62.2253450883
37 59.5987529545
38 53.695998667
39 53.8827986323
40 56.8888616765
41 51.9446995336
42 55.0630888204
43 50.8309094846
44 51.4922810692
45 58.9825466878
46 50.3329547154
47 50.0854286576
48 57.0368119884
49 56.6595811634
50 51.393979375
51 55.5751489352
52 56.2431800613
53 61.1892995911
54 56.3728887936
55 156.513415218
56 64.1138145978
57 70.4741562121
58 56.0386746853
59 50.2525906403
60 50.6971372893
61 53.8472895544
62 76.1760126685
63 52.7301423063
64 60.5999844331
65 68.4018687794
66 52.3082298346
67 61.5218761739
68 56.7198064269
69 23.1015246644
70 59.3178536469
71 68.5028169515
72 50.1582987313
73 57.1830515367
74 53.3229659099
75 61.5673757421
76 55.9311015845
77 55.917655563
78 57.9910545006
79 51.3617723166
80 58.6057788854
81 57.8725423832
82 55.5089067531
83 48.2160783938
84 54.5140019549
85 55.0904796167
86 61.2913864134
87 57.0849629697
88 48.5704507397
89 61.3204227551
90 66.2665355896
91 55.698155197
92 54.5937636603
93 58.384730876
94 81.8857606148
95 48.0198601978
96 58.7006406641
97 53.520507717
98 38.0309953169
99 57.9642902693
100 54.280382626
101 57.3793125236
102 59.3461781656
103 55.3667673249
104 67.0803310683
105 56.1886615328
106 70.3095593467
107 46.1309853395
108 59.5014885276
109 57.6670363935
110 52.9726074159
111 60.9935718153
112 69.6735588079
113 64.4450497458
114 59.3452463226
115 52.3402449411
116 61.8828070569
117 55.1739782962
118 65.3074945275
119 56.8970642895
120 56.3525760666
121 59.0211098252
122 55.6753873771
123 65.4437233526
124 56.3943925226
125 56.7678194447
126 58.248513422
127 51.8914096797
128 53.1157604703
129 55.6697128447
130 53.6103494476
131 56.682792914
132 51.5139003698
133 66.4794857473
134 59.2890550387
135 58.8317356529
136 58.9812353217
137 56.8813656292
138 57.5669912301
139 53.7948464915
140 59.4389061431
141 67.9560636093
142 51.1986140345
143 63.0010966431
144 58.2931755453
145 62.8113752632
146 61.0193407338
147 57.8521055847
148 55.9132018748
149 71.4208081684
150 52.4490746955
151 79.5805614151
152 52.6714625199
153 52.3086480873
154 64.1842199579
155 66.8075636978
156 57.7391395517
157 61.6200791987
158 58.7825937707
159 55.2189879992
160 55.1811749412
161 54.5870629384
162 55.9312575005
163 63.8778137457
164 54.0022723845
165 64.7176915728
166 60.1463236128
167 62.1675082629
168 54.8234085412
169 67.3555751216
170 41.1697461605
171 54.7776526925
172 54.6714245145
173 62.8573632734
174 61.1143030558
175 57.0174622421
176 64.193244573
177 50.8865070075
178 53.8692587793
179 60.4774389174
180 64.5952910027
181 62.7181894213
182 56.0932621919
183 52.466405375
184 69.5404567721
185 60.6192062593
186 57.6359322916
187 41.8568338648
188 66.7365245881
189 72.0347740448
190 62.4805622529
191 64.9650817543
192 54.6808315223
193 56.6746850416
194 49.3778667246
195 54.2377325115
196 57.0414722251
197 62.9023465886
198 57.3175519347
199 63.5933282547
200 61.1509913994
201 53.8312554569
202 61.8150261764
203 70.8258495749
204 69.0123683872
205 62.0092578727
206 60.4742683354
207 56.439721748
208 58.8956280536
209 71.4341765655
210 65.1699454896
211 64.9604483778
212 66.7192116328
213 51.4222577365
214 62.1692581747
215 61.67556569
216 46.5640949265
217 61.2088102019
218 66.1791346342
219 61.116727513
220 65.1729054142
221 62.1558342375
222 57.8483948822
223 70.190850998
224 62.3531170297
225 61.5188241629
226 60.9163204587
227 72.4467190375
228 55.1194268128
229 60.8618111287
230 69.3142657704
231 73.5607933435
232 63.0433450878
233 180.59638843
234 61.544965368
235 60.1935197795
236 197.597083882
237 70.7506624935
238 64.0838765324
239 61.4117452729
240 63.1749338507
241 49.5705649229
242 60.2594878015
243 67.0639726849
244 59.3483384638
245 61.4517711241
246 64.5256420192
247 63.1252730676
248 59.3568149073
249 57.9312713264
250 48.3603191257
251 61.4542342831
252 60.2376911942
253 62.304554127
254 62.7199843385
255 71.3858047344
256 64.9953825821
257 70.9870817201
258 58.1521426317
259 57.5403986684
260 58.7395715494
261 58.8567797237
262 66.2068190481
263 42.0978715236
264 66.1609036771
265 58.5077622903
266 60.6286664415
267 61.4757412251
268 62.7601365852
269 58.4499011453
270 63.2481225359
271 82.0544591665
272 66.0381028239
273 57.8810460483
274 76.4633633509
275 57.3039074798
276 64.0949678352
277 94.1181998517
278 64.9878814201
279 61.3159968411
280 60.1642772913
281 64.0044919338
282 54.2147296253
283 58.9050394244
284 72.1833900208
285 62.3999274459
286 63.6238033547
287 68.8867967846
288 60.4536382175
289 61.5963351408
290 71.621818486
291 67.4298060635
292 65.9952586384
293 63.7591632163
294 66.7497356785
295 54.2372668507
296 60.4164078647
297 62.8712498918
298 62.493097746
299 55.1104072745
300 71.449330668
301 60.9828154839
302 63.4252732886
303 59.3121633977
304 60.0322695634
305 54.1327169383
306 69.5699762414
307 69.1064633257
308 64.8600420587
309 58.6687085513
310 53.0459862711
311 62.6841332519
312 53.4477785913
313 58.2678250389
314 68.4469985158
315 62.2630209282
316 72.1372605718
317 59.4144907581
318 55.3164957092
319 65.3232990403
320 65.8836746904
321 57.6741013648
322 65.7096338301
323 69.1364863593
324 78.474443917
325 58.2417453786
326 55.6896339041
327 56.1574880671
328 64.6121784231
329 52.8061721307
330 57.6639378746
331 48.8144641701
332 47.5892921757
333 61.8740826675
334 54.6867161293
335 57.5453727851
336 64.5960162918
337 50.683148444
338 50.571635454
339 54.7431577131
340 63.245926195
341 69.5413031767
342 58.2263557403
343 54.944904444
344 58.2073024575
345 54.9153000402
346 51.1281085312
347 56.767627263
348 62.6641254439
349 45.4628431482
350 61.4843275618
351 57.1522095888
352 58.5376054427
353 54.7226133108
354 55.2723286954
355 48.4730434312
356 64.8092447929
357 55.710597423
358 59.6174127932
359 52.6207858227
360 57.2457649242
361 44.2210674029
362 64.0917435569
363 57.2665952032
364 60.9348100926
365 56.7543068144
366 53.5382496889
367 58.8682615241
368 65.8121117952
369 44.0249476942
370 36.8401764763
371 89.2098757726
372 66.8396275321
373 61.8491624158
374 58.0710753448
375 56.3622567589
376 53.2162520202
377 52.0277005064
378 61.7254211433
379 63.974619366
380 54.0102884383
381 57.4549578306
382 57.4159574226
383 57.6826892127
384 54.5893029356
385 55.1442246934
386 52.6090140299
387 58.0827348862
388 52.2001355151
389 64.241770501
390 54.6892327426
391 54.1684422297
392 62.1476192421
393 51.5081142804
394 58.8500911401
395 54.7725123077
396 60.0303509081
397 65.0508832935
398 70.9747318807
399 65.2103649549
400 52.9165744407
401 54.8036081238
402 66.3201637662
403 59.4544320173
404 64.9137218193
405 62.4452900888
406 58.5473821387
407 54.785499897
408 51.8780363871
409 56.636561773
410 65.3739182913
411 53.9868783887
412 61.2712616862
413 72.625819882
414 58.2795150632
415 58.1506637804
416 56.6810753775
417 62.4424209029
418 51.3166691036
419 58.162982284
420 55.8884364943
421 70.3569465193
422 50.9177996416
423 77.8834339092
424 66.3829283293
425 61.2734670639
426 61.1148779217
427 55.1922896461
428 54.2333677748
429 64.2127034727
430 49.3528434287
431 59.7103887847
432 60.9275078666
433 64.4969986518
434 60.3598827622
435 73.9395738882
436 57.639124534
437 65.9521331351
438 64.7364420966
439 63.2994823414
440 51.8715543806
441 61.5290613695
442 51.1483794393
443 62.0572652221
444 64.5145961937
445 58.0661615145
446 52.0984892805
447 56.799516665
448 54.3078079258
449 63.0379876182
450 65.3192043813
451 52.5748597096
452 62.5423213349
453 66.6622455293
454 54.8460229129
455 54.0176858189
456 58.4905315242
457 67.9377440907
458 51.5916171013
459 52.6397778325
460 60.8432456468
461 47.8225309134
462 52.258400716
463 51.0705346833
464 58.369499977
465 57.8048175942
466 60.2950764364
467 49.9341135109
468 58.6590394267
469 65.4454295427
470 59.2843793679
471 85.7158606171
472 53.9585890625
473 52.8927630698
474 50.3454067197
475 49.6885718154
476 46.9417382947
477 50.3614339193
478 51.3788915616
479 63.3820989373
480 47.221105708
481 55.3576936349
482 50.9025069235
483 54.6176429676
484 52.2452591242
485 47.5064812501
486 47.937122038
487 48.9386077341
488 41.0190987973
489 58.628375208
490 35.9648527207
491 59.935707793
492 52.7083582886
493 53.774467704
494 50.6308211514
495 55.6034970274
496 51.3359786341
497 54.7950497311
498 47.3246484898
499 53.6117840643
500 59.4931878976
501 55.4394826727
502 50.9074654837
503 50.5865569673
504 52.0070630019
505 60.8845288664
506 50.183279338
507 53.229317187
508 48.2592699211
509 55.0168795278
510 53.4102796771
511 48.4141441701
512 49.2599840435
513 51.1074108743
514 67.3727703811
515 59.6227778917
516 53.155699853
517 50.8343103285
518 59.2180459203
519 55.562630017
520 57.4757742579
521 53.1647617182
522 43.323035186
523 54.1410579019
524 54.4351473084
525 47.297306359
526 54.773139333
527 56.0254197708
528 57.7651241844
529 62.3848738163
530 46.2444218892
531 61.4400978003
532 58.6657736132
533 79.6275458049
534 62.9434285936
535 46.8125109695
536 52.7215735433
537 52.5627532844
538 55.8943118158
539 49.6250819166
540 54.8649339303
541 45.2774698149
542 56.4289335593
543 56.8865514182
544 53.3132908419
545 60.1347177643
546 55.598469313
547 57.5805368211
548 59.4565804232
549 46.1917861671
550 54.229624612
551 55.9939479252
552 58.6046825191
553 55.6387084543
554 66.2532770715
555 47.2218546116
556 53.351836723
557 50.7673733286
558 59.2191156328
559 54.2735906514
560 62.7083720528
561 64.1766113104
562 44.1072364972
563 53.3469761755
564 62.1884757005
565 51.2309562232
566 53.1914945773
567 54.4147905588
568 55.6609989437
569 51.2244719749
570 58.4567076402
571 54.8350838279
572 56.7244461115
573 61.9923479843
574 63.0331500754
575 46.7547997213
576 67.7256673079
577 61.8988546013
578 54.4608057296
579 53.0201897068
580 50.206530067
581 55.8352164848
582 56.598654565
583 48.9882991121
584 55.8204466157
585 72.3617073863
586 66.6030271104
587 74.8301207556
588 61.1297916137
589 68.4279690892
590 71.957386683
591 53.9863665658
592 63.5422474453
593 71.1979749292
594 76.4180511055
595 62.2338401182
596 65.2605858267
597 69.1107096454
598 62.9650406842
599 65.7517550001
600 68.1655433562
601 63.3951411707
602 57.4911826867
603 61.3502037418
604 65.956274518
605 61.0418182447
606 60.1337626072
607 69.0623998144
608 63.670470369
609 62.1089493971
610 38.1972039259
611 60.3291756264
612 65.8828167299
613 60.4315431595
614 64.0800334711
615 65.0049626735
616 64.6401635138
617 84.1561812109
618 64.8840630978
619 52.3989338965
620 60.6956121972
621 62.6581236039
622 70.3900705185
623 63.6562339987
624 63.2931665434
625 64.446347734
626 66.2271695514
627 63.8193429095
628 61.7253338454
629 62.2668500654
630 64.8298909876
631 72.3972536659
632 66.9582571563
633 78.2240296962
634 54.4405245361
635 60.2939949982
636 63.6214753377
637 75.358147904
638 62.9852283725
639 63.8731600214
640 60.5422789621
641 61.7420256909
642 68.6456846375
643 63.8687340505
644 65.2656813119
645 64.8043734979
646 72.8503731332
647 58.8932796957
648 64.6796630857
649 64.4103131112
650 72.8860069608
651 60.5805450318
652 57.5605302287
653 58.1295346105
654 56.0867988852
655 63.5417333823
656 62.4006225963
657 65.5773989352
658 63.384693561
659 57.215154441
660 64.251035946
661 60.3681679594
662 53.7821749391
663 59.6225832396
664 52.0730042043
665 55.1630238305
666 64.0742850186
667 80.6920966507
668 58.1599539082
669 66.542415809
670 60.6767096024
671 55.9272197061
672 73.4795520741
673 55.7869441602
674 60.0849646848
675 53.4750719932
676 57.3456452182
677 87.4302272272
678 55.1511207572
679 56.5047338875
680 59.93802868
681 56.9148781158
682 54.7671770167
683 55.7987318129
684 55.4363966485
685 54.4344000406
686 55.7259776217
687 56.2199583152
688 56.3768501339
689 52.4184685808
690 56.5324595359
691 51.6967634999
692 55.159690004
693 56.1246679536
694 57.6767480977
695 64.767663679
696 66.8155344835
697 55.456403658
698 60.9392465086
699 55.4833836865
700 58.5525607404
701 50.8731227292
702 61.5356997718
703 59.2390817925
704 53.2638110091
705 66.554276229
706 55.5055730805
707 52.1369656667
708 77.1118182363
709 72.4400588263
710 54.7110568864
711 56.0576715874
712 54.3897146804
713 57.2029337013
714 63.02763067
715 53.3680112354
716 67.8023221491
717 53.4610108474
718 56.8527962304
719 59.7963293779
720 61.4919912816
721 57.6918491704
722 60.4789512623
723 56.025903538
724 48.4131468953
725 54.3535725707
726 52.4726109684
727 60.6678620178
728 54.9959958937
729 51.1804038913
730 50.99693256
731 65.7446758963
732 53.6080405257
733 58.2519288888
734 62.197398124
735 67.6626804773
736 54.4679902889
737 53.798849252
738 61.3025715231
739 56.5845761133
740 49.6252992073
741 56.2493889887
742 55.6773430692
743 55.0296951504
744 55.4513860538
745 60.9367240851
746 83.9025410217
747 49.6309337354
748 59.9373607246
749 57.8637284093
750 60.8515705449
751 56.1360573924
752 51.1490979779
753 68.3272704721
754 58.9825056241
755 64.9654339413
756 58.9993468417
757 72.9870226649
758 50.6452498858
759 53.303773555
760 53.4406350518
761 59.4914730024
762 53.2160571244
763 54.0136527075
764 54.8398328062
765 59.1397161986
766 55.2848936801
767 63.5699642462
768 50.2254083209
769 54.0384436301
770 55.4862787621
771 54.1800916709
772 54.8250024935
773 63.7381485799
774 56.3644914326
775 57.9514810041
776 68.4154026283
777 54.8943329469
778 57.0375919834
779 56.6578349116
780 59.988073303
781 53.3125342041
782 61.3637423026
783 61.0859708913
784 67.4402366105
785 57.7920280973
786 60.4078614087
787 64.5669190615
788 58.859304857
789 54.7339299678
790 61.9592318082
791 57.6102659856
792 59.0353977036
793 71.9105446175
794 59.2714053243
795 61.8788561295
796 57.2819216518
797 61.5588056976
798 60.0806116271
799 57.9918392661
800 53.9433127413
801 62.3337761949
802 64.5693473386
803 60.2184814856
804 79.813592537
805 59.3588872508
806 59.4592819916
807 62.7816158425
808 70.1215069606
809 61.3306139888
810 61.135603499
811 58.8221614637
812 68.6012186414
813 53.6395298172
814 56.3158920289
815 51.9977016774
816 44.6415330237
817 61.9814339464
818 75.2780613732
819 58.8081605215
820 55.4209971944
821 53.0720756166
822 53.8105319231
823 59.8072381839
824 57.7562792369
825 57.7008892545
826 51.6728491771
827 54.5314959272
828 66.6106360256
829 59.7635015367
830 67.8755445893
831 64.752968542
832 57.4305211478
833 64.4152253041
834 59.1641714887
835 60.0467175419
836 54.7790326437
837 62.5789838185
838 60.8649311879
839 69.7459289473
840 63.4431961682
841 66.7199413014
842 58.9334238055
843 59.7941287353
844 66.0569379276
845 51.8736621609
846 62.4082003654
847 67.8742930865
848 54.6219673902
849 57.254264964
850 61.0786788879
851 57.3250840815
852 57.2117171946
853 53.9988248131
854 54.9638521706
855 57.2330478776
856 61.7991361243
857 55.8953644058
858 50.8485907823
859 65.9339305884
860 55.3642812244
861 56.3451097271
862 54.3485352564
863 51.6819139293
864 52.1838269115
865 53.3684849645
866 57.3977949181
867 62.590117313
868 54.9198333152
869 53.4988147059
870 52.2067627343
871 61.9790212694
872 55.0955214721
873 54.2535206113
874 54.4293109563
875 53.2770004779
876 59.0417057824
877 55.6471732494
878 53.4024906568
879 53.7018291258
880 69.1475783067
881 61.2393009671
882 50.5409687167
883 55.5886284752
884 53.0752849849
885 50.8934627324
886 55.6780236768
887 52.8783630271
888 60.8085091917
889 56.128664191
890 58.4528227476
891 52.3412801493
892 79.2566123417
893 58.5982022537
894 53.1649785933
895 59.3253242083
896 59.4504575068
897 50.5636608282
898 63.1661584629
899 57.3712051895
900 61.3860470658
901 51.3432152414
902 56.073576299
903 59.3280050909
904 55.6852276049
905 65.244626997
906 56.83801631
907 55.8234311007
908 57.3243553609
909 61.8833998382
910 56.8127589759
911 57.674211083
912 82.6635053405
913 59.4274728329
914 59.074557867
915 60.6781340702
916 65.5782352456
917 55.2252141559
918 58.4001473194
919 53.7002034796
920 57.9904794518
921 59.9555209686
922 57.2022803798
923 60.0087512374
924 60.3655334069
925 72.8729780974
926 67.2732652492
927 58.9327054991
928 75.976516291
929 56.753339856
930 60.6548815152
931 64.1128916983
932 59.4105198796
933 54.2850647999
934 57.9916493466
935 65.4618456389
936 65.7818294867
937 59.2781534003
938 70.7304805998
939 62.7375352141
940 65.1660541035
941 55.743373869
942 63.1498267854
943 61.0774978673
944 57.0469551283
945 70.5152329536
946 55.9343928876
947 60.2733700594
948 66.4958475498
949 53.9371913747
950 69.2138483151
951 59.4229335146
952 70.6086694253
953 58.636066288
954 57.8246594638
955 68.7796304119
956 69.5640167819
957 60.7417498981
958 57.6811010804
959 57.0447193331
960 64.2878737316
961 63.6248188998
962 57.0519221939
963 64.9327802475
964 57.1188224957
965 58.7917163221
966 54.2304023589
967 65.019289736
968 55.2309939983
969 59.9650526497
970 62.6751571927
971 48.2093554357
972 51.7960443724
973 51.2051946224
974 49.5475336262
975 51.7269274385
976 58.056413762
977 73.4696307107
978 48.9348593581
979 56.1448539339
980 62.2412466351
981 51.673940856
982 57.5778003368
983 52.1247418891
984 51.6764924104
985 64.5615205884
986 55.3131855897
987 65.8071657103
988 59.4436582057
989 58.5133581907
990 51.9298618617
991 69.0884982616
992 50.0707999842
993 57.6240190536
994 48.5646241071
995 54.3392502149
996 70.7534844891
997 67.9416162914
998 62.6098174807
999 47.2182243054
1000 49.9409247805
1001 60.5524592407
1002 57.464827452
1003 49.8570239709
1004 57.5179967804
1005 55.8952916884
1006 57.2747646981
1007 56.6507519096
1008 73.9300884183
1009 57.5705261338
1010 57.7949876785
1011 55.3233714925
1012 62.6058497423
1013 47.0802284681
1014 51.9190105291
1015 58.1464410309
1016 54.3083948419
1017 50.0188621863
1018 57.9530883024
1019 54.6981631717
1020 57.0019220234
1021 48.412976157
1022 61.1554616881
1023 63.4698570866
1024 55.343584875
1025 47.9247547395
1026 49.7301225692
1027 51.2553797821
1028 53.4470282789
1029 53.3292291153
1030 60.2633732846
1031 52.1525230698
1032 54.3396210595
1033 50.631358531
1034 55.4231444028
1035 62.4849705494
1036 58.4299086939
1037 54.575818043
1038 53.3934287497
1039 68.8804737109
1040 56.8308802318
1041 51.822256361
1042 55.4641997156
1043 54.2469399934
1044 54.236862656
1045 50.9105893689
1046 55.5823168292
1047 64.0275939162
1048 59.8086791369
1049 52.3819588409
1050 61.7416858442
1051 54.9202685629
1052 57.3364735301
1053 60.0662862939
1054 61.5456870777
1055 57.0901040374
1056 69.4782660512
1057 58.7313952702
1058 54.538218981
1059 57.1443313246
1060 58.8018288168
1061 56.9905023306
1062 67.7655602539
1063 52.4228372495
1064 56.84475084
1065 60.851962755
1066 52.6504259041
1067 53.9131505522
1068 53.4396145143
1069 54.1412072864
1070 51.0328408348
1071 54.5064996271
1072 61.7353915178
1073 54.597560263
1074 65.8389801641
1075 63.3360709749
1076 56.1718511269
1077 63.1663563288
1078 52.4714604048
1079 76.8054209986
1080 61.4204932134
1081 58.8688203278
1082 53.1160408733
1083 81.7256450996
1084 52.5259954946
1085 59.2712337683
1086 50.3717614182
1087 55.7871426847
1088 61.2498043139
1089 56.5041517007
1090 63.9748892306
1091 54.1885834212
1092 62.367317756
1093 68.1965516794
1094 57.2419739467
1095 66.6688446703
1096 57.6944368344
1097 60.7343761672
1098 52.2806878655
1099 53.8481309966
1100 66.0433408429
1101 51.1601298627
1102 53.7431015565
1103 50.918408088
1104 53.563274108
1105 57.7193184226
1106 57.2889487085
1107 56.0480344515
1108 66.1307123691
1109 61.3037391613
1110 58.4808528177
1111 52.1003008741
1112 57.8098503515
1113 54.4553593095
1114 53.8071675392
1115 58.9482991416
1116 52.2503256976
1117 50.7754809574
1118 54.8282524625
1119 56.3309039127
1120 53.7268329977
1121 57.0923817702
1122 49.3280902834
1123 52.1943528727
1124 59.6041020669
1125 55.7301700315
1126 60.4400170364
1127 59.1676692487
1128 77.9358970366
1129 57.4103302978
1130 53.6140891271
1131 55.4553352558
1132 70.6526487466
1133 50.5468373437
1134 56.4660945401
1135 61.645767472
1136 57.7058310255
1137 51.9120397115
1138 60.7005283765
1139 55.3990704718
1140 51.8309850307
1141 53.962598517
1142 56.2151712503
1143 57.7486790385
1144 64.7026196709
1145 60.6519328937
1146 56.4499812788
1147 53.3453557071
1148 52.7955034051
1149 51.0340200762
1150 47.5842670985
1151 56.9700544973
1152 59.6821564147
1153 54.4020580422
1154 53.5726340978
1155 57.8670063695
1156 56.7680894904
1157 72.1192306215
1158 50.4961735927
1159 49.3920667565
1160 72.9865029936
1161 53.6062476805
1162 55.8495825538
1163 69.6483143509
1164 54.0048636362
1165 57.2660512112
1166 53.9592032983
1167 55.2438157909
1168 67.4462716452
1169 55.0855998425
1170 71.9923757345
1171 58.2101093881
1172 61.1741561013
1173 55.5675618453
1174 55.6952395039
1175 66.6128015601
1176 60.9974030936
1177 59.9083371029
1178 57.8152370077
1179 66.5709448376
1180 59.2037217073
1181 62.0766591978
1182 54.4874211299
1183 55.3748275343
1184 56.2730977756
1185 60.8097073325
1186 57.815185098
1187 53.1979114939
1188 56.9579414755
1189 63.8558250366
1190 58.202037348
1191 63.6099099035
1192 54.1821379062
1193 54.1701997821
1194 55.2513594107
1195 67.6307047788
1196 65.8730643425
1197 58.197156463
1198 60.5944530234
1199 64.2352137145
1200 85.8933637792
1201 50.1905974949
1202 57.3089398432
1203 63.7696428846
1204 55.1641617036
1205 67.4330710395
1206 54.4550864457
1207 57.8417983272
1208 53.509530734
1209 58.5751849372
1210 62.1785636521
1211 55.8020875359
1212 64.7252466816
1213 75.2071838769
1214 61.0155348049
1215 65.0635645334
1216 63.3148806671
1217 59.2580283976
1218 54.9976644026
1219 58.0069323135
1220 51.7464039379
1221 55.0440743134
1222 57.5236388426
1223 52.4324354553
1224 55.8178614642
1225 52.6297747421
1226 55.0072022884
1227 72.0602894081
1228 55.9945859755
1229 55.551808266
1230 54.6111449291
1231 62.9357948233
1232 71.9778223318
1233 50.8148251081
1234 66.6303383847
1235 64.0307533922
1236 55.2268394865
1237 63.121596404
1238 78.6732826445
1239 55.7763791397
1240 63.0350578814
1241 57.6440151438
1242 66.3583836811
1243 52.9040223726
1244 62.1134963622
1245 66.3441315229
1246 50.7832082091
1247 60.2041368375
1248 63.5206235783
1249 62.1666703248
1250 60.3546460538
1251 59.0618698863
1252 60.2862943206
1253 59.727386479
1254 60.7079630797
1255 47.8816322007
1256 63.2286808448
1257 59.6872275369
1258 62.4912924345
1259 71.2294101956
1260 24.1491373357
1261 74.0592071008
1262 55.1854610411
1263 60.7838732652
1264 71.6249872198
1265 64.3040613056
1266 56.6676032732
1267 58.7944773802
1268 65.2396519359
1269 80.2082558782
1270 64.7349850349
1271 64.0162797365
1272 52.8259717178
1273 60.0818426871
1274 58.3089326073
1275 49.4020249904
1276 68.3520881468
1277 69.6451626979
1278 59.7759882023
1279 63.9508425506
1280 61.764880197
1281 60.4455523803
1282 63.825855667
1283 57.3070552648
1284 72.4722610352
1285 68.2227061874
1286 61.7774252514
1287 61.7433035949
1288 60.1494307565
1289 65.8067633147
1290 58.8542699047
1291 82.8473388829
1292 54.1974999247
1293 68.0096026936
1294 61.0256114144
1295 58.6345550734
1296 74.0459759259
1297 53.2673802498
1298 67.6028661122
1299 52.6471985596
1300 65.3633008614
1301 55.0428771549
1302 53.7049676113
1303 49.4690614324
1304 57.5697768864
1305 65.9191262604
1306 58.8259948535
1307 72.8163474898
1308 59.8424697368
1309 59.2400654624
1310 56.694813823
1311 56.3394356462
1312 67.419681229
1313 65.7768327864
1314 56.7939619063
1315 63.1054278444
1316 72.7084859206
1317 61.4163054474
1318 59.8964531253
1319 82.7041510845
1320 61.104628238
1321 59.9379407569
1322 63.0225848675
1323 62.6298809456
1324 59.8170182421
1325 60.767475006
1326 69.6078198287
1327 49.9070073195
1328 65.9853381529
1329 52.399004627
1330 63.0331955894
1331 63.2245728894
1332 67.6482464465
1333 26.8150071744
1334 59.0222863718
1335 58.4748401269
1336 58.9273083978
1337 66.2826210156
1338 64.3379906279
1339 58.5726008501
1340 61.5410532572
1341 57.3868593534
1342 59.4797585326
1343 54.7534998007
1344 62.8777111602
1345 61.6267109104
1346 64.7304983016
1347 61.9169673969
1348 64.3966833579
1349 63.6591428877
1350 60.2491243893
1351 66.3624490943
1352 57.317151258
1353 57.2633633727
1354 71.5069978684
1355 60.9989270886
1356 64.9921037303
1357 51.8825946581
1358 62.7839272883
1359 61.1813751218
1360 52.2641180319
1361 49.9988690696
1362 50.6833890925
1363 48.3054021143
1364 47.1517706268
1365 62.7634026461
1366 53.617604483
1367 61.9873660826
1368 58.9770495638
1369 52.6779925363
1370 52.3971901207
1371 51.2431823675
1372 53.2285061727
1373 78.9260921283
1374 59.7921203514
1375 51.2913091436
1376 42.5582529957
1377 61.920517283
1378 47.9520191349
1379 49.3928948266
1380 53.355222204
1381 53.4262539516
1382 59.2711998956
1383 60.2865667785
1384 55.5884470574
1385 53.1627644267
1386 52.467087274
1387 58.9877855432
1388 52.1823893392
1389 48.6714150048
1390 49.7195973569
1391 50.2096331157
1392 55.8705747036
1393 51.2031202096
1394 58.348058475
1395 49.710551027
1396 51.4972490171
1397 57.5366055945
1398 54.7584377633
1399 59.4722435269
1400 55.9140749954
1401 53.969516212
1402 55.625437166
1403 54.2538648933
1404 54.53472553
1405 49.7320446665
1406 52.3444853561
1407 61.6978391153
1408 52.0039610002
1409 53.2060508856
1410 59.1375650318
1411 68.8285798844
1412 51.1511572574
1413 51.1703366514
1414 58.6156876057
1415 52.6751306423
1416 50.0864380914
1417 52.3285828299
1418 57.0544981092
1419 46.4522755395
1420 58.6849066727
1421 57.6316942658
1422 52.4413812217
1423 53.3907274428
1424 58.1132641735
1425 60.3948664088
1426 56.9952782995
1427 55.2170689117
1428 65.46742639
1429 58.4326436625
1430 46.8488603506
1431 56.2744391144
1432 60.2219321201
1433 61.2416869511
1434 65.9028100594
1435 58.0294648763
1436 59.2658055966
1437 57.8038700784
1438 58.1152544906
1439 63.1984913377
1440 41.5556736328
1441 56.6771160324
1442 61.2978894503
1443 59.3931103697
1444 51.0722709058
1445 63.2575815571
1446 58.450436659
1447 60.8135417147
1448 57.2741258253
1449 56.6747423617
1450 81.4120497433
1451 50.2502734794
1452 47.9099304664
1453 44.2175760334
1454 67.6360064972
1455 66.16074197
1456 66.0801084731
1457 62.2651493567
1458 58.3730840391
1459 58.1027913049
1460 52.9236396214
1461 62.1744235129
1462 94.5052855373
1463 57.1982067722
1464 63.0088049064
1465 62.2624679087
1466 52.5761402201
1467 54.8073957866
1468 50.4227644672
1469 57.2422955256
1470 68.5056112114
1471 60.9751991915
1472 69.8608636661
1473 59.4009245222
1474 92.5953949546
1475 61.7707330251
1476 67.9140550594
1477 53.3165935617
1478 59.8584303886
1479 61.5011960724
1480 54.5569680772
1481 56.0629896606
1482 61.1645745446
1483 57.8001117677
1484 47.2341125113
1485 59.5965835851
1486 60.7891114073
1487 59.3298464188
1488 48.6590608105
1489 58.1521147833
1490 61.6968960276
1491 51.8587729272
1492 55.298688536
1493 61.7041811804
1494 61.0432290462
1495 55.2540242351
1496 52.4851756136
1497 54.1617385518
1498 60.4559597044
1499 53.792598663
1500 61.1560066767
1501 60.2134292363
1502 55.3321627846
1503 57.2226225191
1504 54.6926530264
1505 54.0257774758
1506 68.2955134402
1507 70.1629872383
1508 64.0336084799
1509 55.3106478846
1510 52.9955931722
1511 54.0597608205
1512 53.5287556847
1513 54.0021574947
1514 58.8275001211
1515 89.9517454472
1516 58.8655720421
1517 36.3653970558
1518 63.9305119515
1519 67.8077187879
1520 52.9751957931
1521 52.1753190217
1522 63.1183200013
1523 56.7900126278
1524 57.4180570075
1525 54.6146444564
1526 53.5849029633
1527 56.7335282978
1528 55.9618631835
1529 58.5919581908
1530 53.0998865429
1531 55.5137015666
1532 59.8239556044
1533 55.2202201308
1534 44.8607673681
1535 55.2130568742
1536 57.1474350595
1537 59.3141946724
1538 56.5530038561
1539 55.1412003185
1540 65.0039856917
1541 49.4281489456
1542 55.4943016449
1543 54.9826955929
1544 51.6869392481
1545 57.4187746908
1546 56.2970771368
1547 55.4833997201
1548 55.6201167133
1549 64.7341115836
1550 54.3771773438
1551 54.687521455
1552 57.9436296127
1553 61.5370368163
1554 59.1432726133
1555 57.160103486
1556 47.1383934291
1557 57.4978063525
1558 56.2876663087
1559 54.5637353035
1560 73.3921438024
1561 57.2937674857
1562 61.3718965716
1563 64.7163207994
1564 55.3009623951
1565 54.8824016482
1566 59.4712938548
1567 67.8224847995
1568 59.4510032524
1569 58.2527732491
1570 56.7093084539
1571 48.7295081572
1572 58.1425174083
1573 52.2740294819
1574 56.5340801774
1575 48.9664868356
1576 59.3525882532
1577 56.8261976027
1578 59.9656664469
1579 65.1578519581
1580 58.54548927
1581 57.8402610452
1582 59.8160314504
1583 54.1356384873
1584 58.6550612336
1585 59.0014266234
1586 59.4574671263
1587 60.3239544508
1588 59.514467823
1589 65.1197735029
1590 58.1981205364
1591 59.8358752956
1592 61.6587433267
1593 57.6194433688
1594 56.2419865626
1595 57.5985891482
1596 61.3668117849
1597 60.8304199379
1598 58.2433980487
1599 63.7324398756
1600 58.5173431106
1601 58.2479244822
1602 55.0024403461
1603 34.188574432
1604 51.1460463751
1605 57.8335671366
1606 57.1649766681
1607 56.1500353433
1608 57.0456786825
1609 48.4382269338
1610 66.4840721676
1611 56.2885960692
1612 48.4093913758
1613 56.6432311634
1614 54.03498267
1615 59.7962893131
1616 56.2441032263
1617 74.8759451258
1618 73.6349495379
1619 69.3574903137
1620 67.4575074859
1621 72.3744820705
1622 68.3309173733
1623 66.8795779204
1624 66.3876777606
1625 72.9179268264
1626 67.6624073943
1627 62.0502667334
1628 42.7804019826
1629 62.7551919005
1630 78.1154201603
1631 69.9995502114
1632 67.7797986927
1633 72.967315471
1634 69.1896101754
1635 71.7375860855
1636 72.5979182369
1637 68.1217640864
1638 75.9664380224
1639 74.8051507204
1640 70.5078181174
1641 77.2963591214
1642 62.0992025705
1643 76.924198807
1644 66.5056242149
1645 67.0265712174
1646 76.7033762829
1647 87.2703732773
1648 68.8188316636
1649 61.6640469436
1650 68.8609553343
1651 73.7077369027
1652 73.3956405018
1653 85.1569980439
1654 62.5135277086
1655 69.4046911503
1656 81.2232003171
1657 71.9437710372
1658 77.470596954
1659 71.587219991
1660 70.3069683828
1661 53.4359445014
1662 64.5176040052
1663 71.1569263063
1664 68.6687766606
1665 66.1579765957
1666 64.5281143883
1667 71.9123112764
1668 81.9158775133
1669 72.3048608968
1670 72.534316086
1671 79.1486730274
1672 74.5713648177
1673 68.8541040101
1674 88.5293315913
1675 67.4492099947
1676 74.4396344438
1677 80.6972209343
1678 61.6760703209
1679 62.9101722848
1680 60.9997170211
1681 64.811621487
1682 62.5296155763
1683 59.3065196255
1684 64.6167043743
1685 56.231913752
1686 58.126641817
1687 65.0976048182
1688 59.4672973241
1689 57.820405657
1690 56.9563006583
1691 58.7489435749
1692 56.450639068
1693 61.9752942894
1694 61.4428736756
1695 57.2380624493
1696 69.1069839658
1697 53.6135201525
1698 61.3576316301
1699 79.3789085448
1700 62.6413972986
1701 55.3953027162
1702 56.6135896172
1703 53.6489207911
1704 58.0938217419
1705 59.1990055372
1706 55.7473058797
1707 57.4331782111
1708 65.4947856482
1709 68.2345375787
1710 58.8171890904
1711 54.8365374116
1712 55.6580917384
1713 56.8208731262
1714 59.2315505693
1715 55.8353166806
1716 62.1555439732
1717 56.378011529
1718 55.6123717585
1719 58.62591079
1720 63.2367873913
1721 55.29277684
1722 55.2200513546
1723 72.0512384421
1724 59.8095204166
1725 65.5008521401
1726 59.682352234
1727 53.4773812807
1728 55.9904551594
1729 58.0880895108
1730 55.6809527532
1731 60.1948907675
1732 61.4249935825
1733 61.8372913829
1734 58.953642491
1735 66.3463204068
1736 65.043453028
1737 60.4399349721
1738 51.8247816442
1739 57.56874231
1740 66.8175912904
1741 60.6523411038
1742 61.24586441
1743 63.3820847028
1744 73.1485071254
1745 56.6166548061
1746 59.1655845128
1747 50.6460738113
1748 62.320906753
1749 67.9711026819
1750 82.2071142624
1751 57.4521503652
1752 54.8991557213
1753 54.2456311769
1754 63.380129881
1755 51.9670546991
1756 58.0280075751
1757 54.48603871
1758 56.7450591548
1759 52.5871198238
1760 60.6505344761
1761 51.8033358851
1762 59.7523816035
1763 55.0642349714
1764 53.3029722502
1765 58.8714594265
1766 51.8709263897
1767 52.8319602088
1768 64.1116233795
1769 55.4884897757
1770 71.2795079876
1771 55.7478788417
1772 54.3364507867
1773 55.1455125975
1774 54.402009778
1775 56.4563234206
1776 49.1988073443
1777 52.3806935047
1778 51.8101411381
1779 55.3662939246
1780 63.136714284
1781 58.2145506649
1782 58.3533650494
1783 51.6443407999
1784 60.455666756
1785 64.3994182877
1786 55.1848188812
1787 59.4628956728
1788 61.9123626423
1789 52.7581335304
1790 62.8446737846
1791 54.7207796201
1792 55.733558716
1793 58.3602639097
1794 51.0348009489
1795 54.5306812375
1796 58.8094246632
1797 65.6404298055
1798 52.8575969138
1799 53.8908971561
1800 52.4163291345
1801 53.1165342826
1802 59.8206171278
1803 51.9133894833
1804 55.1130719681
1805 59.6425337858
1806 50.6830843352
1807 58.465139167
1808 56.9046581278
1809 68.5895159084
1810 56.0647027139
1811 60.1451357046
1812 44.5069423793
1813 59.9832185177
1814 54.6608349127
1815 48.8646666905
1816 54.0433759502
1817 57.2181449674
1818 60.3502729065
1819 52.382658946
1820 59.6077646762
1821 49.2604622041
1822 62.4789798439
1823 56.8485559082
1824 47.957086298
1825 53.2057431162
1826 60.3362259197
1827 54.0404682071
1828 60.0221710744
1829 52.9986154571
1830 59.9100396522
1831 65.1982518372
1832 57.8750891908
1833 59.6722931507
1834 59.4690536944
1835 58.2756989808
1836 32.419008651
1837 59.9362968273
1838 60.2762354683
1839 65.6656155302
1840 42.657093612
1841 59.9271729289
1842 59.5877492601
1843 54.7373604932
1844 50.5129169553
1845 56.4625833444
1846 60.9860483373
1847 51.5414180057
1848 58.7751343766
1849 57.9691002029
1850 59.6814467827
1851 56.471501685
1852 54.0871100772
1853 43.4735086566
1854 65.0243185204
1855 64.3251823837
1856 73.5570086155
1857 57.3138709228
1858 44.3900424461
1859 55.6580070678
1860 56.7716464206
1861 60.8861659784
1862 60.4186494699
1863 60.5458874321
1864 54.7897954873
1865 59.4266405049
1866 62.3683777629
1867 62.0623343692
1868 61.2095563889
1869 63.6993677473
1870 63.4231597619
1871 53.7299066097
1872 62.5168606049
1873 54.7487156225
1874 68.966547629
1875 65.0433167453
1876 67.2648378631
1877 64.8588831791
1878 63.3858113946
1879 61.1578499833
1880 61.3756530586
1881 58.329028259
1882 61.2834125455
1883 74.1963017134
1884 75.936634711
1885 55.4350931803
1886 60.8458243358
1887 56.9057433947
1888 58.9368309297
1889 62.0006744916
1890 59.5311737281
1891 57.9199895492
1892 69.5302249853
1893 56.891678396
1894 60.4348976059
1895 55.2108181686
1896 64.0147624583
1897 60.4884208675
1898 68.5033626226
1899 64.9135948481
1900 84.7571525983
1901 70.5630621477
1902 61.2481468339
1903 63.0252209319
1904 64.7625656876
1905 71.2552294771
1906 62.079154742
1907 61.6715820201
1908 78.7435389922
1909 69.5085735921
1910 63.8536235446
1911 67.6355297067
1912 59.1612801914
1913 66.4737614551
1914 49.2245685225
1915 71.8358679048
1916 56.9566109785
1917 67.5860793761
1918 69.7033940068
1919 58.4303262129
1920 56.8095880714
1921 62.6968988281
1922 57.0923343057
1923 59.6131954341
1924 66.3916280288
1925 60.9476964512
1926 61.247703813
1927 65.8753546624
1928 63.7584554176
1929 60.3991997732
1930 61.4273179033
1931 59.0563357012
1932 68.4275872824
1933 61.5815342522
1934 58.5038435645
1935 60.8809665516
1936 64.7882601714
1937 56.7567508847
1938 69.5639696815
1939 59.8811301243
1940 64.9227129453
1941 53.8227012726
1942 58.39567285
1943 54.9667087469
1944 59.9246879055
1945 65.8675141965
1946 60.0877573097
1947 54.6708268695
1948 53.7773131707
1949 54.2923155042
1950 57.5167978925
1951 64.7497436235
1952 52.4269926149
1953 56.9939597355
1954 79.1912457849
1955 54.5608915301
1956 59.1185075041
1957 57.1038375305
1958 55.9090004331
1959 68.5174105012
1960 62.0146760851
1961 66.1385022414
1962 54.9025825228
1963 62.8439739138
1964 59.8594027024
1965 64.7025213228
1966 67.6807478821
1967 56.9325051317
1968 57.1483829011
1969 63.515405492
1970 58.9261233337
1971 53.5462004272
1972 59.3025625346
1973 51.3192049294
1974 52.8158200359
1975 59.0565153686
1976 56.653438652
1977 58.2393486816
1978 56.933500024
1979 58.235805424
1980 60.8185079782
1981 54.9948953937
1982 54.9745470862
1983 55.7919507025
1984 82.7261171976
1985 51.9256903947
1986 64.8129053398
1987 61.618232761
1988 65.8485270253
1989 56.9638441904
1990 56.0766239222
1991 53.7097790705
1992 70.5843656122
1993 60.6369073793
1994 53.9117522536
1995 55.344665207
1996 65.6395616636
1997 55.7064961421
1998 57.5555709458
1999 58.3206995042
2000 65.0545474538
2001 55.0449201156
2002 60.9121216008
2003 58.0282113402
2004 52.0638490462
2005 62.5384188896
2006 54.9809512697
2007 51.6718622343
2008 62.8210802743
2009 64.3288489304
2010 53.4495015235
2011 52.1232533586
2012 64.5644209623
2013 65.8259127183
2014 67.847887525
2015 64.3350434839
2016 63.6853640915
2017 74.2639450088
2018 55.1325075079
2019 58.9940183113
2020 57.1567932177
2021 55.9536968783
2022 74.5982634943
2023 59.6323240491
2024 59.1543183253
2025 59.2380697523
2026 65.1996718329
2027 57.7107273411
2028 63.8838005888
2029 50.925401348
2030 69.785771534
2031 42.8985572551
2032 62.970687285
2033 46.9114672814
2034 56.9519456356
2035 62.3984947804
2036 58.8481363213
2037 57.0848490088
2038 63.8920153931
2039 61.256417885
2040 60.0346198994
2041 57.1946343227
2042 64.8446035927
2043 62.1932173431
2044 60.8584614098
2045 58.837705883
2046 72.673075995
2047 59.0695731334
2048 53.335819577
2049 60.1086156425
2050 53.0017057855
2051 56.1071802382
2052 49.6848573602
2053 57.8241147392
2054 60.996447114
2055 57.2509204157
2056 54.8964232482
2057 64.5350141347
2058 61.8054863811
2059 65.3827547526
2060 52.7392331931
2061 57.3372876939
2062 62.8736658592
2063 52.9006606211
2064 73.6535790261
2065 52.9419705472
2066 61.2352354003
2067 57.8881493682
2068 74.5734099351
2069 51.9934700131
2070 57.2719248975
2071 64.8872100801
2072 59.6266877499
2073 45.0021147795
2074 47.915429537
2075 45.1134792286
2076 44.0719150911
2077 48.845767111
2078 45.3325605389
2079 60.6993693384
2080 73.4842726848
2081 47.3182256751
2082 55.4159914965
2083 48.5131232237
2084 50.4152385964
2085 58.8955245382
2086 50.9186883871
2087 44.8876960905
2088 48.1211228712
2089 53.7010987071
2090 51.7409235774
2091 50.0574940122
2092 57.5787931968
2093 66.6892127933
2094 61.0073870127
2095 51.7658757557
2096 60.1904107675
2097 53.323762339
2098 57.0967976373
2099 65.5299964164
2100 58.0952359243
2101 45.3151174792
2102 51.1334022165
2103 54.1818303768
2104 74.483526458
2105 58.5227189282
2106 49.6635746176
2107 53.3410018627
2108 51.2212410457
2109 54.0698421065
2110 48.4397476515
2111 59.9355981092
2112 56.6355101983
2113 53.066925885
2114 48.0188196899
2115 55.5341872774
2116 53.263241945
2117 45.8476542893
2118 53.6194464877
2119 43.9706948965
2120 59.9265195303
2121 49.1303862356
2122 51.8771093035
2123 54.7434869437
2124 53.2268210003
2125 51.1127082865
2126 49.1665288399
2127 55.3096726292
2128 62.1567184236
2129 51.6094249556
2130 54.340217361
2131 56.5000201003
2132 47.1841629365
2133 54.4062811676
2134 59.1944999467
2135 62.4276197701
2136 65.017925731
2137 42.1543345181
2138 52.0264688452
2139 61.553443726
2140 59.1022157884
2141 58.5005119363
2142 60.9041913513
2143 57.3498708585
2144 59.3958483957
2145 62.772581046
2146 59.4222785308
2147 65.6891069101
2148 58.3591927462
2149 60.9267972117
2150 51.2089978573
2151 56.5818107768
2152 60.4539838389
2153 57.5836699064
2154 60.2086297493
2155 84.3851292635
2156 58.3695579437
2157 61.4973118151
2158 62.6183580178
2159 59.6282635152
2160 54.1952714069
2161 65.2817913325
2162 64.8875418536
2163 67.0160174911
2164 67.2823852153
2165 62.8311713319
2166 58.2732223059
2167 64.511034448
2168 55.3173224429
2169 55.339679323
2170 66.0955357941
2171 57.6249842123
2172 56.6887554773
2173 61.6950146337
2174 57.9570547124
2175 70.0425785002
2176 79.4693618567
2177 56.4776170959
2178 58.4137186213
2179 57.4662269309
2180 60.3446542564
2181 65.5044802002
2182 61.7392311181
2183 58.9278667815
2184 69.3575117477
2185 65.2749825738
2186 55.4534113582
2187 52.6713551205
2188 58.8560712591
2189 66.7512258916
2190 68.8832411568
2191 54.8701264406
2192 59.2092930308
2193 58.8884976268
2194 51.126615899
2195 63.226513706
2196 53.1713237216
2197 76.018379052
2198 58.9944450073
2199 60.9013405802
2200 58.5557240436
2201 56.3040935948
2202 50.459945104
2203 65.767591797
2204 50.1643152069
2205 57.4162613876
2206 55.0967057103
2207 58.3215187544
2208 65.7856478857
2209 62.6731152654
2210 69.4382596618
2211 50.1326470236
2212 55.0117541741
2213 50.5814096097
2214 54.4446845393
2215 59.4332187765
2216 56.0804353842
2217 51.6128955086
2218 54.5062260045
2219 54.8606000289
2220 54.7110606932
2221 52.0618257104
2222 37.4825281973
2223 58.4157354567
2224 49.6609336204
2225 47.3721321986
2226 63.7416425534
2227 56.1690347987
2228 69.2873759951
2229 58.5772883288
2230 60.9447329408
2231 63.7575981961
2232 66.2766261544
2233 55.5821843076
2234 52.1788590078
2235 64.1559050812
2236 54.483922296
2237 59.0060751468
2238 53.9251988645
2239 56.9406398584
2240 54.0813589894
2241 61.0817574956
2242 53.368647248
2243 52.1239796872
2244 55.7986928755
2245 50.5264229221
2246 53.2766939805
2247 68.1609547227
2248 50.1932324598
2249 49.0258972222
2250 63.5053039771
2251 52.5575470853
2252 50.0246494541
2253 60.0044074734
2254 57.5888166178
2255 62.2199249878
2256 59.6931596737
2257 54.3172399765
2258 50.0352909008
2259 56.2484806628
2260 78.4376430117
2261 60.8423775439
2262 59.4922404046
2263 53.7733981979
2264 65.201261557
2265 83.481187729
2266 51.8033040375
2267 53.6244241629
2268 56.7571381279
2269 65.5724294966
2270 56.2022735469
2271 59.1561285071
2272 62.9969317792
2273 54.9560481493
2274 55.2133195734
2275 62.5844828905
2276 58.1693858417
2277 65.1312496786
2278 54.2546929353
2279 73.6131107721
2280 65.0538406009
2281 71.0796966638
2282 60.4461985416
2283 55.7090615364
2284 67.0237876198
2285 54.8460122954
2286 56.8422763074
2287 55.7991642265
2288 69.9707054492
2289 54.6649459005
2290 52.5431112958
2291 60.7410259981
2292 55.0704845345
2293 55.9034061997
2294 52.4902715219
2295 58.5406931742
2296 63.0562586877
2297 56.2794981669
2298 61.4527185406
2299 63.2819462105
2300 55.0336389713
2301 58.6579222613
2302 63.1244919086
2303 71.5968848892
2304 56.4506027568
2305 63.3737124404
2306 55.8625941726
2307 53.4612495322
2308 54.4501448339
2309 62.0971775657
2310 57.2234230041
2311 52.7681835887
2312 63.7237656066
2313 57.2404310413
2314 56.7322806257
2315 67.7540792429
2316 63.2748527236
2317 56.4284829852
2318 60.7659045085
2319 51.6031926043
2320 60.9213586056
2321 68.140606024
2322 54.0989703482
2323 58.8193365247
2324 58.9269727837
2325 52.5663014464
2326 51.5986621498
2327 75.9849677115
2328 51.945041699
2329 56.541513103
2330 53.3147014546
2331 67.1365010561
2332 52.57291975
2333 51.329286642
2334 64.5851972367
2335 52.7959063727
2336 54.3768108558
2337 65.2097283103
2338 64.3010280643
2339 53.097739877
2340 62.1159687689
2341 54.0712824414
2342 60.6286260453
2343 55.8989728072
2344 60.8291187141
2345 56.4656508128
2346 51.579404687
2347 58.3175847591
2348 53.927991817
2349 51.3768937713
2350 53.570649565
2351 50.8531638252
2352 51.3387450954
2353 55.0982885394
2354 50.9029138262
2355 60.4747783714
2356 62.5166606744
2357 70.1232242546
2358 58.2364119966
2359 63.5589293365
2360 50.5486202234
2361 65.1430213606
2362 55.8197710963
2363 68.4434581892
2364 57.0355897334
2365 51.1181306248
2366 54.38012836
2367 81.8523780005
2368 53.0884265431
2369 54.2411373004
2370 52.4316248216
2371 50.1714311437
2372 62.1967043814
2373 57.1972925577
2374 56.0660215707
2375 61.4855625779
2376 51.3457577149
2377 51.4485379434
2378 52.5110670193
2379 61.48716746
2380 59.3604329609
2381 52.3370203598
2382 57.0367316636
2383 59.0637229953
2384 57.1848676654
2385 50.9086776756
2386 60.382552191
2387 53.3132697336
