u s
1 101.700210819
2 89.788958756
3 93.9859861749
4 69.5243251718
5 72.0604187
6 111.237023876
7 104.388789945
8 86.9585414352
9 73.1359851294
10 71.1989999285
11 109.182228484
12 73.4350078672
13 75.5232243374
14 78.9906975189
15 76.287352213
16 71.0583502445
17 94.9114677147
18 82.0037407554
19 179.944934247
20 104.410432506
21 69.7469394254
22 95.7242265404
23 80.27286521
24 70.7639292413
25 71.9866653628
26 153.728874418
27 75.7544795666
28 111.022281847
29 104.59058254
30 76.4388841695
31 75.8531970186
32 79.7190098443
33 71.1749182149
34 75.3972530204
35 103.327427716
36 72.6455835891
37 73.9087890781
38 71.4866757981
39 108.328627048
40 109.816326611
41 72.743726991
42 85.4620931642
43 69.5633453872
44 70.8323719899
45 79.4426781606
46 72.5885483346
47 70.0402944508
48 105.951532258
49 100.48562633
50 72.0587542365
51 97.6612591561
52 69.1358027758
53 73.709943718
54 76.8623713788
55 152.769099302
56 72.8095732034
57 76.7159891473
58 91.3837637579
59 70.4541468185
60 70.7332791542
61 88.9006977207
62 89.5457992539
63 72.094020688
64 84.3560073162
65 81.8581275806
66 107.917656042
67 84.4258276637
68 65.717007761
69 169.978752702
70 68.0749878187
71 95.7026527268
72 103.970572557
73 104.795176718
74 82.1924645213
75 66.6743537613
76 68.7461966625
77 67.5521071681
78 69.0259526635
79 92.4233779759
80 79.197089579
81 79.9584407802
82 67.7213488712
83 107.959221716
84 64.7882012913
85 114.182976027
86 84.2763877911
87 71.3146619266
88 103.42362919
89 72.5993717387
90 95.0093470246
91 69.782288775
92 67.8389895557
93 73.8610552265
94 87.8217792597
95 115.53092111
96 111.625354878
97 74.3848247599
98 208.961192738
99 103.933728106
100 67.2997946451
101 68.1830256447
102 70.8003305031
103 65.6710983704
104 71.9065813284
105 71.1643405417
106 73.3225743439
107 98.3287636488
108 68.5936747273
109 75.7597773695
110 111.073037642
111 70.686417205
112 79.1357495677
113 71.1878174924
114 69.3646957771
115 92.5205023213
116 81.7331015454
117 66.0013735658
118 70.3724843549
119 68.8798613385
120 72.4202197628
121 71.6936715175
122 74.3088405042
123 70.6914843172
124 70.2328861833
125 114.646067559
126 65.6078385883
127 106.560048239
128 93.0078614977
129 69.7922870964
130 78.539079395
131 89.0995407608
132 66.6408175083
133 72.1980898182
134 92.9746531162
135 66.3796177869
136 76.0596758716
137 68.7514077717
138 70.1054955155
139 69.7472777889
140 64.1238304276
141 71.2377011414
142 67.9277719052
143 64.4006197094
144 85.3244931558
145 81.478982769
146 90.5875052699
147 70.9880028471
148 62.6852996982
149 71.6380747674
150 67.6665626909
151 78.8015506116
152 63.6317140146
153 68.744619925
154 78.5582236892
155 77.7996975875
156 93.516604915
157 80.0558192745
158 69.7611820639
159 78.9782493974
160 62.5274586342
161 65.5529493623
162 92.2063956815
163 69.3511946077
164 64.3287449903
165 78.0666423784
166 70.555874223
167 96.6514553294
168 66.011322638
169 78.5372538219
170 127.151082842
171 65.3799185998
172 65.4696891619
173 95.5964800992
174 72.4226420677
175 82.7972310819
176 72.0252132286
177 63.5390436538
178 66.8141766353
179 74.7224741107
180 70.5497789171
181 93.9429917793
182 70.6307010559
183 66.2274420168
184 86.8523963465
185 77.0278758408
186 94.2179736705
187 128.135299799
188 77.5636124264
189 83.9257091499
190 99.5021970382
191 80.5378657583
192 74.3944442699
193 88.248983154
194 66.6840968278
195 71.5070953842
196 75.3094572205
197 69.2673633444
198 78.1105000118
199 72.1487486857
200 67.9341528742
201 96.2064522768
202 69.3066801981
203 70.8885142599
204 69.7628349652
205 70.3453973112
206 78.5631011547
207 88.0135765485
208 68.5239874179
209 70.5429276884
210 70.4959264095
211 104.018936759
212 85.1308304274
213 109.486300349
214 102.869612091
215 90.049843153
216 114.801254699
217 81.1168397355
218 77.2176658528
219 68.3912746812
220 90.4140828057
221 70.3945397279
222 66.4583106394
223 73.3025893421
224 68.8547261061
225 72.4081716274
226 74.129165716
227 91.4568715376
228 100.195408056
229 94.5154411971
230 72.2277472083
231 77.4569016082
232 69.8468715159
233 171.870754645
234 68.391062209
235 68.4437951637
236 189.893057785
237 87.1450415373
238 68.2766174646
239 75.8806519497
240 82.0186136966
241 159.631991243
242 69.0764029953
243 85.6124631032
244 68.9193966574
245 76.4540029008
246 67.9902017693
247 71.0849649778
248 93.3330300133
249 67.5917515632
250 156.397205726
251 68.1602511089
252 68.0487038311
253 103.391254796
254 83.4017942333
255 76.3427545816
256 68.9464979368
257 68.7202456086
258 79.6804564582
259 107.449955705
260 72.19864769
261 114.067044604
262 67.1416937695
263 151.411399627
264 81.3335552355
265 64.1606889763
266 85.1211723043
267 68.0571778766
268 96.9403169007
269 79.3845790484
270 78.3542641819
271 80.2805803541
272 71.0071723123
273 64.7744619173
274 90.8119783891
275 100.361491811
276 69.0538941044
277 91.6588260812
278 99.4750156778
279 68.3751947261
280 65.1483331067
281 70.9992582028
282 104.302551337
283 107.601538416
284 81.197301661
285 90.7849085845
286 67.9410244689
287 76.7411179202
288 66.9869574187
289 65.7080173257
290 75.9249106921
291 86.8570193566
292 107.551245389
293 69.5571494599
294 111.294677388
295 82.6700516848
296 71.9053634091
297 68.0332920735
298 64.3191337154
299 84.116521952
300 92.112715783
301 63.9656662595
302 64.0260274287
303 66.7581667763
304 65.5470774022
305 115.031814602
306 96.6339644855
307 72.3234825844
308 71.3384108202
309 62.5894093446
310 89.5781917087
311 86.1444798674
312 101.711572759
313 115.679156079
314 93.5413975347
315 79.192156785
316 74.4482833212
317 63.6774084808
318 77.975910902
319 71.0202970424
320 88.311690538
321 95.0791491037
322 93.192156454
323 76.6958830798
324 81.8055089246
325 64.730521442
326 69.1152615096
327 63.5234276457
328 91.9701611746
329 88.6144721011
330 64.558818746
331 98.3277450759
332 108.190370813
333 81.3400680916
334 67.2837555051
335 118.655477846
336 66.6300932596
337 89.7532173202
338 107.050093199
339 79.7824592743
340 99.1123814995
341 76.8442207264
342 114.429694604
343 67.6175512513
344 71.1161557903
345 79.1142679193
346 110.163203272
347 67.5178981565
348 88.1746014056
349 112.323690683
350 103.020789907
351 66.1363111671
352 85.121851585
353 63.219059562
354 69.4460208513
355 108.033712259
356 70.4296312882
357 117.431229603
358 69.48887458
359 65.4797517726
360 62.7857440398
361 121.153080961
362 71.7572689764
363 64.6763042051
364 76.3689771097
365 64.8766135411
366 93.5783200975
367 76.0678516123
368 70.1672523776
369 106.416073927
370 140.263923472
371 92.501033571
372 85.3171900236
373 76.5383888688
374 88.0800475334
375 70.1074196982
376 87.8855205505
377 107.339989037
378 95.4002322888
379 64.4864477425
380 65.2385482897
381 66.0988464529
382 62.5439062949
383 88.1898015491
384 67.5997777272
385 69.4718503508
386 104.466149946
387 85.9118778806
388 114.999772394
389 75.5653921362
390 71.1262981772
391 64.6624538068
392 82.9421361775
393 89.7553993659
394 68.5365508945
395 76.0758537992
396 75.8535289776
397 69.0766487119
398 100.56443286
399 73.9902208774
400 66.0104633698
401 67.4256998579
402 93.5843413507
403 68.1233938156
404 73.1385440729
405 66.8921541045
406 69.1603158763
407 85.754147651
408 106.143690487
409 65.5001989489
410 82.4733210668
411 66.0435745491
412 65.8107648478
413 92.7178517026
414 68.4139167271
415 77.7793550326
416 84.4885221513
417 67.5830739425
418 103.355342419
419 97.3462012918
420 66.5162877048
421 70.3671603217
422 94.6612552511
423 86.1888664509
424 70.5983382684
425 85.9114438817
426 68.0325835763
427 66.4076404755
428 67.1558755648
429 70.2143454137
430 97.8613465792
431 81.3483010012
432 106.506905801
433 78.5511010798
434 83.4934695375
435 73.3899310569
436 99.5622814439
437 90.9888863083
438 88.6122207331
439 84.0178923119
440 65.0164891142
441 88.4137154218
442 98.895432677
443 67.0693835222
444 89.4761595549
445 74.5367079746
446 65.0977550543
447 65.7023681083
448 65.3756674569
449 82.4186129642
450 71.2267120323
451 63.859165433
452 94.7612171553
453 71.7273688502
454 113.371499953
455 68.157899785
456 69.2903275181
457 83.4063255735
458 62.1170132533
459 112.57536069
460 72.6264962134
461 99.6169011665
462 79.6667401941
463 66.7799681102
464 93.3394211214
465 104.596555316
466 75.0089355789
467 64.7822413249
468 65.3527384961
469 92.8404070657
470 63.7354354528
471 98.331325122
472 78.3392356838
473 64.3670452457
474 63.221015479
475 109.419539728
476 85.6080651819
477 72.6032970611
478 60.9946197122
479 98.6432144276
480 100.45627812
481 60.7914026457
482 66.7923420983
483 83.6730676215
484 61.8544355445
485 105.259760446
486 107.348938451
487 121.633151083
488 121.379410093
489 90.0965742688
490 140.93425888
491 71.9252952157
492 63.9647311444
493 85.679008864
494 61.4452473797
495 74.4421921423
496 67.36145977
497 82.1110514686
498 109.923534109
499 116.351755918
500 84.8516962522
501 77.6378256217
502 83.9499061248
503 63.1061050397
504 68.2701769255
505 74.7479585922
506 68.7173179727
507 66.4402385039
508 98.1997932741
509 68.4701109616
510 60.9149723554
511 80.8680541001
512 62.4502772379
513 62.1203087334
514 77.2803659272
515 78.1719564132
516 95.7866666712
517 65.2324531951
518 108.659953546
519 106.616926622
520 67.110546284
521 92.0874837484
522 97.00784675
523 100.059610672
524 64.4956917985
525 101.134420756
526 75.4740440844
527 67.9275951936
528 68.8680203025
529 94.7275297547
530 113.42787869
531 80.6990924512
532 110.546967385
533 93.9134615375
534 88.3276797112
535 103.98288142
536 73.2894204001
537 64.4386295419
538 69.6607386248
539 74.9445198392
540 65.5149552882
541 113.62926906
542 63.1192574729
543 69.8606510712
544 84.6260489925
545 78.6669174414
546 83.0150043528
547 96.2391049501
548 81.6669828328
549 89.0588186341
550 66.7287328384
551 70.0016832659
552 70.5747084015
553 64.3811502739
554 72.6264072941
555 107.065143464
556 101.457210315
557 153.832948842
558 91.6762855178
559 65.904145223
560 69.8925078121
561 70.2279350721
562 191.943731283
563 115.438245593
564 69.608752894
565 86.0467695962
566 63.070580125
567 67.0363152222
568 66.4476692208
569 110.219940646
570 64.6364173024
571 71.3674910027
572 69.7849685249
573 85.6921054011
574 86.4125234594
575 105.653929787
576 78.8153212535
577 71.886494505
578 66.8678580479
579 65.0791568643
580 73.6755985811
581 73.9480249911
582 63.898902203
583 114.835256692
584 65.0819549208
585 82.95207346
586 71.3518162311
587 80.1820660195
588 85.2765711949
589 81.4230148955
590 78.0983439099
591 96.779964807
592 70.1078006143
593 98.4973734691
594 71.2572225399
595 67.7499160094
596 107.919771843
597 71.8053475492
598 105.22093313
599 72.2063747544
600 73.2305895048
601 67.3689489057
602 93.6360857711
603 80.09178726
604 67.4315932917
605 76.3194924939
606 110.275199332
607 70.1399088486
608 72.1785302476
609 84.0862617526
610 138.671549578
611 75.3740037915
612 79.7205430047
613 96.6707525276
614 108.457560043
615 68.5130714911
616 94.0454037151
617 87.051566375
618 68.1400529526
619 110.097754417
620 83.5902088378
621 66.104116247
622 82.6122412619
623 65.940581106
624 65.926155392
625 66.8736479109
626 90.5164924457
627 90.55583507
628 83.8710611676
629 67.8947595284
630 69.8982921063
631 70.0143395607
632 70.8904779531
633 73.1374710236
634 98.0658329404
635 104.792442217
636 69.4482994032
637 74.1612099581
638 67.7696985935
639 69.9852528675
640 85.6269047375
641 66.9275937169
642 68.2236499397
643 65.3916459683
644 69.3511582137
645 77.3806936869
646 95.389614213
647 105.396070164
648 80.5179596605
649 69.4283223219
650 89.2672528399
651 87.5714390811
652 105.033287748
653 67.7440559385
654 61.2329466792
655 100.079647482
656 65.0078674863
657 69.5682880578
658 66.9767896074
659 84.7641840197
660 78.4894041155
661 65.2034074507
662 75.5458603195
663 76.7485691865
664 61.9084266028
665 75.8273522623
666 69.6782757469
667 90.0432437334
668 60.3083702707
669 87.6952089513
670 84.6720991965
671 85.7690367755
672 97.9810892347
673 59.8580872416
674 106.157853803
675 85.3427361579
676 59.5393474977
677 81.8647621207
678 90.0203991037
679 61.3401892797
680 64.8824409433
681 61.7437559205
682 65.4678988786
683 60.6665886328
684 113.043141829
685 99.9994667621
686 59.8382780524
687 62.0578991061
688 81.1678449351
689 62.9749466593
690 80.9120137296
691 95.5924460518
692 61.6474991601
693 96.0553337222
694 64.3073142211
695 93.7582728451
696 80.1659365075
697 64.6132572597
698 69.68813445
699 62.237030213
700 68.6076376585
701 95.22109153
702 62.2616903382
703 80.086029642
704 63.7594356064
705 82.7670997875
706 102.72040956
707 81.6967118363
708 75.997362942
709 72.3110464056
710 60.5721300812
711 60.7956674462
712 59.9562911393
713 72.9900266481
714 92.5119522895
715 74.2357179357
716 102.298996162
717 69.1546626069
718 75.5490233087
719 137.383041721
720 64.2127987739
721 78.2125883247
722 71.0406730677
723 107.110600996
724 72.7586940859
725 91.7687516574
726 75.0416209426
727 84.1387469966
728 132.299669663
729 77.2544523921
730 85.9996581272
731 75.4841222262
732 67.6137377531
733 113.778201478
734 73.3288783604
735 121.097707591
736 122.103599548
737 66.9291689458
738 104.133027683
739 124.852025523
740 98.5764979278
741 72.7623641239
742 82.8933613135
743 68.2679088265
744 124.556395769
745 73.0830857497
746 70.5714616961
747 66.980077521
748 73.1415598321
749 80.3366244966
750 71.1657069896
751 92.6294315477
752 73.4880000281
753 99.4341291686
754 73.3850225971
755 175.684232537
756 122.32338111
757 72.9773573134
758 104.188105235
759 86.9603281884
760 108.0522097
761 81.5533511533
762 127.385612941
763 82.3902337667
764 67.7055511792
765 94.0878615382
766 63.7247879357
767 92.8330221479
768 113.524148223
769 88.1784948414
770 75.1044369537
771 73.7636385751
772 64.7889175467
773 78.5936213059
774 72.1034386032
775 135.358315569
776 64.842019646
777 64.011444302
778 103.829890407
779 122.16188701
780 89.0662305904
781 70.4000834362
782 93.9059355767
783 72.4996905712
784 64.2730673489
785 82.0021135131
786 102.181924099
787 101.534561748
788 69.9943377849
789 77.8772014169
790 64.9424300768
791 70.9984633741
792 68.7223717764
793 96.7602470564
794 93.9025114405
795 69.7119624115
796 93.8046508828
797 66.5134355916
798 71.2709224074
799 93.3611122358
800 87.5994941396
801 67.625717143
802 65.8081940642
803 97.3946588082
804 92.6390275878
805 83.7887968999
806 66.616294893
807 64.5957468099
808 66.836108045
809 65.4126935271
810 78.378184121
811 80.5500332478
812 141.025223315
813 68.9067717319
814 77.3989655514
815 68.5308098949
816 70.8125874185
817 65.9419070307
818 94.8597460671
819 72.2228260095
820 82.6522078455
821 88.1987345823
822 83.4216606017
823 66.9576670211
824 67.8074795997
825 72.5719973893
826 64.1913928516
827 64.0930782161
828 63.939585351
829 66.508838682
830 69.5875278292
831 66.8523088899
832 80.1354443255
833 75.0811329196
834 63.4597303623
835 73.706145201
836 65.0842555528
837 67.7980278856
838 73.7201739096
839 63.1449265501
840 72.6225414739
841 74.7164741888
842 65.1266482061
843 75.3723219021
844 97.4332200926
845 77.6153355247
846 104.579303146
847 76.2893998964
848 79.5493701806
849 72.7424279103
850 77.0525227289
851 84.6149371081
852 105.564082401
853 80.6549202375
854 92.7949742774
855 77.0713594641
856 76.2430697682
857 78.3906439147
858 95.2142270471
859 81.2676408417
860 74.9672360519
861 78.5003088707
862 84.4273072375
863 77.1064455666
864 77.4044926383
865 76.7741761141
866 101.813924561
867 108.624123117
868 82.3613873973
869 88.5795516294
870 100.640750972
871 87.1604916758
872 111.814344948
873 81.2475851761
874 109.709048827
875 97.8144385696
876 80.2053643032
877 79.1696433837
878 76.9091375447
879 108.531820621
880 99.6808377924
881 146.825049892
882 81.4143762082
883 78.097150735
884 78.2202023479
885 76.1700054825
886 110.70065662
887 75.8648236644
888 78.8490714455
889 86.9008584619
890 94.4928096391
891 107.540907485
892 103.633197214
893 92.2998505763
894 79.1257490299
895 77.5222447148
896 84.7984000722
897 79.1938061304
898 111.958487132
899 78.0586435606
900 76.8280168356
901 84.894861845
902 80.843737777
903 86.3048029959
904 97.6321853102
905 76.926454751
906 78.7086076579
907 77.5645351444
908 77.7968112045
909 76.7511088122
910 96.8134923006
911 65.7731739564
912 84.4445790021
913 58.9865322922
914 62.6680186647
915 105.999811628
916 71.765052271
917 63.0929424387
918 67.8621993839
919 152.68819485
920 71.5174106527
921 72.0740112848
922 63.2219222394
923 86.6666882481
924 81.4952435293
925 59.4254708093
926 74.5486080507
927 61.8184127202
928 81.1163001361
929 73.5905065463
930 70.0854966117
931 78.7178175843
932 67.5226350203
933 69.6864901291
934 62.5616038795
935 97.8569844694
936 79.0642611202
937 94.0560782631
938 61.759418073
939 60.1757208755
940 60.5716909065
941 78.9401472869
942 61.1876545488
943 59.4771422002
944 61.0294451746
945 68.4982992049
946 86.38055308
947 74.45906348
948 62.0112752456
949 88.4207691217
950 66.4130713302
951 70.950993423
952 59.8697092718
953 80.7039951199
954 87.0509367381
955 66.052081763
956 59.6682198919
957 76.5898220982
958 98.236507264
959 60.5219646567
960 100.689462811
961 67.0123480449
962 106.157534784
963 62.1116999955
964 62.7119266231
965 94.9045321913
966 95.3871111916
967 61.4911556023
968 80.7470085345
969 61.7261729354
970 68.6723466154
971 62.9857616483
972 62.5174787473
973 61.1676345831
974 90.9275635463
975 58.409298132
976 60.5687921104
977 83.3815206955
978 59.560789403
979 57.9685708023
980 99.3061314257
981 96.5223533496
982 60.6226975177
983 91.2977241493
984 90.6565015912
985 60.7365074432
986 97.8784472331
987 72.6806455263
988 61.1674009283
989 65.020468877
990 81.2305375146
991 66.7201531128
992 81.1329992142
993 85.7528694544
994 58.767791735
995 73.0017946416
996 73.1872103691
997 57.746686718
998 92.245272127
999 62.6772865372
1000 69.3509072104
1001 63.2036324757
1002 72.7601404071
1003 96.5656243246
1004 67.5322220098
1005 65.6379018026
1006 62.8804328531
1007 72.5184648359
1008 67.1715192532
1009 60.2804496709
1010 82.6750726219
1011 93.5332359025
1012 85.8282137841
1013 69.7946168099
1014 81.9632879997
1015 75.2752990076
1016 59.4916430528
1017 72.7703963812
1018 60.4491736769
1019 95.6962212853
1020 86.7272232204
1021 92.422545821
1022 65.1519908317
1023 59.8030700349
1024 63.2148290796
1025 74.7591296605
1026 77.838691764
1027 66.7764972619
1028 67.9176977749
1029 63.3331633033
1030 71.5468259693
1031 69.1084495951
1032 76.2661734768
1033 60.1762374841
1034 60.295013555
1035 61.7217820273
1036 66.4589928862
1037 63.6464562375
1038 88.246352569
1039 63.4094810201
1040 82.2855938924
1041 78.7127211727
1042 87.7794379236
1043 66.4584605155
1044 93.7566721752
1045 80.6147253054
1046 65.6416226347
1047 72.061341554
1048 92.8579551998
1049 70.8116522671
1050 90.0951046035
1051 71.3216632186
1052 89.3247626862
1053 78.5767886034
1054 65.9900841919
1055 63.9754092872
1056 82.4338836546
1057 66.4993678157
1058 101.353297491
1059 62.3056153853
1060 65.0070069761
1061 81.772302916
1062 75.4135785488
1063 66.9710385181
1064 63.0146781879
1065 67.2289124529
1066 92.4353785608
1067 74.9731736655
1068 63.3508321396
1069 70.1357377
1070 64.4429245151
1071 75.5375033303
1072 70.8053039835
1073 93.3526904128
1074 85.7481758443
1075 112.883683279
1076 93.1560771764
1077 73.8856955352
1078 67.4457688854
1079 78.4303322693
1080 66.0291385482
1081 62.8519369621
1082 63.8107511081
1083 64.3920488109
1084 93.1404774443
1085 87.5534040699
1086 62.7761611299
1087 69.6448672443
1088 84.3921399376
1089 69.0751378686
1090 64.8128826021
1091 64.559553804
1092 63.274014232
1093 73.0055146994
1094 69.0348974007
1095 79.0141814016
1096 71.8991809116
1097 74.9405066859
1098 63.187543573
1099 99.3093853946
1100 100.944498621
1101 63.7797005721
1102 59.4968610079
1103 60.4516108688
1104 68.4118624479
1105 60.5934267105
1106 68.5061906019
1107 59.8153630622
1108 71.9727736776
1109 58.5081517027
1110 109.659636967
1111 77.7315241199
1112 82.4275796494
1113 84.5890313221
1114 107.591360517
1115 92.7429079732
1116 70.0073108623
1117 158.837222276
1118 77.0819361023
1119 104.900747432
1120 62.8511634754
1121 77.4857928368
1122 63.5725093653
1123 69.1892783323
1124 64.1340926907
1125 108.218054634
1126 96.5310457475
1127 71.1209205527
1128 88.339036141
1129 74.7272332586
1130 91.4993023831
1131 59.9548131825
1132 94.0508328846
1133 79.5706645117
1134 70.4730337746
1135 58.9554166249
1136 63.1269961317
1137 64.4970972087
1138 63.2216239108
1139 68.4681619141
1140 91.448494213
1141 61.0881573111
1142 99.0930254866
1143 59.7080753205
1144 74.2267721006
1145 72.0448436085
1146 67.301649944
1147 61.0676625385
1148 88.3078689589
1149 62.7016455716
1150 75.5993133321
1151 101.293891028
1152 63.0149275804
1153 81.6133655762
1154 59.9514812659
1155 103.344228132
1156 59.062302105
1157 64.1053685481
1158 89.90851779
1159 92.1675045842
1160 85.7370412574
1161 62.8118039591
1162 78.989873614
1163 82.3784256293
1164 61.3873507535
1165 88.4157892831
1166 63.4830635539
1167 86.0754253532
1168 61.3148284713
1169 61.2960749151
1170 63.4892005394
1171 72.4582019164
1172 61.9257766453
1173 77.0832229877
1174 65.4570613897
1175 63.1057379502
1176 60.6075935075
1177 59.8479459726
1178 60.4953652475
1179 61.5480358436
1180 64.0539289934
1181 75.1471698695
1182 65.4052007776
1183 71.4562786171
1184 76.1824986927
1185 91.5598561062
1186 98.6425779611
1187 65.0293396374
1188 62.3067684851
1189 64.9606616544
1190 60.2277961776
1191 100.135473961
1192 66.0080374166
1193 76.8128320526
1194 62.1337099964
1195 66.0648254648
1196 90.4299972574
1197 80.2252097664
1198 63.1963429963
1199 64.5612481546
1200 70.776818463
1201 93.4688188997
1202 61.3150557587
1203 68.9915047778
1204 65.4184645432
1205 88.8097038207
1206 65.668283664
1207 160.16676456
1208 69.7262391578
1209 69.7562791497
1210 75.2310441087
1211 64.4741647206
1212 67.0266623799
1213 61.8245498845
1214 67.7948967065
1215 83.5562982998
1216 66.4276684262
1217 78.7503589131
1218 68.0414165189
1219 61.8623066089
1220 76.2259763484
1221 83.6983013186
1222 69.3745237284
1223 70.8708021991
1224 80.4456519196
1225 84.8703482619
1226 92.7249561599
1227 74.1442257965
1228 91.6054887445
1229 63.4808025032
1230 69.3751981618
1231 95.7948325734
1232 62.7062927701
1233 74.3454840296
1234 73.3962822104
1235 85.1023142619
1236 61.7025395556
1237 97.5378728994
1238 73.3311369443
1239 91.3436277703
1240 69.1408102783
1241 78.2227748955
1242 69.2499066047
1243 98.7417461972
1244 92.9573724093
1245 82.9427829633
1246 70.1232577167
1247 63.4436241009
1248 61.3784653748
1249 65.229334842
1250 73.8010037524
1251 70.0755261597
1252 64.3624696189
1253 65.7119227082
1254 69.5501109034
1255 66.2211987561
1256 71.4322701011
1257 66.4026502307
1258 64.3329034517
1259 91.5942710304
1260 84.5215758817
1261 105.156458045
1262 65.7716587404
1263 77.5835222926
1264 73.3098214947
1265 89.2032788261
1266 81.6271769472
1267 99.9073302469
1268 85.2221711027
1269 63.5615381644
1270 75.0124181592
1271 64.7622330905
1272 66.151502474
1273 100.073738725
1274 100.272863425
1275 64.3627453083
1276 65.5484503553
1277 82.0165418358
1278 87.6949625732
1279 89.7577523114
1280 70.3181437216
1281 66.9989077962
1282 166.251074456
1283 64.4375714908
1284 165.329580118
1285 66.7707053009
1286 66.0318875602
1287 65.6870423746
1288 62.8202804535
1289 76.6719046989
1290 65.4851546089
1291 95.1234702681
1292 76.8809900188
1293 77.0950128
1294 67.3148118873
1295 65.1867885305
1296 71.930511998
1297 90.9896860864
1298 115.987254901
1299 69.404580139
1300 104.691042191
1301 100.907418977
1302 66.6409749765
1303 77.9075898848
1304 99.428738062
1305 79.2876556344
1306 79.0832783084
1307 69.9347631921
1308 88.158273128
1309 67.9533121478
1310 72.8244691743
1311 111.029534895
1312 98.9491724084
1313 67.5418360019
1314 69.6804819743
1315 65.2164089696
1316 66.899334698
1317 66.5189249364
1318 66.1227222876
1319 64.6893164673
1320 113.070799637
1321 98.3792794871
1322 64.879968431
1323 85.3753902572
1324 73.1083139307
1325 188.984722297
1326 95.7486380425
1327 117.000237242
1328 89.8239183576
1329 88.1216635613
1330 68.6355567668
1331 83.4649118765
1332 87.2531042467
1333 68.3329661572
1334 107.724233435
1335 78.478591311
1336 76.8803308805
1337 108.035168639
1338 64.990829282
1339 121.900062752
1340 111.90192153
1341 78.9158550726
1342 71.5844463197
1343 121.721153424
1344 69.4842538101
1345 92.6756622189
1346 89.4074092903
1347 68.7344193627
1348 83.8865886764
1349 75.1973572464
1350 117.831132656
1351 91.7100142259
1352 66.0950578692
1353 64.8003921786
1354 70.9754598177
1355 63.3534757916
1356 82.8676289924
1357 79.3348224831
1358 92.4061064579
1359 65.0246916524
1360 107.633738612
1361 83.1278213281
1362 113.610582839
1363 76.0820736473
1364 102.427609182
1365 72.8522074506
1366 91.8865954699
1367 108.559970376
1368 193.48157836
1369 90.1738127952
1370 79.5140615813
1371 65.6728355782
1372 97.0146958488
1373 69.6862979533
1374 66.7393137593
1375 84.8581400831
1376 82.8443898497
1377 74.1545608367
1378 73.5679563282
1379 77.7944575113
1380 69.4393119213
1381 77.795351339
1382 74.3178956754
1383 67.2021290293
1384 91.2849485761
1385 70.5168050985
1386 69.7627745199
1387 68.618251346
1388 98.6024111892
1389 102.916121043
1390 70.22661649
1391 77.4075976213
1392 105.56706696
1393 88.0448031643
1394 105.040289882
1395 69.4407684371
1396 84.7257806971
1397 91.4321773385
1398 166.304455125
1399 69.8059409375
1400 75.8480299727
1401 67.7886147742
1402 107.399346253
1403 87.2517139765
1404 68.9369091945
1405 72.4082518664
1406 65.2747393627
1407 70.0470782805
1408 110.118057557
1409 77.5800534897
1410 85.8615381831
1411 79.6326919238
1412 72.8102170965
1413 71.7748490453
1414 75.4087693902
1415 84.6126619665
1416 89.813118872
1417 66.4013148295
1418 67.4938974136
1419 101.154041135
1420 71.1896297982
1421 96.0083119323
1422 96.5492423439
1423 72.5268793586
1424 75.8438057381
1425 61.284318128
1426 67.3335074025
1427 97.5008002443
1428 82.8740007878
1429 96.3111097049
1430 72.2626561479
1431 61.1580739129
1432 62.8695238644
1433 61.6328042635
1434 78.9884982828
1435 83.1145473003
1436 65.6891086682
1437 65.4484579797
1438 84.1820111461
1439 77.2254361525
1440 63.1199597635
1441 127.146180206
1442 95.0317573904
1443 100.975592078
1444 61.6063867064
1445 63.2326670607
1446 73.8485730127
1447 67.1370878191
1448 69.519717847
1449 84.9863558172
1450 60.535742869
1451 59.2390882679
1452 97.1815006836
1453 61.2453078194
1454 87.940253445
1455 100.968303228
1456 62.329757842
1457 77.0391713832
1458 79.6881637208
1459 103.565532148
1460 63.0703068682
1461 61.9691419269
1462 104.847206246
1463 67.3876803343
1464 94.350770815
1465 105.644989451
1466 61.2036097488
1467 61.2149183693
1468 106.469266132
1469 63.0866555037
1470 71.8159697314
1471 62.5766324311
1472 91.65032179
1473 65.4034161008
1474 71.3217633021
1475 81.55905862
1476 74.5955992725
1477 65.1531961726
1478 62.3810418732
1479 67.5153744477
1480 87.3698713149
1481 104.05083552
1482 103.99425231
1483 68.5912973015
1484 82.4409590575
1485 66.7950192069
1486 87.4017640162
1487 78.9739148123
1488 78.0561943121
1489 63.9773824192
1490 86.9073306768
1491 63.1131635686
1492 73.6388090011
1493 88.7033948983
1494 75.3372978671
1495 101.514445516
1496 78.7658962246
1497 69.5073308698
1498 68.2535597486
1499 65.9781009056
1500 80.7898108738
1501 65.2894793554
1502 63.9180726962
1503 65.3701834564
1504 116.561926674
1505 119.86812211
1506 85.3106729377
1507 67.5714064199
1508 65.1939305206
1509 98.874211798
1510 88.2829664226
1511 63.6096336196
1512 64.9851294965
1513 72.6785962107
1514 118.518259973
1515 101.883031997
1516 99.5022653784
1517 188.273814053
1518 122.118265491
1519 76.4516374819
1520 97.3063066517
1521 77.9839430115
1522 66.09212877
1523 91.1802028907
1524 64.686404246
1525 90.3872002661
1526 65.0495125075
1527 98.5753470449
1528 97.4380652098
1529 93.211622048
1530 76.5715623601
1531 78.721719496
1532 102.935996446
1533 105.263924767
1534 63.2642805105
1535 97.1538165045
1536 84.1857395333
1537 79.177160125
1538 66.8504438247
1539 92.5062299943
1540 70.2212436361
1541 70.1557590018
1542 107.68345277
1543 65.8699005978
1544 81.1185831833
1545 111.598154318
1546 68.2506243966
1547 68.8079076452
1548 62.0552664367
1549 110.021394092
1550 62.7104777993
1551 61.4322128672
1552 62.6215714124
1553 110.702232063
1554 86.5362044902
1555 74.5097979498
1556 78.2475054247
1557 76.5494501706
1558 72.403820919
1559 106.503006345
1560 82.3255037782
1561 100.681363284
1562 74.079689957
1563 74.6932425581
1564 85.3846697915
1565 74.6041558477
1566 74.5311006985
1567 73.3904378246
1568 78.0479399758
1569 72.7757649319
1570 101.504452276
1571 77.833214954
1572 75.9943013748
1573 95.7133365048
1574 74.3488183651
1575 72.7527972266
1576 104.52506482
1577 82.46381576
1578 90.4787574039
1579 81.1718105153
1580 89.398122394
1581 74.6581087788
1582 140.984034844
1583 92.0938442747
1584 83.2451470341
1585 78.8538932844
1586 76.6942100986
1587 77.9497037785
1588 77.151183549
1589 74.0956881838
1590 73.202779661
1591 72.8299078025
1592 73.8160750547
1593 111.448227314
1594 95.0344543381
1595 91.9935980344
1596 86.3807940392
1597 109.280078394
1598 72.9943538951
1599 106.018748474
1600 73.5511173653
1601 97.8372402916
1602 72.8559932156
1603 72.2778037732
1604 82.610038359
1605 74.8388004459
1606 99.1881703076
1607 97.590454688
1608 71.1699705044
1609 89.2090204285
1610 89.6374440796
1611 73.2804427079
1612 74.2174572856
1613 72.3874819971
1614 87.2627601877
1615 71.8800719096
1616 109.798592182
1617 93.0113362174
1618 83.2066763599
1619 69.6014728559
1620 75.5156008887
1621 118.365105776
1622 74.4203763827
1623 69.8719598617
1624 93.4295963287
1625 87.3004483021
1626 76.0532018752
1627 69.6474548607
1628 89.4936217184
1629 73.1488555059
1630 82.5694901171
1631 74.6000896689
1632 98.0369239365
1633 71.1140756449
1634 73.7934855982
1635 111.847705632
1636 105.682764816
1637 72.3991100083
1638 102.832352004
1639 69.2056284108
1640 105.490526053
1641 69.5652536498
1642 68.4708216547
1643 82.7795775984
1644 72.8061031206
1645 70.5466407934
1646 81.0719681281
1647 88.2914988019
1648 120.308877421
1649 68.8048800569
1650 71.6645269086
1651 71.7854527236
1652 71.6271787413
1653 98.8216190605
1654 97.4320807488
1655 71.9924178273
1656 115.019860184
1657 81.6087264334
1658 76.0589459135
1659 70.548605989
1660 71.7406820285
1661 70.3019083011
1662 70.9308318464
1663 85.8890499111
1664 88.868824569
1665 71.168470368
1666 75.9725840285
1667 67.645678908
1668 154.780647197
1669 114.285077259
1670 103.176129105
1671 69.7271060154
1672 69.4389497085
1673 71.2923808582
1674 197.604189466
1675 74.0537436835
1676 68.1295822337
1677 118.085515715
1678 81.0526576659
1679 102.642762063
1680 81.0280974196
1681 69.4554443742
1682 76.908292484
1683 80.2352904081
1684 74.5735348946
1685 69.2228021989
1686 79.7996648893
1687 81.0665215676
1688 79.4633811566
1689 76.1858874048
1690 88.2140538001
1691 95.0451460196
1692 105.648464397
1693 126.063564296
1694 72.8488851208
1695 84.4021685106
1696 82.5807286491
1697 93.4794172686
1698 101.178379013
1699 75.384934606
1700 99.4288178267
1701 81.2590852952
1702 79.4174044435
1703 75.7313474988
1704 78.3626740356
1705 72.9030093954
1706 83.7503144424
1707 73.9460160791
1708 74.3451404049
1709 72.5814499132
1710 90.3659706452
1711 84.6304334942
1712 85.7579257663
1713 81.5560740871
1714 74.161048254
1715 81.6567455594
1716 82.2170320783
1717 100.676348403
1718 86.6956444549
1719 73.6862944913
1720 76.9906993619
1721 77.3758702495
1722 76.1404402869
1723 97.838618133
1724 104.604137628
1725 70.5906069681
1726 102.472675443
1727 72.9932715618
1728 79.7456686617
1729 92.9497589626
1730 78.7453326976
1731 76.2274632372
1732 78.8571109585
1733 78.0585224462
1734 88.569648978
1735 73.4243230844
1736 78.7190442976
1737 84.0411647402
1738 67.1035813758
1739 91.5301036048
1740 75.0106955248
1741 74.4651106326
1742 87.0314298975
1743 103.969117867
1744 89.7510411157
1745 78.5468449089
1746 74.2678486954
1747 73.6746378905
1748 101.512278662
1749 76.620307561
1750 69.4718666186
1751 70.6923707074
1752 90.1595093585
1753 89.8334382472
1754 70.7412226102
1755 71.6235399787
1756 88.1683117049
1757 68.338598895
1758 93.0880138721
1759 75.9472815104
1760 81.8548124736
1761 87.3732293476
1762 73.051952724
1763 87.7710762254
1764 82.9085718493
1765 74.4598181439
1766 99.8261865467
1767 75.4735178512
1768 70.4617679218
1769 72.5670037486
1770 76.2702781223
1771 71.3518278618
1772 76.4134940484
1773 75.7575111577
1774 77.7924775171
1775 71.0524394302
1776 71.5124465292
1777 68.7183318484
1778 72.5652923117
1779 99.7527973789
1780 72.276939961
1781 81.2241793165
1782 74.0307563123
1783 76.0926901051
1784 72.980808588
1785 112.654342785
1786 69.244115876
1787 75.0203090555
1788 79.1574291234
1789 76.924835519
1790 77.1308094873
1791 75.0232628653
1792 73.2031018778
1793 69.4107413762
1794 71.4643517747
1795 92.2511823108
1796 90.7917436842
1797 94.1674225709
1798 82.1641044501
1799 99.866554769
1800 100.054011094
1801 82.8470735112
1802 71.1444430333
1803 77.6188396776
1804 75.7785683369
1805 87.3112928536
1806 84.1864069553
1807 78.7788651691
1808 81.4974601908
1809 87.1776424376
1810 56.626301489
1811 61.9343124999
1812 96.2466069411
1813 84.0619750537
1814 68.1679260072
1815 80.5504748132
1816 101.064733483
1817 107.361691129
1818 56.0884997618
1819 65.0865643608
1820 56.8085520612
1821 71.2957130639
1822 64.692882865
1823 67.5920418472
1824 53.6938594375
1825 67.7282810903
1826 106.267986873
1827 63.5780864553
1828 55.8852818384
1829 153.008150188
1830 106.712246025
1831 88.02713803
1832 98.0627844809
1833 101.813163107
1834 75.6716815983
1835 70.4924915063
1836 87.8092510703
1837 57.5320002844
1838 56.6703020589
1839 66.3262428687
1840 54.1333807539
1841 95.2102611483
1842 57.8748670096
1843 56.82801632
1844 56.7991556795
1845 62.6239748331
1846 78.3968126238
1847 73.262911616
1848 56.3729221151
1849 92.1465415104
1850 81.2584769652
1851 69.504071692
1852 63.0524238326
1853 69.5083179205
1854 57.0375678225
1855 96.2232713909
1856 55.3631271029
1857 57.9006345835
1858 61.6417533038
1859 83.4917121333
1860 67.8000121727
1861 74.5867733252
1862 71.2118193775
1863 63.0906208049
1864 54.8446799078
1865 56.7613498754
1866 56.5540373993
1867 76.1065002287
1868 101.924402795
1869 55.746551978
1870 59.1844051267
1871 100.623331387
1872 91.1357598751
1873 60.1692082603
1874 99.5652107362
1875 81.2714891232
1876 66.3630590539
1877 133.958062626
1878 85.8167531481
1879 104.890163307
1880 108.794934604
1881 89.4501018314
1882 61.6990679588
1883 90.1088354187
1884 110.279965173
1885 67.5417815549
1886 109.757208843
1887 76.3788359884
1888 122.23087713
1889 109.487118655
1890 88.4502134156
1891 65.8264681761
1892 86.344742189
1893 66.2785482509
1894 109.925803206
1895 60.3321844673
1896 104.20659189
1897 61.0358305399
1898 69.5313934009
1899 62.5252548158
1900 65.7852949357
1901 156.445747767
1902 73.8393349626
1903 69.7954116816
1904 100.215961289
1905 209.829398235
1906 95.6093493709
1907 68.1879070918
1908 80.1395433022
1909 117.93874941
1910 64.3587229522
1911 70.0686654456
1912 121.130108715
1913 61.6873745772
1914 59.8421732122
1915 65.5202861679
1916 72.830087689
1917 65.483371967
1918 121.353036386
1919 68.6273178018
1920 70.2290818892
1921 104.728996781
1922 86.9951652164
1923 107.880450158
1924 84.7881218397
1925 120.618905243
1926 64.3242708241
1927 60.4959191693
1928 68.4150520934
1929 87.5214194644
1930 89.1602456457
1931 79.5074232692
1932 65.0503726116
1933 80.3627266251
1934 69.9717147639
1935 70.8372048408
1936 105.73024104
1937 125.676626623
1938 107.606710394
1939 85.3960904355
1940 76.8616861965
1941 96.8220153675
1942 64.3329772191
1943 75.3712775137
1944 72.3644758445
1945 61.5439692183
1946 61.749304645
1947 61.6890633851
1948 84.1784231331
1949 96.5937101026
1950 83.0727160173
1951 59.8306058929
1952 109.091275402
1953 86.3535075015
1954 59.1153996072
1955 62.1695689944
1956 66.1763787688
1957 65.0735909832
1958 96.0756499176
1959 96.0349055635
1960 79.2681747043
1961 69.8591087116
1962 64.9357067795
1963 62.6929896748
1964 76.6208744186
1965 78.7485668939
1966 70.0103503803
1967 61.2188594617
1968 84.2479771608
1969 86.3404478709
1970 72.5424830922
1971 59.9094678644
1972 59.3022185188
1973 87.9130443191
1974 81.2035267615
1975 65.9827734219
1976 67.7433470954
1977 61.6128987788
1978 94.1724182075
1979 186.941909696
1980 69.1740094724
1981 93.3775960515
1982 68.6747600016
1983 69.0144956744
1984 64.5264161766
1985 64.8858501515
1986 85.1985792857
1987 71.8632316154
1988 66.0361398966
1989 107.493750974
1990 138.586093684
1991 61.0366895931
1992 78.6449779151
1993 80.561942817
1994 60.7655428708
1995 83.6777607249
1996 95.8818267419
1997 64.2260349028
1998 61.2429485984
1999 100.027932101
2000 65.8679504647
2001 68.1539581835
2002 71.4576923699
2003 77.5410758927
2004 75.1943897828
2005 98.4869379307
2006 65.4683681584
2007 108.745740917
2008 67.2326553878
2009 73.4827521896
2010 74.6220588788
2011 91.6488111972
2012 85.6015513396
2013 92.1703438154
2014 64.5602688881
2015 78.6635869573
2016 89.8479384085
2017 64.9806575272
2018 65.7495188877
2019 79.4544063444
2020 106.928733653
2021 65.124522257
2022 67.6775850153
2023 70.9782846141
2024 74.6104738571
2025 82.3612979101
2026 86.5472576494
2027 98.0187207636
2028 99.9783017148
2029 68.9536901131
2030 70.8068587922
2031 76.589964395
2032 71.345530371
2033 67.9911987213
2034 75.4934701014
2035 75.3941997091
2036 67.3780692578
2037 75.3708832157
2038 98.4854637274
2039 81.5857068763
2040 71.3504650042
2041 74.1532263572
2042 99.9011675098
2043 73.1718996137
2044 76.2793779443
2045 86.0224180391
2046 101.242932951
2047 68.6022124102
2048 82.0652375104
2049 85.0244648059
2050 83.3773183006
2051 92.6586717926
2052 88.319432121
2053 71.1249429375
2054 69.1322362119
2055 69.9415083543
2056 65.2062822285
2057 78.2009723708
2058 107.812407429
2059 67.3857031392
2060 62.0661059986
2061 90.0808969659
2062 69.231757057
2063 106.046410321
2064 85.9839329809
2065 75.7589549815
2066 62.3953413955
2067 94.8458927703
2068 59.8724324653
2069 58.0755764885
2070 77.2929478928
2071 107.489442556
2072 114.46297517
2073 86.7621982696
2074 72.345838543
2075 58.668756255
2076 91.5189848054
2077 79.4736409151
2078 91.4396696219
2079 75.0846902121
2080 84.3898988818
2081 68.4093533851
2082 79.7480947497
2083 87.4315167121
2084 85.4124003143
2085 61.3920388013
2086 85.2090194215
2087 73.3140586235
2088 80.9664691747
2089 63.4765943514
2090 97.5610098029
2091 88.9969209152
2092 104.493234851
2093 66.790493184
2094 98.2575743404
2095 67.7690809779
2096 131.972008936
2097 70.3454823098
2098 113.320588262
2099 94.1669639708
2100 65.215580219
2101 64.6683453283
2102 73.4291331743
2103 67.7232467379
2104 69.1171691345
2105 95.5633315461
2106 61.720026107
2107 89.9170724962
2108 75.076104655
2109 65.3806154163
2110 61.4906855583
2111 99.8600820434
2112 74.222257087
2113 102.948655514
2114 64.5778241781
2115 57.3584364471
2116 60.348814131
2117 93.1167953848
2118 61.250037528
2119 78.0594496738
2120 58.9653283666
2121 57.5151987736
2122 65.4632606989
2123 67.8459355731
2124 86.3801025155
2125 57.7051772726
2126 70.6777648242
2127 82.1274951696
2128 96.5924841248
2129 73.6624900424
2130 102.961532775
2131 81.9950582466
2132 64.5338714116
2133 89.2834201607
2134 67.2453305402
2135 93.482191253
2136 92.8518820752
2137 72.8605007904
2138 73.497593076
2139 70.6428327172
2140 68.2035706479
2141 64.6873349774
2142 66.0722646961
2143 69.5190825518
2144 84.2797329105
2145 80.4445161111
2146 71.6258769431
2147 83.5053283028
2148 64.4553609158
2149 70.703361985
2150 78.8660435295
2151 94.3307351776
2152 66.037450957
2153 70.6048637564
2154 78.8552437372
2155 64.9172806585
2156 81.2935630352
2157 79.1808500397
2158 81.749977167
2159 89.6560035519
2160 74.7903037252
2161 80.0378301787
2162 73.4244200705
2163 73.2324419063
2164 70.262786589
2165 71.9865780569
2166 71.8994045215
2167 66.5540106579
2168 85.6668557763
2169 92.6939556086
2170 74.9311777035
2171 69.1189067153
2172 71.9411700532
2173 82.9319347899
2174 94.6390081694
2175 67.3992751375
2176 72.5676835913
2177 70.3129920616
2178 65.9428315526
2179 72.2020552261
2180 70.6874138468
2181 71.4413182606
2182 63.6195882702
2183 73.062520569
2184 65.4314846691
2185 68.2573755843
2186 86.939491911
2187 102.632820903
2188 91.6295892522
2189 73.6877995563
2190 90.9922293768
2191 122.636060879
2192 71.1117996841
2193 105.02009714
2194 67.5053487877
2195 101.875928382
2196 79.3923756196
2197 72.0443400945
2198 98.3473550441
2199 92.9285549599
2200 66.499294024
2201 88.1902030535
2202 146.763329047
2203 101.773659092
2204 64.3875842401
2205 69.4433528231
2206 57.9608646924
2207 71.5024857463
2208 97.8355371086
2209 60.8012958345
2210 104.116480789
2211 74.2737722345
2212 89.0626352907
2213 60.5878688544
2214 59.8578448881
2215 107.535351379
2216 101.246635216
2217 63.4830540596
2218 103.242963156
2219 79.6072482038
2220 86.6422558986
2221 57.7578632926
2222 58.6433146236
2223 72.4488582606
2224 65.287629601
2225 58.3108756223
2226 74.5843756399
2227 64.3282307113
2228 70.1961101761
2229 68.1976078594
2230 71.7008079454
2231 58.886596185
2232 75.9544858793
2233 90.6856506656
2234 58.7746436248
2235 68.4488233546
2236 88.1795742321
2237 58.6746633878
2238 82.4547963551
2239 59.0789978938
2240 87.0550155296
2241 76.8644621961
2242 108.30608534
2243 101.59231014
2244 59.9168050607
2245 76.9462099609
2246 73.7803574269
2247 73.6547416105
2248 78.7737883915
2249 73.7505250279
2250 93.6839752135
2251 55.1852425209
2252 97.4676782172
2253 59.9976533301
2254 65.2794902358
2255 71.1339635107
2256 75.5233469671
2257 60.7549672073
2258 61.3840670855
2259 96.052313652
2260 81.4871263661
2261 57.7412114066
2262 77.5832530967
2263 97.0868687355
2264 73.776944393
2265 93.6586172061
2266 104.545620774
2267 76.1854169908
2268 78.4808203754
2269 72.7126100754
2270 75.3769018577
2271 74.7950866139
2272 76.6943009534
2273 99.0093608675
2274 84.9893000625
2275 95.2739111934
2276 111.86970884
2277 75.4140334399
2278 79.2518550099
2279 73.5241753647
2280 83.1467553199
2281 82.4700453618
2282 70.523128623
2283 73.1381950279
2284 79.0599009866
2285 74.9209843952
2286 74.6408397895
2287 152.094659191
2288 103.635264393
2289 73.4991666016
2290 113.252234876
2291 77.5189435637
2292 76.0024259757
2293 88.3275355781
2294 86.264025534
2295 103.842581711
2296 85.1154986044
2297 91.9309420538
2298 85.9332602878
2299 74.7101370874
2300 80.4612822526
2301 74.3251629622
2302 101.612405152
2303 74.4112689823
2304 98.7191642372
2305 79.4193738911
2306 74.6812225304
2307 105.786488459
2308 73.0583340619
2309 74.3761530419
2310 73.1644671125
2311 72.5678849142
2312 79.2723313792
2313 73.4359521735
2314 86.0703042857
2315 90.2900180137
2316 79.6625919979
2317 72.9226887686
2318 74.536690385
2319 109.135325734
2320 76.1593983789
2321 80.6325890257
2322 87.1779780927
2323 110.619177966
2324 96.9027246874
2325 90.3248643941
2326 94.2318739811
2327 84.4253972653
2328 61.3388865626
2329 81.112321661
2330 82.7182121407
2331 61.7561176167
2332 62.3799163556
2333 61.5597916647
2334 98.7853763094
2335 62.3802170816
2336 75.4192549286
2337 93.9485564106
2338 68.0339899271
2339 62.9754573004
2340 93.9651787648
2341 95.6908560746
2342 67.973001479
2343 74.9831530951
2344 89.0050965906
2345 82.3979831878
2346 87.9141392287
2347 62.9893977114
2348 60.8973499297
2349 69.5499293357
2350 63.3179856256
2351 64.628897205
2352 71.1180612947
2353 72.4903776931
2354 63.1620617989
2355 83.196799084
2356 75.9318182823
2357 89.6393395041
2358 62.1320387396
2359 61.275969805
2360 65.1837387475
2361 71.2618094606
2362 86.0964198405
2363 76.1459558342
2364 68.7808362943
2365 64.8405992082
2366 69.3695071716
2367 69.370257871
2368 72.3271815822
2369 64.9899767062
2370 75.2664548452
2371 80.6709864266
2372 60.025283187
2373 69.2775596252
2374 65.191820123
2375 81.229045532
2376 85.9419782475
2377 81.3359049929
2378 62.5190269003
2379 62.4183253241
2380 96.9867797889
2381 64.8653582333
2382 65.2904482128
2383 71.4097768911
2384 59.7089229727
2385 67.8790117637
2386 84.8928222161
2387 61.9062379099
2388 72.7302250125
2389 70.1024847586
2390 66.9745182505
2391 66.4944708371
2392 70.0542910362
2393 57.5928850333
2394 102.218045614
2395 64.3243413076
2396 96.035996653
2397 65.2164014418
2398 59.6674534868
2399 65.8118651327
2400 90.6869945896
2401 71.6796626211
2402 76.3808936062
2403 70.521457469
2404 57.7554442211
2405 61.2030012984
2406 91.1366859538
2407 76.6933658691
2408 71.5587917134
2409 76.7010262641
2410 59.2436132409
2411 56.4638215971
2412 64.0015017326
2413 57.0521296842
2414 56.1435784237
2415 61.4455758597
2416 57.5704427551
2417 75.438828989
2418 59.4773052581
2419 80.9629053186
2420 94.1236535238
2421 87.8278162187
2422 80.3653005732
2423 74.8311989521
2424 79.2581777952
2425 57.0367195113
2426 62.3942706148
2427 57.6127629388
2428 84.8743183415
2429 80.8954194656
2430 55.5659541765
2431 57.9939256876
2432 76.6159167532
2433 88.0821290118
2434 94.0643896521
2435 56.2715473818
2436 58.7833144782
2437 101.724557742
2438 68.8670665194
2439 63.8485934064
2440 91.3961418367
2441 58.7795650892
2442 74.4726369498
2443 59.4220741051
2444 96.1532104349
2445 60.3665258961
2446 56.4535813216
2447 65.2372005366
2448 160.437979787
2449 61.820791663
2450 62.3824086755
2451 64.0693527079
2452 58.8124206552
