u s
1 54.3127201981
2 68.2887732191
3 53.6160594999
4 64.9533111148
5 62.4795104032
6 52.2050058754
7 56.501979356
8 54.9129781668
9 68.808503431
10 62.9257059779
11 59.8878982122
12 66.675645298
13 70.1948863625
14 61.7082826393
15 70.3078668874
16 59.171747494
17 55.5733309489
18 53.5659520861
19 153.132681503
20 55.2998753597
21 60.3189353654
22 58.9436744139
23 68.7103710301
24 63.2522565143
25 65.2599104348
26 67.4391467171
27 70.3830559462
28 50.616558168
29 50.6727338312
30 67.7925916601
31 66.5175792021
32 78.6584612438
33 60.5078161953
34 69.0040782158
35 56.782418587
36 67.7101473177
37 74.4317863096
38 60.8027113816
39 56.5813277703
40 54.8465646285
41 64.6649295394
42 55.4431154296
43 62.6059069756
44 62.9740133161
45 72.2491755772
46 66.2960729341
47 62.3686682756
48 53.5179821062
49 49.2176910107
50 61.7686045348
51 58.6310102523
52 62.7712370498
53 72.243434235
54 60.8534964511
55 155.634930787
56 67.7527084057
57 79.1109372246
58 61.1328075491
59 62.0437735937
60 63.3978862517
61 62.4554652311
62 80.4260021058
63 64.0182424778
64 63.7844489671
65 82.8076299605
66 46.2172088531
67 59.910519294
68 56.7708237947
69 57.9109765366
70 55.8346214318
71 45.9381092199
72 51.0173826077
73 42.3117328449
74 65.7275920283
75 57.2995563359
76 62.1072108483
77 53.4250578339
78 58.6722996498
79 54.9630880164
80 64.634919949
81 46.3809861529
82 54.6555975099
83 52.0855713513
84 54.3760296871
85 55.8734504629
86 51.3355629393
87 51.6109981845
88 52.9557357805
89 56.2516625309
90 47.4802676854
91 51.3107156702
92 50.146738493
93 62.2465806954
94 66.7385849415
95 49.7144019211
96 51.8551516137
97 51.5496962788
98 88.6286322655
99 47.187279673
100 54.3679619867
101 50.5025586979
102 53.8891965944
103 53.0202870788
104 59.4048021542
105 51.4560638646
106 57.8347689644
107 52.3560113898
108 60.494308778
109 59.4116566994
110 48.6588030112
111 53.476271779
112 65.6318521548
113 55.4162668442
114 58.8241112654
115 53.5187523845
116 59.0328165967
117 54.8125855598
118 56.5577557159
119 51.1560692519
120 62.9454507833
121 58.7677830934
122 55.2142501615
123 62.0017538989
124 51.9583289693
125 44.595102765
126 55.3217153587
127 52.1295803218
128 49.4187952975
129 52.1361433149
130 50.1296880217
131 48.5835437831
132 56.0236712241
133 57.77913297
134 50.3177361587
135 50.7647255002
136 49.0873583255
137 50.2779285872
138 43.9762030951
139 49.6937035756
140 48.8184553203
141 52.4490056531
142 47.0811799683
143 58.7823748201
144 49.1504628124
145 48.1455898955
146 43.3359434721
147 43.7441474497
148 46.404535589
149 48.2071953327
150 50.027194583
151 46.9176092861
152 48.6299400769
153 48.2837255301
154 47.0355632229
155 51.649722932
156 51.5386710654
157 49.3441739751
158 49.0788813417
159 58.3785266526
160 49.8193173823
161 47.1649336357
162 49.3180172213
163 51.7023190465
164 44.7217793435
165 53.5860107598
166 49.318049128
167 45.7327799674
168 49.4851679059
169 68.5626766641
170 57.5803033857
171 46.8543889769
172 45.8426888836
173 45.2199789827
174 51.7165700925
175 57.4388614723
176 49.2409963949
177 48.90798612
178 47.427848214
179 46.1859786593
180 54.6320997361
181 51.0548461152
182 44.7180920348
183 47.4825319712
184 40.1027048058
185 44.1555232512
186 55.6289010714
187 59.586278773
188 42.5041699877
189 54.3328991339
190 46.8572485369
191 43.8615379172
192 48.6743811231
193 49.7117658945
194 48.0582610926
195 43.8109237969
196 58.5012213218
197 57.7175419277
198 56.7467299228
199 65.8915228619
200 55.6060358619
201 51.6929840211
202 61.0003184401
203 61.2247353462
204 56.7146484262
205 58.9606558398
206 53.2477501725
207 50.060139538
208 58.3857203174
209 62.6743622408
210 60.1693421505
211 51.6439259947
212 53.2830096468
213 50.2559045987
214 47.1774593308
215 50.070275683
216 51.3561679654
217 67.8496906496
218 63.9717955843
219 58.0277042824
220 48.7540674515
221 56.1711417201
222 56.2706056233
223 60.7706530823
224 59.0940038128
225 65.4063904375
226 58.3384406284
227 63.0385373898
228 52.7291722675
229 43.5978097169
230 60.2452486768
231 61.5225827587
232 55.5699342086
233 175.066288801
234 58.0199890206
235 55.0485018799
236 190.961603069
237 60.5874397415
238 54.776116913
239 60.3363222617
240 51.4739841449
241 63.4139360636
242 60.2133765856
243 60.2873835528
244 55.524782051
245 55.5323474047
246 55.6419871094
247 65.5064666879
248 49.7730698919
249 58.4032779512
250 61.9754410244
251 58.556701381
252 57.2397933613
253 46.0087490597
254 51.5085243589
255 66.4312067634
256 60.5538816696
257 59.2228223091
258 60.1370098424
259 50.9710798417
260 61.4779190445
261 49.2186399378
262 47.6567612986
263 51.4711742813
264 52.9082653993
265 48.6572101961
266 46.8349618961
267 49.4602840297
268 42.9946173569
269 50.6194827399
270 57.8069853554
271 54.091027245
272 50.8273098172
273 46.9965850107
274 58.3117644432
275 47.3451738403
276 54.6129885421
277 55.7751713588
278 49.6770650314
279 51.0535738161
280 49.1474758658
281 50.9239663799
282 54.6455923794
283 54.7708071626
284 53.2968618293
285 55.8601564279
286 52.3176258118
287 54.2193914882
288 48.3035877346
289 50.0460737051
290 62.6564122081
291 53.7010161689
292 60.7270731978
293 50.8081210732
294 53.9647628729
295 44.7525308749
296 47.5989470871
297 52.6457096502
298 48.5508576406
299 47.6798058607
300 53.8130551011
301 51.645894173
302 48.2851631493
303 49.4290323745
304 49.1014196697
305 52.5642428477
306 61.0869281312
307 49.5359328331
308 54.3401467987
309 46.4219609113
310 50.6994314178
311 59.3577837304
312 46.9248139256
313 46.6475085354
314 48.3641413343
315 61.2235912273
316 53.2329400344
317 49.7332932216
318 46.5570081863
319 53.678312723
320 47.2548724062
321 49.0971951083
322 52.9292772349
323 57.7584309044
324 59.1914180484
325 48.7226593537
326 49.9896639041
327 46.0492917776
328 53.6675093
329 46.7983500887
330 47.5864784349
331 46.7736994268
332 51.2656625826
333 57.8136806865
334 45.7958229149
335 43.8943348191
336 52.1071041299
337 51.0720589788
338 41.7443712419
339 45.6456405391
340 48.0528633852
341 49.0276590321
342 53.722023053
343 44.3817118815
344 44.1677976746
345 46.2556161272
346 46.8274075879
347 55.834573332
348 48.3246536871
349 49.5546217635
350 52.3316540875
351 47.8593099252
352 47.3415510825
353 46.4071750227
354 44.0242853588
355 52.074581211
356 54.4850151662
357 52.2192018573
358 48.2631861791
359 43.3637569299
360 47.1988146545
361 49.2679647008
362 48.8426093633
363 47.756413212
364 44.2194380798
365 46.3338508796
366 47.0096156382
367 53.1934740617
368 48.0721013022
369 47.4533238722
370 31.0526520841
371 54.537540161
372 50.5875181536
373 53.4780093072
374 46.3230377896
375 42.5167298525
376 45.8102683693
377 44.4049899336
378 47.0897877387
379 51.033106132
380 46.0583228764
381 51.6668031226
382 49.1740233665
383 61.0530624498
384 45.1214470602
385 42.4276136973
386 46.115038106
387 50.7286958896
388 46.9179043187
389 50.9581781369
390 47.6939443038
391 51.2343735614
392 54.0544793928
393 52.9753589375
394 55.7810482556
395 52.9808562879
396 58.506517221
397 60.2038437557
398 64.1785101058
399 64.2663013013
400 55.5251716589
401 52.9891485107
402 48.6285953009
403 60.2806328926
404 66.0515676375
405 61.197286748
406 55.4266615638
407 53.9229782775
408 46.1208154175
409 52.489896446
410 63.1757780175
411 53.9338830763
412 57.394497369
413 67.6643975064
414 55.4078959045
415 57.25093265
416 58.7726000477
417 63.8908028224
418 50.9279407189
419 49.0492675893
420 55.3882856551
421 62.5849175048
422 47.4287586128
423 69.5905044279
424 60.9744074839
425 58.3051282578
426 58.4640635333
427 52.4383617528
428 52.6534005
429 60.1724159462
430 52.5688716005
431 59.8496567595
432 46.7978328673
433 60.9323140158
434 61.895428872
435 70.9207612041
436 59.3744275686
437 65.8201671661
438 56.9176043023
439 53.594122475
440 53.6516545657
441 61.3583899233
442 53.5684757947
443 57.4041777742
444 54.726977769
445 64.2196478722
446 51.6303884933
447 53.4030963862
448 52.3759215959
449 54.1933234882
450 59.6478209595
451 50.1454554612
452 44.0969959049
453 63.4841029053
454 19.2127594067
455 48.2325641914
456 44.9193248017
457 55.7137736593
458 44.5494066992
459 37.9297678565
460 51.5818386444
461 43.7069991169
462 43.5560609834
463 47.8785703044
464 43.9207076498
465 39.3685754186
466 50.4914200754
467 45.1177782852
468 51.250546671
469 57.1508015163
470 50.506939502
471 56.2388387017
472 55.5887922914
473 45.9948146463
474 47.6822903325
475 47.7387735618
476 54.022408326
477 48.0318137077
478 46.5414365603
479 50.6486862108
480 45.4382984058
481 48.6312497234
482 46.940656263
483 44.4239499434
484 46.2034942944
485 49.7344431789
486 45.8459781528
487 54.2684822753
488 56.1566098125
489 45.0826573085
490 33.1271425433
491 51.2256706956
492 45.5393632286
493 54.9544640333
494 48.4077874329
495 53.7991053913
496 46.8771763259
497 46.5421331236
498 50.599741033
499 46.692723105
500 48.6654823555
501 42.7251549921
502 41.5073834174
503 44.3968880663
504 48.6846554078
505 52.2706660367
506 53.0029296496
507 49.0173749277
508 45.0075231084
509 52.012629282
510 45.4942758211
511 46.3536206459
512 46.8713072631
513 44.8307764452
514 56.3621437683
515 46.8348719278
516 46.4243365175
517 48.5909521941
518 53.0532493453
519 41.9137764665
520 55.5880991787
521 54.8441973907
522 49.80927279
523 55.3390233323
524 54.3373750494
525 54.4114454918
526 61.7206994462
527 54.7391789333
528 52.1781135027
529 52.4502042589
530 47.2848691639
531 50.1699320075
532 55.6348216317
533 55.2243266191
534 49.8222833312
535 58.1739625471
536 62.6941072841
537 47.2888389913
538 49.5931705333
539 51.847007599
540 51.3646350932
541 55.2909554361
542 54.125299512
543 48.5405216426
544 64.2221119968
545 56.3374681874
546 57.7542993556
547 43.77723447
548 54.5567911636
549 57.0941815306
550 53.5282628357
551 50.0762746851
552 49.457067025
553 50.6249217734
554 60.2279786964
555 46.7973212342
556 41.1168728975
557 57.7460524305
558 56.2964600341
559 55.649472073
560 60.9808678257
561 61.3715061575
562 78.0182077385
563 46.4212008914
564 68.8200034268
565 51.9312496384
566 52.7918947827
567 60.9860589891
568 55.7971079776
569 53.6389404971
570 58.2527509202
571 53.4968056585
572 49.4381199484
573 52.3367644406
574 56.0605440129
575 54.2660746712
576 61.9909864984
577 55.9238968949
578 52.0876158386
579 48.0334035286
580 52.2538804046
581 58.2962730862
582 54.9186037732
583 55.8126293041
584 53.7709985122
585 65.7057386594
586 63.6358920087
587 74.7971722406
588 67.0637799967
589 76.5651634924
590 70.0601536265
591 61.4144114769
592 56.0642384283
593 50.8668545307
594 63.2814169275
595 58.2408457918
596 64.1241449176
597 73.2012492929
598 61.379632238
599 62.3099176955
600 66.6228410125
601 54.3815588251
602 58.0958335999
603 53.4905558354
604 57.0773122471
605 60.3521238638
606 52.5864243605
607 64.3094967773
608 59.28631499
609 71.0869324791
610 34.1015621857
611 58.956021712
612 59.8458936932
613 42.6256092542
614 51.812987591
615 54.2949653835
616 62.0112898919
617 78.0254713494
618 57.4233703069
619 58.062366739
620 59.607229274
621 56.2484239999
622 66.574351891
623 57.6505934687
624 58.9897743379
625 54.6852981727
626 52.4498951494
627 52.8418879099
628 54.3224604205
629 57.4947125018
630 58.4569089115
631 61.4563638966
632 64.8435361573
633 69.1404394553
634 55.6333298585
635 61.1029309168
636 55.4380404856
637 66.9750326319
638 56.7972024255
639 57.714263046
640 57.0158936282
641 55.5069103329
642 57.2257158162
643 57.3027194961
644 57.1659817586
645 70.9645527361
646 58.573398388
647 56.0448799491
648 69.6222986893
649 55.3855327572
650 65.3172642463
651 52.3948690435
652 46.5681157415
653 56.0743853373
654 48.6397113471
655 59.6994721527
656 54.3903815037
657 54.4305583724
658 56.6383843383
659 52.4448412407
660 57.0984315658
661 61.5544306964
662 51.9181284861
663 53.6919878063
664 48.8803227982
665 48.4303878161
666 56.1542095179
667 65.9290457637
668 48.6723394334
669 54.940451263
670 47.6833964808
671 60.7517823798
672 61.057804006
673 50.7598279938
674 49.0121772756
675 52.524498261
676 50.6365670827
677 63.1001537514
678 53.8796245005
679 48.0712440146
680 55.0984090807
681 49.9410076808
682 55.4550186835
683 48.9320810888
684 21.4173581
685 54.5345157162
686 49.8142510887
687 51.5604219005
688 57.6098414712
689 46.508779492
690 49.4887839316
691 53.9180323395
692 50.6510518095
693 50.9697282209
694 48.5054530593
695 46.078497852
696 55.0065156421
697 49.9952737021
698 60.3733726499
699 49.2779085724
700 56.1349347711
701 52.4683102866
702 53.8374879592
703 46.7230716386
704 47.3770031878
705 56.9413883182
706 51.0422260518
707 59.8390410012
708 59.1400686014
709 61.1266781786
710 49.571355763
711 52.994618179
712 51.8254296728
713 57.4395823366
714 40.8921008484
715 60.8283919415
716 50.4578505521
717 56.1002831498
718 62.2827878512
719 70.7869764779
720 54.050979396
721 63.4363058319
722 55.6307268216
723 54.9025825228
724 62.1865878766
725 70.5843656122
726 61.3505516391
727 52.8158200359
728 60.7609873533
729 64.7431457708
730 54.0966516219
731 56.0766239222
732 57.6305539511
733 57.5555709458
734 57.1258173087
735 60.9121216008
736 58.084520707
737 54.3069954772
738 64.1037154909
739 64.8129053398
740 59.8486656113
741 61.0130172918
742 70.9895730044
743 53.9117522536
744 59.9695312882
745 62.9745295298
746 59.4371927087
747 54.9745470862
748 63.0933191493
749 67.8218637812
750 58.0164385185
751 67.6807478821
752 65.4807706425
753 53.7773131707
754 56.0077448889
755 58.39567285
756 58.7601697945
757 55.9090004331
758 75.7399131677
759 59.7141339734
760 60.2799115052
761 59.3025625346
762 63.3606085202
763 66.1269097661
764 60.0924869636
765 57.5167978925
766 54.0720486558
767 61.6604476847
768 69.9747804581
769 65.4920776162
770 57.6969722575
771 65.7362887223
772 53.7415173277
773 68.1176183823
774 59.1061992304
775 66.2422097735
776 57.622944204
777 52.4269926149
778 71.1035359392
779 64.6309164004
780 49.3615580187
781 58.8227371121
782 54.0241389025
783 49.4991113678
784 51.0726154809
785 48.8409471824
786 49.5758785232
787 42.954111227
788 53.6754675484
789 62.5769241628
790 50.9525455849
791 56.6567554918
792 58.5834651071
793 51.3669534838
794 52.4215599068
795 51.1076506469
796 50.3153842327
797 53.0191843994
798 59.283297168
799 39.0505173911
800 41.7089603454
801 51.1368609571
802 51.1665688581
803 56.3624915647
804 51.6358092427
805 56.3382996443
806 51.5633400949
807 51.049139593
808 52.7312313287
809 53.320213605
810 46.7025158232
811 58.559537165
812 59.3681973702
813 58.6231450857
814 55.3939497585
815 53.8860838422
816 48.9768427806
817 54.0899852227
818 56.3014848178
819 53.6743729564
820 54.8438929117
821 52.4173223582
822 64.7058666217
823 51.7714817501
824 49.3071046274
825 55.3514904672
826 52.5871177338
827 48.1985681899
828 49.8549270624
829 50.317789071
830 55.7288692224
831 52.3126599063
832 50.29819308
833 48.5429501262
834 49.1944983418
835 48.8266579136
836 50.1146104507
837 52.4218095111
838 53.5246675152
839 49.3170119904
840 56.7637613135
841 56.0071699769
842 49.4307888927
843 46.3287570988
844 46.3494035435
845 57.3072978745
846 48.6310054469
847 62.6346139752
848 60.8612684108
849 71.4438147756
850 56.0595287828
851 71.3497324683
852 47.8337243688
853 64.8322073016
854 56.5863358168
855 63.796849539
856 56.5358960017
857 57.2048870445
858 50.6739936359
859 54.8598182117
860 58.7600015899
861 57.4018057929
862 56.7689781378
863 56.9958818613
864 55.5575455218
865 55.7114360234
866 43.9325254395
867 51.1386243713
868 68.3821663986
869 66.4166358903
870 47.1694643442
871 54.90847033
872 50.0292001793
873 68.0296867973
874 52.9572171775
875 58.0421690439
876 60.8448783167
877 60.6138686545
878 54.8016077872
879 49.7918779114
880 59.3245543508
881 45.5638264866
882 63.8623467179
883 65.7194206795
884 59.8651442065
885 56.9824866908
886 52.9016470384
887 54.9927085304
888 57.690902357
889 50.5633306588
890 61.5847686957
891 54.1839171817
892 56.2922502288
893 58.7551576009
894 67.0179352669
895 65.8518424447
896 69.6266343277
897 59.416883067
898 51.5155842295
899 59.1753048015
900 58.1377196827
901 51.9862737732
902 65.3787481822
903 51.9242776332
904 47.160979332
905 60.8768393428
906 70.8698435916
907 56.539173224
908 55.5559719436
909 66.3400224711
910 51.3754168831
911 58.634164915
912 51.4574556559
913 54.4160494716
914 57.519947908
915 41.9406481168
916 58.6915535927
917 59.5130836744
918 54.1410901171
919 62.9518362675
920 52.9391111274
921 54.5918520388
922 54.3749317911
923 51.7974603821
924 62.3740593823
925 53.2053859747
926 46.4162093973
927 55.3199664151
928 55.0187751946
929 47.2656819935
930 60.822553817
931 49.9670062322
932 58.5990697821
933 52.0096726175
934 54.1890617278
935 48.6635167208
936 52.941717647
937 46.4342440144
938 55.0660988908
939 54.2947693227
940 55.709688788
941 56.0054051664
942 55.8496676235
943 53.2072605945
944 53.7680720758
945 61.234473924
946 45.3600815756
947 48.925104198
948 56.9183594464
949 47.1480992737
950 53.7567995165
951 51.8642344471
952 53.7191456943
953 52.2749891944
954 49.3067671207
955 54.5983521486
956 52.2611300474
957 65.2241882516
958 53.131754049
959 54.0152902016
960 44.224147612
961 59.169583759
962 50.2841301655
963 54.1623704015
964 57.417841442
965 47.1496203872
966 48.9607150431
967 55.0933533974
968 51.610874987
969 56.3131699684
970 59.4332314342
971 58.2443649625
972 53.0637322324
973 53.6152650029
974 45.877156815
975 48.9117155338
976 45.2891452741
977 55.8285926919
978 49.2405831584
979 48.5092163482
980 39.5477746767
981 52.1921071305
982 44.936196962
983 42.1704600129
984 43.3962103904
985 46.8817162282
986 47.3022800731
987 46.0064160329
988 47.8833302609
989 48.7803080923
990 55.93961615
991 47.8159904892
992 52.5661499858
993 58.8525189911
994 48.7405005324
995 46.1081219141
996 50.6588954218
997 50.6773186822
998 42.8018738971
999 47.6225526977
1000 47.9467527824
1001 52.5396970515
1002 51.8725226024
1003 52.2792096248
1004 50.0859928461
1005 44.2730945431
1006 45.8413980497
1007 49.3825405162
1008 41.3908495595
1009 45.3305438423
1010 45.4407310748
1011 43.7345275094
1012 47.0309276044
1013 44.2443318865
1014 52.4953310427
1015 49.8719778979
1016 46.4324489154
1017 50.1456916952
1018 46.6062251337
1019 44.8697735715
1020 54.4286122496
1021 33.6328848862
1022 44.0916689401
1023 47.0199871652
1024 44.1250040705
1025 48.3140847822
1026 51.4632442701
1027 48.77010868
1028 47.4215851142
1029 44.425271867
1030 41.9303441182
1031 47.2485042547
1032 44.2522413052
1033 45.6148952171
1034 46.07231197
1035 48.694353026
1036 52.7277865702
1037 55.0802416898
1038 48.4898453361
1039 50.7898410146
1040 58.2907122994
1041 57.5627234393
1042 64.7721885413
1043 53.7326290562
1044 52.1813099142
1045 59.2882700438
1046 56.3137290973
1047 56.1558048581
1048 50.1380683812
1049 46.9843517206
1050 42.4392186168
1051 54.568109885
1052 40.4310580872
1053 48.2626122194
1054 59.0602754333
1055 51.3601428989
1056 60.3520379261
1057 52.8697663883
1058 42.6497536184
1059 51.0243988155
1060 53.8704347753
1061 61.4355351489
1062 60.2489708919
1063 60.3320314895
1064 48.0813729661
1065 50.7407506656
1066 53.9172316528
1067 47.1202008205
1068 52.9815354626
1069 57.7131035191
1070 60.1647757593
1071 58.9844828736
1072 51.2549909803
1073 59.939550602
1074 50.4591915588
1075 16.7824932667
1076 52.9268614285
1077 50.0932427828
1078 51.8115998346
1079 50.5026140227
1080 50.6567950685
1081 52.8309848458
1082 48.6194576601
1083 59.5508266621
1084 49.2955338923
1085 59.0578445381
1086 51.7250043218
1087 61.6827972869
1088 47.9696784391
1089 47.3209446625
1090 50.1924203268
1091 48.9809678073
1092 53.7684213624
1093 56.4213094842
1094 52.0160428598
1095 51.291997382
1096 54.831796592
1097 49.5107248668
1098 53.3813159414
1099 48.4797363722
1100 47.3021570689
1101 50.8338313734
1102 51.1842333913
1103 47.9139985334
1104 54.5896851374
1105 51.3506848111
1106 57.9746051879
1107 54.5429658917
1108 52.2810806786
1109 49.8453505777
1110 51.9234995744
1111 51.9948428227
1112 54.2871067807
1113 52.4596136877
1114 50.1032974716
1115 39.5455436493
1116 52.5310609897
1117 62.419497908
1118 49.6778191262
1119 52.1734152955
1120 65.2212693895
1121 56.9544895709
1122 60.0039748567
1123 53.3523190403
1124 53.2246209465
1125 45.6027883749
1126 50.3489661918
1127 61.2356503695
1128 47.950726013
1129 54.3157692379
1130 47.6366244494
1131 47.3061710879
1132 49.6619765641
1133 65.6111368815
1134 63.286538644
1135 49.7694778416
1136 52.4106014627
1137 53.3719124987
1138 53.668908615
1139 60.1164102232
1140 49.3619167704
1141 55.0672292943
1142 47.4215248183
1143 52.5158122667
1144 56.2908276388
1145 63.0911812529
1146 56.5022155197
1147 49.6243957847
1148 56.3595042141
1149 55.0432087973
1150 50.5948242843
1151 49.0459963333
1152 52.2367592228
1153 48.3824247839
1154 53.6280392499
1155 48.0713577796
1156 52.521531948
1157 54.655790779
1158 44.0517004867
1159 48.2031324334
1160 49.3469783795
1161 51.1287339821
1162 55.3757937607
1163 55.2307850638
1164 54.5032958032
1165 55.4855583729
1166 45.6313011232
1167 47.6210200599
1168 48.278134772
1169 50.2470259816
1170 57.1656603001
1171 47.2238424524
1172 50.3472293149
1173 57.0757819579
1174 52.7610724318
1175 49.8909083258
1176 48.0603266098
1177 51.2906424265
1178 53.0742977268
1179 50.1417524663
1180 48.4214476922
1181 62.5443972628
1182 52.4444652841
1183 46.7010559042
1184 45.7156366148
1185 48.3435292512
1186 40.9717924919
1187 51.2338538167
1188 48.1986604556
1189 47.2138816664
1190 52.2692997677
1191 49.9739444657
1192 56.0039617694
1193 56.7140854054
1194 56.5701658095
1195 51.3669950172
1196 47.0337565289
1197 45.4154360459
1198 47.2463689416
1199 56.5152970743
1200 53.2840579451
1201 51.9095429556
1202 53.6301384308
1203 52.8645818178
1204 49.6282159368
1205 48.4901429303
1206 50.5403404599
1207 66.4423982294
1208 51.7639711686
1209 56.3059763198
1210 49.6644561681
1211 48.5664886084
1212 58.3069767631
1213 50.2803783708
1214 50.6111248385
1215 45.0605626511
1216 55.5450806108
1217 51.861426253
1218 45.3845988968
1219 49.7226076544
1220 49.9334750714
1221 48.7342734856
1222 56.3177869094
1223 46.7357544619
1224 50.8868704114
1225 53.7236423913
1226 48.8097699848
1227 59.8281434218
1228 51.8108007514
1229 47.8375985196
1230 45.4982507848
1231 47.1679434688
1232 47.1168142098
1233 47.7416560797
1234 53.8750803105
1235 58.8827526985
1236 46.0027285327
1237 46.487936879
1238 39.4986309995
1239 48.543435756
1240 56.3537646961
1241 40.2732848866
1242 50.473751425
1243 50.3857057048
1244 49.51657588
1245 58.8101935394
1246 54.977105118
1247 47.9248317019
1248 47.2624382418
1249 46.701922058
1250 40.3244027621
1251 43.9227908634
1252 45.6521107154
1253 49.5020967829
1254 49.5084137065
1255 49.06492461
1256 43.9032194951
1257 45.509439314
1258 45.6299792997
1259 45.3973943468
1260 52.7024485819
1261 51.9115568891
1262 49.5027409238
1263 47.4259163098
1264 50.5535512726
1265 55.6054609187
1266 55.4479714212
1267 41.9400431688
1268 41.8467498761
1269 47.1565015343
1270 52.0030338828
1271 46.0694600568
1272 48.358988013
1273 48.9380432325
1274 50.4695061633
1275 45.5528301842
1276 50.9390297041
1277 40.2077338583
1278 61.5232477628
1279 50.9555397642
1280 50.3012716482
1281 51.61740319
1282 68.2983228992
1283 47.9884356366
1284 67.4473532754
1285 49.7093874698
1286 47.1313839049
1287 49.4707128103
1288 46.410662429
1289 46.0403809483
1290 45.3525948425
1291 50.0529989207
1292 49.8701317853
1293 58.4978747728
1294 47.7226920401
1295 46.6400399708
1296 53.5812767581
1297 58.9352961707
1298 48.7070634658
1299 57.1139400203
1300 56.8812416993
1301 53.763257801
1302 56.5316851007
1303 64.5268789649
1304 52.2451653755
1305 60.1507081536
1306 50.8257602561
1307 53.4911411209
1308 51.1303137676
1309 51.0473538739
1310 54.5583759022
1311 51.6038109212
1312 43.824254217
1313 52.5549575239
1314 53.1326383264
1315 48.3213986265
1316 50.5400502045
1317 53.6159980315
1318 49.583511416
1319 50.936513003
1320 55.9121050072
1321 47.7434194583
1322 47.380382548
1323 55.2099880407
1324 53.9644914909
1325 71.0578950819
1326 62.846042895
1327 57.9392736505
1328 51.1564380761
1329 58.9453938848
1330 51.6644447212
1331 47.4828907279
1332 55.1167323364
1333 49.9423022659
1334 67.0638290826
1335 62.597039125
1336 65.5337661378
1337 58.4485749963
1338 49.2486083583
1339 55.0563354735
1340 57.3262605131
1341 58.5050340069
1342 58.8659463348
1343 45.215956095
1344 58.8400313508
1345 56.2895428524
1346 63.3590052494
1347 52.5530588239
1348 48.8445780954
1349 58.2947844056
1350 71.3505631951
1351 52.3450592924
1352 49.2552934558
1353 49.2360322764
1354 53.7964973236
1355 48.5654069108
1356 62.33988583
1357 50.7511636439
1358 63.0765116654
1359 50.4756610765
1360 55.4813503852
1361 59.6464621127
1362 46.8118384311
1363 57.456326672
1364 51.6408220555
1365 55.1384635499
1366 52.1021515596
1367 46.2328233562
1368 81.132504621
1369 49.2560986103
1370 52.1165878403
1371 48.5312070901
1372 61.8518442382
1373 49.4548235954
1374 49.6125396693
1375 54.139852397
1376 47.8490909721
1377 54.9434130915
1378 55.9803302482
1379 52.2450284678
1380 62.8649133749
1381 59.4436120406
1382 59.7408878971
1383 49.4870674313
1384 64.1581285695
1385 51.1437409293
1386 49.5116362028
1387 52.4865545831
1388 37.988403312
1389 42.9697196993
1390 49.904487273
1391 56.2286022078
1392 45.949755962
1393 56.5537998097
1394 49.7039185117
1395 54.0181211995
1396 60.6469058501
1397 40.5924163259
1398 58.3530167059
1399 51.1269338254
1400 48.4014998371
1401 48.4138147494
1402 55.5169072159
1403 43.1021716518
1404 52.0519993473
1405 52.1128639576
1406 47.7086060086
1407 48.6092631884
1408 42.0659496911
1409 54.6635445486
1410 48.686786106
1411 58.2715203226
1412 52.5312843499
1413 49.2801829804
1414 55.4388751913
1415 52.9348971777
1416 52.4155001962
1417 46.6953141817
1418 50.7287624259
1419 60.6601096383
1420 53.3283421606
1421 56.4940295348
1422 45.9572513725
1423 54.5475067185
1424 60.0415398114
1425 47.518241098
1426 46.7817481855
1427 45.7801162735
1428 55.8335620683
1429 44.9833290066
1430 55.7946749672
1431 54.3082714462
1432 50.0117493539
1433 51.959683662
1434 42.7506154449
1435 59.2596456786
1436 53.9095982967
1437 51.2027080204
1438 61.9422253686
1439 52.5477539393
1440 49.1157583761
1441 23.4528320636
1442 53.5888523593
1443 47.2749338486
1444 49.1247298909
1445 52.1384704474
1446 50.6856460788
1447 50.0876940102
1448 52.0690297052
1449 44.3277036568
1450 45.9039775906
1451 49.7353835159
1452 41.5603592811
1453 48.6693063416
1454 48.8680573858
1455 50.7117160934
1456 50.6836537431
1457 56.9424971072
1458 42.309647791
1459 51.7007684945
1460 52.8906288033
1461 52.7000196561
1462 53.8250746452
1463 49.9922971449
1464 36.6223959383
1465 44.6278834852
1466 50.543029426
1467 51.7649774388
1468 42.0918575241
1469 45.8470727413
1470 52.6555570292
1471 49.6962225479
1472 52.1879164963
1473 51.6972601479
1474 47.6204830644
1475 54.0973504082
1476 59.6497779147
1477 48.670334217
1478 47.8916662084
1479 51.2609946066
1480 47.1390125198
1481 51.1709818981
1482 44.6069878572
1483 55.4322251075
1484 48.1865891544
1485 52.1638755216
1486 45.7984109866
1487 57.5654534235
1488 47.7301500441
1489 46.2307019073
1490 49.7203036238
1491 45.3833003469
1492 56.0287209552
1493 54.4137836107
1494 50.8943325549
1495 45.8396826828
1496 46.3012410287
1497 44.8332219834
1498 47.1166797682
1499 52.445087193
1500 48.4634841295
1501 47.5262304891
1502 44.9118120349
1503 45.2497621929
1504 55.4957241147
1505 57.1148191162
1506 59.4886650112
1507 46.4600277239
1508 51.915684923
1509 42.8330968211
1510 50.0148751911
1511 48.6577961717
1512 52.7016968516
1513 46.8902101716
1514 42.9391307278
1515 57.4128637091
1516 47.1923769058
1517 79.3913874157
1518 55.5659638316
1519 45.9179739726
1520 56.9457168366
1521 52.8229554211
1522 47.5816696061
1523 45.8836557439
1524 48.4239788634
1525 49.0565569769
1526 50.627618503
1527 74.425536127
1528 46.2757980523
1529 46.5871633544
1530 55.6467588057
1531 47.9306151252
1532 44.3396770138
1533 50.8746415763
1534 45.4943020247
1535 58.9111908529
1536 53.7626169039
1537 47.4519572392
1538 49.8787664604
1539 83.140688841
1540 43.5731850453
1541 45.5241500478
1542 43.6534079066
1543 45.5580106392
1544 54.8730816008
1545 47.282821293
1546 51.0473273667
1547 53.7534608496
1548 47.7674125041
1549 58.6842243352
1550 49.5253706752
1551 52.1953221636
1552 53.0089584578
1553 47.1343078085
1554 45.5944982922
1555 52.7996169799
1556 54.9609093873
1557 52.3625421926
1558 56.2553545912
1559 50.0395058479
1560 64.4010633237
1561 52.046138789
1562 53.2523711958
1563 55.8196897833
1564 45.380612208
1565 53.3456563781
1566 51.0711513043
1567 53.1464319853
1568 49.1960116909
1569 51.7254052618
1570 47.186921933
1571 53.0146562724
1572 54.9887763269
1573 42.7305300613
1574 55.2244619375
1575 50.048120252
1576 49.1839032557
1577 55.0477054346
1578 53.5727914094
1579 54.76110282
1580 58.7730240472
1581 51.4920575298
1582 31.6480553045
1583 49.7227705825
1584 54.6274092363
1585 58.8027688539
1586 55.2327945394
1587 51.6326884311
1588 59.4666456481
1589 55.7648881436
1590 54.2290718833
1591 52.3363973831
1592 50.3663533481
1593 48.6095937046
1594 55.24073752
1595 50.0174380749
1596 68.8914940819
1597 41.7833968656
1598 57.1287992695
1599 50.6263798493
1600 51.0892346586
1601 37.6367795269
1602 55.2792166827
1603 50.6214194468
1604 56.1455862604
1605 52.5554827442
1606 50.9519996606
1607 49.2105383917
1608 52.3350428521
1609 61.5642291407
1610 47.5251744248
1611 53.1858965594
1612 54.1645037149
1613 63.0885998173
1614 49.0560087139
1615 54.9778638752
1616 50.7531045028
1617 48.0053736518
1618 59.0929166146
1619 50.201776896
1620 55.8754372972
1621 51.681860637
1622 57.1168165077
1623 48.1650391063
1624 47.111412132
1625 57.3452963606
1626 49.0746292744
1627 51.6417436176
1628 48.0398573541
1629 54.3876743373
1630 51.037071821
1631 58.5760988459
1632 51.2412303152
1633 52.9944147351
1634 47.3545596585
1635 45.7545748632
1636 48.9889979475
1637 52.7375341356
1638 49.7646517392
1639 45.6285338751
1640 53.4928893401
1641 49.867048969
1642 48.7378596327
1643 57.6549518487
1644 55.4452667734
1645 48.0887304648
1646 53.7836588142
1647 47.1166575484
1648 44.3747436909
1649 49.6519741766
1650 48.8572591837
1651 48.5509128335
1652 49.895111193
1653 49.2214750626
1654 42.6748669959
1655 48.1089249879
1656 48.9742181332
1657 63.2031220481
1658 60.182596101
1659 46.3701240433
1660 46.1978261377
1661 58.1759524393
1662 59.0098572445
1663 60.6146456769
1664 55.0704503669
1665 48.5578207902
1666 56.2936485587
1667 47.8910084173
1668 46.2792360038
1669 46.091600335
1670 41.2504145362
1671 52.1663991376
1672 46.8728158396
1673 46.3526915872
1674 84.029880764
1675 54.4587101906
1676 48.6642930906
1677 49.7255326845
1678 47.0219397484
1679 51.5298446183
1680 49.7851014858
1681 50.2195707414
1682 78.2025029642
1683 69.7923948834
1684 68.9751966055
1685 65.0628948729
1686 45.2170704951
1687 57.9041825073
1688 60.710490813
1689 63.500122921
1690 74.77052681
1691 53.8818843995
1692 53.1389984945
1693 61.0625809838
1694 56.0607383441
1695 74.8466340398
1696 55.793533186
1697 54.7732093161
1698 57.5002689969
1699 72.0315317385
1700 60.9723598238
1701 70.2534512456
1702 62.349634961
1703 73.8314071425
1704 75.3778190526
1705 69.0287036065
1706 77.2269080917
1707 56.4008569387
1708 65.8211506234
1709 66.8654749175
1710 62.5710020826
1711 69.1802297539
1712 80.1981692644
1713 63.8123926557
1714 61.6962227461
1715 59.8494753845
1716 60.7440896652
1717 60.2629733337
1718 80.8694960824
1719 59.633477196
1720 66.6974848671
1721 79.3128307388
1722 70.5745615569
1723 58.7286770904
1724 57.3978340704
1725 65.3622819507
1726 51.2252311022
1727 63.1844021492
1728 65.1438537822
1729 47.3465618843
1730 61.0150867396
1731 58.4026286545
1732 72.9351454285
1733 79.861054487
1734 52.8103092963
1735 66.1809245746
1736 81.6578152738
1737 77.6983099064
1738 69.1614025079
1739 76.8389420885
1740 61.0377542389
1741 72.9609290409
1742 78.3812180566
1743 51.1340624134
1744 54.4884085038
1745 59.5676593087
1746 63.3573456099
1747 66.7796584987
1748 49.8298094903
1749 66.1038704131
1750 59.2247529485
1751 57.8612722297
1752 49.3345651798
1753 54.2605040731
1754 56.696841845
1755 58.5322274965
1756 54.7265323363
1757 60.0582884286
1758 64.3494988911
1759 66.9462423638
1760 63.4638685758
1761 64.1276923205
1762 60.5935879925
1763 54.8668924133
1764 65.1294099052
1765 62.9344193715
1766 53.982390095
1767 55.8156458154
1768 57.425111962
1769 57.3083582046
1770 64.6450172071
1771 64.8927776854
1772 56.0337233001
1773 64.910996613
1774 66.1562864027
1775 64.4905229974
1776 60.2244799243
1777 60.0391593785
1778 62.1585738356
1779 57.5312172137
1780 57.9748582228
1781 60.6374896667
1782 57.9010865877
1783 54.1815333614
1784 56.1214297089
1785 25.1192770995
1786 57.6863110087
1787 56.6617030291
1788 68.3812499501
1789 61.9174964018
1790 66.3700476313
1791 59.2643879487
1792 57.9524812116
1793 59.6825699019
1794 61.2781180319
1795 53.0075020215
1796 52.7179113646
1797 42.561909371
1798 52.3889478895
1799 53.6239535391
1800 58.3362080136
1801 64.544615353
1802 61.9169088223
1803 56.5057376358
1804 58.7069609777
1805 58.3854912287
1806 55.6426606046
1807 67.8596461883
1808 44.8308154584
1809 53.7286826731
1810 52.2807763944
1811 51.3540379241
1812 41.1039883115
1813 43.4249694664
1814 54.878590374
1815 56.6723113836
1816 52.3192214899
1817 38.1710950734
1818 50.692796158
1819 52.5226242046
1820 46.607292435
1821 53.2020022603
1822 47.4289292758
1823 45.3885440585
1824 50.0419131762
1825 52.5211434953
1826 43.4310218084
1827 55.5628090523
1828 48.9022376959
1829 59.3116406889
1830 45.6956217689
1831 44.6099267693
1832 51.3243985992
1833 48.8475995711
1834 46.6467491258
1835 53.6246634364
1836 43.5142449338
1837 51.0317658786
1838 51.2023013953
1839 48.7872185159
1840 50.9837857521
1841 43.405993179
1842 49.4700380096
1843 50.212728044
1844 52.0500410247
1845 51.2617107723
1846 59.1985026781
1847 42.411059882
1848 46.6440007051
1849 38.4043208327
1850 48.5169866514
1851 50.3964549135
1852 48.7264487142
1853 48.0228505242
1854 48.932293648
1855 42.0100616394
1856 50.6162026186
1857 50.6827168363
1858 49.1205555269
1859 50.5742754059
1860 45.8229662528
1861 41.1305961991
1862 50.1136453559
1863 50.8039400221
1864 48.9612484762
1865 50.0794345376
1866 48.1549440121
1867 54.2697289032
1868 46.2191808352
1869 49.7417064794
1870 49.7587457122
1871 48.7833708091
1872 51.6763233161
1873 65.3703394158
1874 72.1678805603
1875 70.1343543561
1876 78.3583763126
1877 87.4056191903
1878 64.6409870237
1879 66.4621956532
1880 78.3637314529
1881 73.7428276636
1882 78.163776193
1883 74.958800191
1884 82.045799128
1885 67.4172545276
1886 68.0086953313
1887 68.0318532391
1888 68.4706672111
1889 77.1359449603
1890 67.7341089678
1891 73.0044495996
1892 72.1535517118
1893 75.5585336629
1894 68.5537436368
1895 69.1432083735
1896 75.174460651
1897 65.124522257
1898 77.5951770839
1899 77.7376536299
1900 68.8520927494
1901 76.7446557358
1902 68.281918517
1903 79.0475805997
1904 66.1569166279
1905 66.6004793863
1906 75.7988840384
1907 74.4824569074
1908 71.1031543243
1909 65.1249742364
1910 71.8367149862
1911 67.3864319848
1912 71.2819297304
1913 74.1317630299
1914 92.9827559417
1915 68.2727342695
1916 78.139489237
1917 64.9806575272
1918 71.3554995113
1919 72.1755139594
1920 64.3013395672
1921 66.9377084871
1922 62.0038141827
1923 83.8410803812
1924 79.3101463741
1925 71.4492499272
1926 79.2671742649
1927 69.7724505637
1928 70.06987318
1929 71.6696796304
1930 57.2895748338
1931 69.9378774169
1932 66.3804906476
1933 88.0077414883
1934 78.4040131903
1935 71.3371942207
1936 69.8449989139
1937 73.7996163769
1938 74.0699133669
1939 75.9740405375
1940 71.8075664527
1941 65.7813808288
1942 70.8473806429
1943 78.7133318762
1944 72.6972398907
1945 87.6514404878
1946 70.8028693124
1947 65.7941784081
1948 84.1832194903
1949 82.328798923
1950 63.6787132231
1951 66.0970542919
1952 73.3626987554
1953 72.3784831307
1954 82.2470122786
1955 67.0601343992
1956 83.5473690051
1957 76.7467429869
1958 66.6136124049
1959 69.5689639449
1960 64.0505679152
1961 65.3941476675
1962 82.1391545729
1963 72.3447554396
1964 48.8412091208
1965 68.5077358706
1966 45.9053493394
1967 52.5368882983
1968 66.9651363652
1969 56.8232910347
1970 55.9143087074
1971 48.7902252099
1972 51.0675372879
1973 49.0337751853
1974 56.5881496064
1975 46.2723553092
1976 50.4396453962
1977 44.466865321
1978 53.6638038775
1979 52.1472523275
1980 56.2688883923
1981 47.1017483989
1982 54.1252083143
1983 48.9717454103
1984 53.1254694773
1985 63.9361600821
1986 51.5044433285
1987 59.866509795
1988 49.3467596875
1989 46.4982641658
1990 50.6600180928
1991 46.4726993656
1992 47.5964999405
1993 52.3575457686
1994 47.5782455374
1995 45.5250298006
1996 90.8312766772
1997 48.403907767
1998 50.7797755352
1999 45.7923022997
2000 55.2044437246
2001 48.8307415114
2002 47.1482968947
2003 50.4290998867
2004 51.6354292599
2005 49.0464240937
2006 49.7944282958
2007 54.3618177119
2008 46.1810402032
2009 62.3221596591
2010 52.6675907877
2011 50.2789312164
2012 71.5081604437
2013 44.8537716052
2014 51.6143834165
2015 52.8451415682
2016 59.328750207
2017 51.1391840047
2018 53.0884891429
2019 45.5965366749
2020 53.4516175752
2021 51.3278898555
2022 53.0494210186
2023 54.9175135617
2024 48.3548382975
2025 51.0492616058
2026 47.3402073403
2027 54.7144309126
2028 65.5482160673
2029 57.8051761116
2030 57.9293248274
2031 54.5838000752
2032 66.290897475
2033 66.6038161867
2034 62.8679222027
2035 51.1377048228
2036 52.8596828455
2037 54.6013463928
2038 53.4788752896
2039 68.1090968913
2040 66.2412960632
2041 68.2409687972
2042 56.3275869717
2043 52.4803244958
2044 56.4384016669
2045 56.2014314526
2046 53.9944895648
2047 49.9084466386
2048 65.1556747887
2049 59.1180590736
2050 42.9718053254
2051 61.7037680408
2052 65.9888858356
2053 52.5349237713
2054 63.1025949296
2055 54.320866543
2056 65.7017315556
2057 62.744307281
2058 56.3946369986
2059 50.4392750958
2060 51.7414966991
2061 58.9805722376
2062 56.4399551669
2063 56.6794713911
2064 63.266796623
2065 60.6096010776
2066 64.5176371437
2067 58.012495529
2068 49.8673635895
2069 46.7998736217
2070 75.1428673791
2071 66.5403570984
2072 58.5728841714
2073 62.0045378127
2074 68.583177699
2075 53.9293452053
2076 50.0412818404
2077 58.2746245642
2078 49.0644275396
2079 51.3515093992
2080 51.8228931031
2081 51.957426998
2082 53.6581905791
2083 61.1559433008
2084 54.9299868982
2085 54.4293009966
2086 58.0085067217
2087 59.2027794277
2088 66.3286891817
2089 56.8198930784
2090 58.9866334253
2091 52.3029917525
2092 65.5584968273
2093 50.6837278348
2094 56.6061432553
2095 48.2009840788
2096 57.9512887761
2097 44.4831070932
2098 57.2850942845
2099 53.4185144556
2100 59.4727745204
2101 50.7234063375
2102 51.7707610718
2103 56.2018315598
2104 60.9357401117
2105 62.8889874104
2106 60.0114095634
2107 54.1927701046
2108 64.4878642562
2109 56.0647695406
2110 57.0982108973
2111 56.417265222
2112 55.0050269744
2113 67.5712547406
2114 56.6339079818
2115 52.3811822981
2116 59.1257618642
2117 53.1899761121
2118 56.2094753148
2119 64.87392149
2120 51.5185323694
2121 62.8811075882
2122 28.5749882655
2123 51.0506398612
2124 58.712907597
2125 49.4898725917
2126 53.1038647839
2127 55.5671141857
2128 62.1428541115
2129 58.2538345238
2130 49.8795917717
2131 41.4350625711
2132 53.4369724105
2133 46.350646147
2134 59.0911147626
2135 51.0743967903
2136 52.7997102198
2137 68.8719749061
2138 56.3051236599
2139 52.9232049517
2140 50.7920097045
2141 50.5892149732
2142 53.6752257709
2143 53.0393872147
2144 62.9948530859
2145 56.230349812
2146 54.3987575435
2147 52.5968743314
2148 55.3987572034
2149 50.4582569762
2150 56.4697716611
2151 51.5417993969
2152 54.8575650862
2153 65.3668942667
2154 52.1122471415
2155 63.8800325519
2156 45.2690856289
2157 50.5966693923
2158 49.4810984525
2159 63.8111543794
2160 57.9420484228
2161 55.1526445677
2162 45.9090412045
2163 65.6297927363
2164 60.1027532829
2165 59.6984042748
2166 56.1623628194
2167 51.178539766
2168 55.9041272395
2169 55.1917425541
2170 55.0060227022
2171 64.9991541464
2172 58.4269742064
2173 56.9066247335
2174 55.7863303984
2175 56.6674086454
2176 52.3340931116
2177 51.1860190442
2178 52.6666182472
2179 57.4953395622
2180 49.5830052618
2181 58.0343212174
2182 52.6756646167
2183 51.8477255863
2184 64.4528392938
2185 45.1924804697
2186 53.9012393472
2187 52.0040396812
2188 54.5940832869
2189 58.3537362495
2190 66.9356128011
2191 65.6951501206
2192 58.5727921469
2193 60.1055567928
2194 55.4947189531
2195 60.5450962937
2196 58.0597212556
2197 56.1245150913
2198 61.1666414656
2199 56.1402705392
2200 55.172389265
2201 56.1442282384
2202 61.3865950014
2203 63.571271562
2204 59.6324801916
2205 59.9414695103
2206 57.8584575994
2207 64.4480544245
2208 54.0380199438
2209 61.801053301
2210 51.808763597
2211 65.5768999971
2212 51.3765705088
2213 52.5802815268
2214 51.4637026915
2215 51.3185483995
2216 52.3572270195
2217 23.5889436031
2218 55.8282853839
2219 46.2299012451
2220 57.9395079677
2221 45.5801659486
2222 56.6141151504
2223 59.2572290755
2224 41.8917553847
2225 42.014935738
2226 50.3991616896
2227 49.8410965438
2228 45.3485427524
2229 47.998285867
2230 51.0556554988
2231 49.3212986522
2232 50.1758537107
2233 44.3545153168
2234 48.5638565824
2235 47.1908400307
2236 45.6078584577
2237 45.1826273509
2238 40.0922906238
2239 47.570742933
2240 52.6565281789
2241 46.3537525281
2242 47.5067313381
2243 50.6162852573
2244 38.5854991754
2245 52.559807574
2246 51.0229995397
2247 49.1496325004
2248 50.3156724514
2249 52.0642173466
2250 51.5370408773
2251 45.2666073674
2252 47.5789409219
2253 56.8911509306
2254 49.7362673535
2255 50.8748704293
2256 53.0427602877
2257 48.8737971205
2258 51.6832657195
2259 45.8069788198
2260 45.641228349
2261 57.7265613856
2262 44.0520505451
2263 47.3605026141
2264 40.0916753465
2265 48.7914359296
2266 58.1197702956
2267 57.0224847055
2268 38.7327067872
2269 50.3915785625
2270 49.9567524721
2271 44.6588307531
2272 49.4723060788
2273 58.3229032545
2274 47.9617513838
2275 60.085588005
2276 51.6401348891
2277 46.6684771563
2278 44.7348664851
2279 50.6828950862
2280 51.806973949
2281 56.8093420082
2282 45.0426981617
2283 49.4300270552
2284 48.4698635743
2285 41.7344395664
2286 51.0567171381
2287 43.6950519983
2288 50.183004657
2289 56.1411485007
2290 53.4187294437
2291 58.2231477072
2292 56.5042174565
2293 59.7312235423
2294 60.1742243259
2295 51.6241486493
2296 52.787909412
2297 53.693755935
2298 59.2051699537
2299 68.7998585199
2300 64.3250275089
2301 62.7681097085
2302 56.7988159208
2303 51.8906097782
2304 60.9071509305
2305 51.2768062514
2306 53.9407534115
2307 52.2348895228
2308 53.2340788696
2309 55.8045441507
2310 57.2639359009
2311 53.4128698003
2312 55.255896132
2313 47.7045035748
2314 57.3999771465
2315 52.1930180292
2316 56.4825851398
2317 55.656058121
2318 54.7521387419
2319 68.1309681765
2320 69.3331845975
2321 54.0427026518
2322 69.4012704742
2323 56.4722096023
2324 51.6929464742
2325 56.9027672126
2326 58.594527797
2327 53.2284578915
2328 53.1267115306
2329 54.8573507928
2330 55.2435246257
2331 59.1912651697
2332 51.9274957591
2333 54.5492357332
2334 52.8984840156
2335 54.7812202115
2336 51.8838930948
2337 54.9575515586
2338 60.7883325315
2339 51.718980987
2340 53.8116302848
2341 59.6296058448
2342 51.7258760916
2343 54.6990885717
2344 53.6159849034
2345 54.1482292348
2346 53.0707359437
2347 61.0536068245
2348 53.0345389303
2349 53.4306910302
2350 56.8944377343
2351 66.8386520631
2352 57.8339220725
2353 55.4810976184
2354 51.899812402
2355 54.8604882395
2356 60.5791545614
2357 48.1998289529
2358 52.0343658227
2359 52.0070816712
2360 52.1532745854
2361 50.6846143026
2362 51.6596340335
2363 53.0100815952
2364 50.708317452
2365 50.0536512682
2366 55.9568423527
2367 45.3764949695
2368 55.8682728717
2369 50.8752496468
2370 34.7483117768
2371 43.6110664484
2372 63.293138605
2373 53.7709617021
2374 50.2485415624
2375 62.5139358085
2376 48.3534401468
2377 50.8286644184
2378 48.9967011125
2379 54.4909485461
2380 57.5228645086
2381 48.7758817151
2382 50.3847590588
2383 48.5945790621
2384 49.5490802269
2385 48.6541885967
2386 50.2019594229
2387 61.5549236126
2388 47.9454261799
2389 45.7981704939
2390 53.3634434363
2391 48.5381476864
2392 57.1295770146
2393 53.7385785526
2394 57.2249570946
2395 48.8667228979
2396 48.4268586176
2397 53.8649451082
2398 49.5615957164
2399 49.8725928867
2400 60.9229896845
2401 49.543101045
2402 46.4911771459
2403 49.4616709598
2404 51.2029159316
2405 50.4922193403
2406 50.6946505095
2407 54.6385658737
2408 48.6055878816
2409 54.4751873499
2410 49.6635169004
2411 54.9555604708
2412 42.3561489052
2413 48.1651367186
2414 47.5836247968
2415 58.1129646501
2416 50.957530499
2417 53.8368896842
2418 61.1254467013
2419 48.8070454837
2420 50.0910798377
2421 52.3971369468
2422 53.5023980724
2423 53.0259071563
2424 47.0931436609
2425 56.1336125378
2426 49.8624563136
2427 61.7758934304
2428 55.4407288204
2429 54.8296680018
2430 49.564720341
2431 51.7248008458
2432 52.7962165964
2433 47.6898154631
2434 48.5942214873
2435 53.272351621
2436 48.2096147115
2437 49.2801156641
2438 50.105920435
2439 49.5415342885
2440 48.7693398404
2441 59.7596929508
2442 47.3723785181
2443 60.9371609513
2444 50.7615967676
2445 51.7299724168
2446 53.0851831058
2447 54.9525945057
2448 58.6449238618
2449 62.0875188721
2450 52.1545703213
2451 48.0110177225
2452 58.1694240326
2453 51.5106613743
2454 43.0622277
2455 49.2867041146
2456 47.0945749897
2457 51.737450002
2458 60.1744676074
2459 48.9699270267
2460 45.8863329796
2461 50.3137020383
2462 46.5416872154
2463 41.2815008331
2464 53.7734776847
2465 54.2962990887
2466 39.0243674749
2467 47.5885365987
2468 52.7855412176
2469 47.7111352036
2470 49.8017398596
2471 52.60729853
2472 48.2102692695
2473 59.0723524414
2474 65.1643954647
2475 54.3238486377
2476 51.6509591172
2477 52.7017653175
2478 48.5325500334
