u s
60 33.3883859527
120 39.0549009867
180 37.9024988517
240 28.8768791712
300 25.2368731057
360 40.5040525639
420 36.7530015598
480 37.2026615309
540 31.2412394948
600 26.3512743449
660 39.4535472271
720 40.9720111372
780 41.1173949702
840 45.4450905996
900 31.980884212
960 27.928407247
1020 24.9524014284
1080 36.2656671802
1140 39.6716567845
1200 26.9375054524
1260 39.763480986
1320 64.2129634857
1380 35.7273178513
1440 41.1146770228
1500 35.9905460218
1560 35.9210568373
1620 40.006189201
1680 25.3973331359
1740 31.4066783572
1800 26.5359313166
1860 32.3896475499
1920 47.2533932546
