u s
1 56.5535842219
2 63.6206977664
3 52.5541948818
4 59.2114835817
5 57.813612216
6 45.8880739547
7 53.4708841
8 53.7614005637
9 76.173063884
10 58.5941904566
11 50.0354480965
12 63.4670116341
13 66.9038644261
14 57.5042816121
15 76.2463468565
16 56.7421234407
17 52.113188525
18 52.3330293289
19 170.656843838
20 58.453941277
21 56.6763017252
22 54.8019789048
23 72.0634735642
24 58.6644031536
25 59.6788433934
26 45.7091188076
27 70.1868763732
28 50.2692425523
29 54.3098439488
30 59.0836388517
31 61.6957393186
32 82.4409469426
33 56.9263174809
34 64.2220764176
35 52.0463404998
36 69.0538195491
37 72.7063785856
38 58.2902111755
39 44.9881508715
40 50.9969159204
41 60.4683784165
42 59.3693835249
43 60.0457116586
44 59.8051257176
45 71.5858180121
46 60.9328971118
47 57.173580055
48 52.0055536848
49 51.2268507674
50 58.3503909404
51 56.2839396184
52 57.0416725108
53 67.415809713
54 63.6616323337
55 152.856481154
56 64.2946843946
57 76.9578325869
58 64.0896134093
59 58.1941117656
60 59.9371517316
61 55.1148879097
62 75.1265859476
63 63.5283009525
64 66.5675059237
65 81.2797672533
66 42.5280674445
67 58.1153821858
68 51.7282312801
69 65.8656219935
70 50.8560677302
71 43.41998072
72 47.6128620415
73 45.3652285323
74 63.2775287074
75 57.3833162946
76 56.8731879314
77 51.5437811513
78 52.2829655763
79 57.7092366385
80 66.2959267698
81 44.7322177827
82 52.0318704511
83 40.7735417386
84 50.2152651355
85 49.927985944
86 50.7061437132
87 51.1126006529
88 42.2295742391
89 63.4046818599
90 44.6923856155
91 50.8148631359
92 51.5189622787
93 58.188081153
94 58.1137536676
95 40.7616001675
96 49.640952453
97 46.7261457547
98 51.9806729182
99 44.2384005809
100 51.5041949924
101 51.3175895303
102 51.1714488809
103 51.7107287773
104 61.3072523895
105 50.6883487619
106 55.5944338972
107 50.2630910673
108 57.6501131954
109 65.3613187067
110 46.7652450006
111 54.997616509
112 60.3617141638
113 59.9822509099
114 57.873040449
115 50.7121402432
116 54.325789404
117 52.7136033134
118 56.4457014301
119 51.1779923392
120 58.8507309411
121 61.3949769781
122 53.4265487956
123 64.9191825194
124 50.2722757245
125 49.3685606935
126 52.9271567557
127 50.5994722865
128 46.7244873214
129 51.9361345334
130 49.1961841852
131 44.8329828529
132 45.2075323674
133 55.6461694576
134 51.9957686222
135 49.0244158414
136 45.123929413
137 48.0947259153
138 47.1610244184
139 50.4531330211
140 46.5261739524
141 47.7170082222
142 44.5871585949
143 58.727569394
144 52.2044185069
145 65.7562599373
146 53.0725381161
147 50.614998755
148 45.5189861416
149 55.0360974428
150 56.7884424667
151 54.8285435137
152 43.7932931602
153 44.6526825787
154 41.7453166165
155 60.5095433657
156 41.0317831639
157 53.8293920291
158 46.257000253
159 55.7071356449
160 45.7261569965
161 44.5614021605
162 43.7073033949
163 57.0120743018
164 44.9620307253
165 45.7251690561
166 52.1983579447
167 48.496255065
168 45.633785319
169 78.0652692172
170 50.1618944312
171 44.703312572
172 46.3005303573
173 42.651496148
174 44.2074258542
175 54.4346693784
176 56.9979713284
177 46.9185945209
178 51.0673100354
179 42.4571946328
180 55.6834525663
181 40.2310813292
182 49.7559222225
183 45.8381444608
184 39.2733213597
185 46.3407278424
186 47.1248587032
187 50.6159298157
188 49.843770686
189 44.6117618792
190 38.2694569235
191 40.8146389516
192 41.9143390276
193 57.8330558096
194 45.043588398
195 47.8709300198
196 56.6453536409
197 56.2120620653
198 49.2098463225
199 72.7908009188
200 50.6536344259
201 45.8218833936
202 53.1095170879
203 66.7882639968
204 56.3563277673
205 54.5353510436
206 48.7867654031
207 54.4752909965
208 50.2709096595
209 60.9618468189
210 57.3682285371
211 48.3639860002
212 45.2364344262
213 41.6719018882
214 47.1598523722
215 51.6518447793
216 40.1858398997
217 66.9804502506
218 61.9991826418
219 52.4612451269
220 41.3123980545
221 53.4848222819
222 49.2012274053
223 59.2762300991
224 55.9043947489
225 62.6544797262
226 58.1555387563
227 52.0677088815
228 45.7001465056
229 41.0987418594
230 59.2187141236
231 62.0296510707
232 51.9500895441
233 174.445092606
234 52.1333558586
235 50.2838066898
236 192.620772401
237 61.5369120078
238 50.9705511425
239 59.6624912342
240 48.8595522769
241 27.6346361393
242 54.7882868419
243 51.5573472576
244 52.5699400209
245 46.1731038923
246 51.8978264024
247 58.5075949631
248 47.7599333801
249 50.985062214
250 27.3015049345
251 50.9590551404
252 49.8784794755
253 46.2730738865
254 46.8829647827
255 70.6471091336
256 53.3703173821
257 57.7278727082
258 63.1051586716
259 48.5842732215
260 65.0035785
261 47.6032069035
262 56.9787736806
263 73.0475909848
264 50.4843048997
265 51.0578062861
266 46.0872914938
267 54.0096743636
268 46.2575850215
269 52.4000398721
270 53.1443428485
271 60.8695528228
272 55.5559829
273 52.3653000553
274 65.5277271505
275 45.404701626
276 56.298036473
277 67.3150154847
278 65.9857611985
279 55.5287541696
280 50.8938514204
281 55.0415179908
282 46.6141259769
283 50.2193402269
284 61.823842529
285 47.5336264303
286 57.2155989274
287 62.262725604
288 54.0810236428
289 54.1219697868
290 60.4603348415
291 61.6386250561
292 51.0536420393
293 55.3076274854
294 53.5681548741
295 46.6914890063
296 63.2952145002
297 57.3813249901
298 51.9486274014
299 47.4531728048
300 51.8249251354
301 51.1446779898
302 49.2884902089
303 52.1117380828
304 53.0625458644
305 50.9300072886
306 57.1004568937
307 63.2372614586
308 64.201310018
309 49.8184717426
310 48.1060071188
311 53.1160539667
312 50.6717936889
313 52.2939542523
314 47.7158584135
315 61.9256179679
316 65.0256875531
317 50.603462558
318 49.1892537941
319 56.1763717386
320 50.7556158081
321 52.2629161797
322 54.7719800844
323 61.6712120392
324 67.1464444862
325 51.1548552888
326 54.4956969788
327 48.0499218814
328 56.0012356811
329 51.3048704467
330 50.4405634065
331 52.2556481962
332 52.3288478705
333 57.1081880566
334 46.4560474702
335 53.2248938679
336 56.2660885479
337 49.034683724
338 43.3490960006
339 50.3008786122
340 48.4266686334
341 53.0036300699
342 51.8592200053
343 48.0055237833
344 47.7014377587
345 48.5090363662
346 46.6595305219
347 52.3004557756
348 53.2140407963
349 55.2836222894
350 52.1543969025
351 47.6927534762
352 65.5524765451
353 47.1140615715
354 47.4893315363
355 46.4308555316
356 65.5817648042
357 57.2635132834
358 48.7223711132
359 47.3226572064
360 49.6696380819
361 44.4357861763
362 51.8578973902
363 52.2495291852
364 58.0084221331
365 48.3528115193
366 50.439196223
367 72.2720370892
368 57.23888659
369 49.7807989497
370 66.6825501366
371 61.1607682666
372 57.9802198718
373 53.4099450809
374 49.0820152538
375 47.7363344086
376 46.5062409242
377 47.9961060123
378 47.0510641638
379 55.5372367036
380 50.496641372
381 50.4222683213
382 51.0684257671
383 55.4118233767
384 49.8297546238
385 47.2024814101
386 48.1544018453
387 49.3443834548
388 47.5348474791
389 61.3753960141
390 61.9255192176
391 48.4404891944
392 47.0259793792
393 55.8522273244
394 50.6517421986
395 50.6631334669
396 51.2305967371
397 51.8753952654
398 49.5083811719
399 54.3683252639
400 49.5550796357
401 48.8044469627
402 45.7824301158
403 55.3875743404
404 71.8352224914
405 53.3472006242
406 53.809349985
407 53.7122531287
408 45.2473398744
409 49.230633366
410 52.6480136968
411 48.3788263972
412 51.6896826653
413 62.9074653305
414 49.0644886989
415 49.6488288298
416 51.2360373307
417 61.6315543851
418 44.8349375463
419 45.6703725424
420 48.2547632177
421 59.5397724283
422 47.7269252684
423 59.95647983
424 62.0752633905
425 50.8405353519
426 54.3150170072
427 51.2985707627
428 50.5912866834
429 58.6420808566
430 43.2493591975
431 70.5808592719
432 46.1548923933
433 58.2435818882
434 68.3891695686
435 61.6989000687
436 46.6615520095
437 53.2575567887
438 50.9483912332
439 51.6089825961
440 50.7915422706
441 51.3754806163
442 44.9795649035
443 49.4887879876
444 47.3337713228
445 61.8429505183
446 49.7174020472
447 50.4157428765
448 51.5734109047
449 46.2449816226
450 57.7735433311
451 48.2423192754
452 42.9312569208
453 53.9996649636
454 69.7221723057
455 45.308834239
456 51.7785041043
457 60.0287239562
458 44.3297786719
459 44.4274978758
460 62.3396028576
461 46.8200299077
462 52.2966670675
463 48.7958569827
464 49.505874304
465 40.3612300465
466 52.8633348486
467 45.229387238
468 51.3095436008
469 55.6417573602
470 49.2714372486
471 65.4404854701
472 59.6344038098
473 44.8325111313
474 44.1504358733
475 47.6082908444
476 54.2234698441
477 67.5471957524
478 43.9106594799
479 50.0291802665
480 47.7436871393
481 46.7961937717
482 44.5189192708
483 47.3410644306
484 43.7507675688
485 44.8833412574
486 43.8619767143
487 52.864665336
488 47.3549259372
489 48.301409764
490 70.4798015348
491 54.6090953553
492 45.3974432617
493 69.0595882258
494 46.0422971485
495 57.3531242171
496 56.0763265952
497 46.6181270407
498 48.803630161
499 38.3442078065
500 52.9232338086
501 52.3943584561
502 45.3320663719
503 47.6695528963
504 45.2058682731
505 61.86381107
506 47.552142439
507 47.7202981612
508 54.8477205867
509 45.9973816287
510 44.9195963222
511 45.448614529
512 45.182747752
513 45.3619551505
514 52.0906182672
515 53.2939611017
516 50.551628859
517 44.0591624117
518 45.5018535855
519 47.9400836928
520 45.7387586189
521 48.7251434505
522 53.2727143114
523 44.5759677532
524 45.9843177023
525 48.1827794455
526 69.9694146629
527 48.4624841226
528 45.3104746424
529 49.4390399676
530 38.9431436102
531 49.941940323
532 47.5609724866
533 59.0187703318
534 46.6041316426
535 43.6387493119
536 55.5114407182
537 46.4741233144
538 49.5323704827
539 47.5770563624
540 45.6804184698
541 53.0606475792
542 46.2689053691
543 46.1685187095
544 53.3562147621
545 46.2004660848
546 46.0255477957
547 44.02101627
548 45.5291408603
549 49.9991824959
550 48.4946661927
551 45.0726721532
552 46.7389328165
553 45.753838706
554 53.2109194323
555 41.1524720535
556 41.7911669371
557 71.3608232165
558 51.9842974644
559 45.7954191772
560 60.7167275445
561 55.5377273691
562 36.2789438262
563 50.5076193908
564 60.7501690595
565 63.3487240528
566 46.385489394
567 48.0743303091
568 45.2121187522
569 48.0233420201
570 49.8633354978
571 58.7567332938
572 46.3029884523
573 45.5701122592
574 60.9535753104
575 48.5986825148
576 53.3203685033
577 55.0675726801
578 48.2234866208
579 45.7834570086
580 50.9596271209
581 56.4101858571
582 47.7205903862
583 50.7840020538
584 47.1884381974
585 61.3130493313
586 51.0072649812
587 65.105220503
588 57.4846888315
589 63.0249163517
590 68.9809886666
591 42.7899740505
592 49.7003779688
593 41.0127179514
594 54.4240584275
595 48.1684591696
596 49.4268074221
597 58.0152121789
598 43.2779679208
599 58.2983456415
600 68.9692628559
601 50.8316285884
602 49.6963485425
603 44.0451034639
604 51.8798874873
605 50.8467329025
606 41.6262606682
607 55.8067001749
608 52.3723105217
609 56.1859845489
610 71.2875092023
611 49.0428386496
612 44.2204965402
613 39.5367960035
614 46.6379051453
615 49.0868148758
616 50.4373526176
617 59.2891748708
618 52.5597225489
619 50.1873150898
620 51.0550112208
621 49.5159468506
622 56.5833448286
623 49.9123635635
624 51.0087039955
625 50.9445528
626 46.5447170342
627 43.1526781803
628 41.8574608085
629 50.5338223863
630 47.2967210128
631 56.6295944074
632 54.416469126
633 51.9592576517
634 48.844050606
635 43.8187116106
636 47.4739141135
637 58.0033558918
638 49.7565549519
639 53.9440188646
640 47.7906402326
641 49.1040180853
642 54.1855127892
643 51.1496516775
644 51.0997692261
645 58.994742037
646 45.3129645424
647 44.1230998342
648 55.3089029076
649 47.4988334039
650 46.2181647308
651 40.2805267798
652 40.3158239625
653 55.4616621253
654 42.8781039689
655 41.8276392192
656 49.7237398853
657 50.3106792368
658 53.3182685899
659 47.9049651633
660 64.262381968
661 53.5050677441
662 47.0072886458
663 40.6735641581
664 45.5254810322
665 45.7724135824
666 52.5958637861
667 62.3504864412
668 43.5576278069
669 44.426093696
670 45.6671442913
671 45.2643494255
672 44.3634060048
673 42.8385963847
674 39.8236074979
675 45.4938823123
676 43.9357415915
677 43.5554625255
678 50.8366502315
679 43.8317023517
680 49.1313861996
681 43.9954333206
682 44.61063068
683 43.9136679613
684 72.1295122963
685 39.768462459
686 43.2370969186
687 49.5122044141
688 46.5294071595
689 43.9866547608
690 41.3397544201
691 36.915582025
692 45.8880912852
693 42.4394614066
694 44.127226133
695 40.2283842565
696 52.9266449086
697 43.2842537637
698 66.2470313541
699 44.6346832731
700 47.1456844098
701 43.3541969814
702 45.1171193723
703 39.1109816938
704 44.0113967904
705 61.0740620522
706 40.8099983915
707 46.1072827406
708 45.5516030215
709 47.0459461664
710 43.9372546928
711 44.8571247896
712 45.1599790085
713 56.5666214522
714 37.4191200183
715 59.8201143558
716 50.8669075147
717 50.9086776756
718 60.0777787597
719 59.0637229953
720 53.0574198005
721 74.5591995262
722 52.4129050781
723 54.0712824414
724 55.8210902345
725 77.461174023
726 62.5212243376
727 51.4485379434
728 60.7437029252
729 68.4085763451
730 54.6548663
731 54.1168589833
732 52.8732753744
733 54.2411373004
734 53.0320895561
735 59.5835604794
736 59.2935543006
737 52.1846494732
738 65.3854243291
739 58.1350459438
740 62.2972285328
741 57.5061179123
742 67.8319002292
743 51.3768937713
744 52.0031986166
745 57.4758184366
746 54.8612355005
747 52.5663014464
748 57.8324714303
749 66.7593082068
750 55.6484367615
751 65.3784571596
752 61.7266618702
753 56.8113716839
754 54.4131287364
755 61.8074047776
756 61.9177072027
757 64.7140944506
758 68.1558090875
759 52.7959063727
760 53.6330752602
761 57.1972925577
762 65.8636550189
763 57.5738686978
764 52.42776832
765 58.8193365247
766 52.1364964532
767 61.9524177348
768 70.4830003857
769 71.1115947229
770 56.2349266913
771 59.9428570811
772 48.4588191964
773 70.9734507263
774 54.6532348016
775 57.9322629404
776 50.8893082785
777 50.1714311437
778 60.4781775502
779 56.541513103
780 48.8706393054
781 49.3778640342
782 39.0712110964
783 52.2621832735
784 52.6137614294
785 42.7746818325
786 34.8190869633
787 43.0443207509
788 47.5294927764
789 55.0835897823
790 48.53889497
791 51.6617333417
792 53.8612262618
793 39.6552827198
794 41.48158336
795 55.6891373838
796 55.8312801016
797 49.8385469762
798 56.9209576693
799 35.7455317048
800 38.6047419411
801 47.519314766
802 49.6996745429
803 39.3829080128
804 44.4089833364
805 49.9884034497
806 48.0620786012
807 48.4419022007
808 52.5825377421
809 49.6597509247
810 46.0889263835
811 48.3264734245
812 33.4576107567
813 56.8500472078
814 65.879790169
815 54.3281990762
816 50.0305779275
817 46.4887783682
818 44.5103220782
819 44.4848313034
820 59.766371159
821 51.4304192941
822 48.4954539333
823 48.9600059437
824 48.4021142805
825 70.3538235808
826 50.5034018711
827 47.7647372575
828 48.4022368106
829 45.0435834154
830 49.0145052279
831 48.4077893501
832 42.6678966143
833 45.6998873745
834 47.9549353166
835 44.8811696804
836 47.0363082043
837 46.7459645622
838 53.7615345025
839 48.8805221266
840 61.4343223628
841 51.984770625
842 48.7162232294
843 41.7410302486
844 40.7175470699
845 59.6800421548
846 46.5198263366
847 63.6941558136
848 61.5810882974
849 68.5538400345
850 55.5253689459
851 70.9280435417
852 50.3658316066
853 69.2969999754
854 52.1763527309
855 68.4166020027
856 61.3822786271
857 59.0419023067
858 48.3948178754
859 58.2717474973
860 61.3471428654
861 57.1186195374
862 56.1509413984
863 59.4581509462
864 61.0450924397
865 56.8075469032
866 44.4804998759
867 48.3687934881
868 73.4743767478
869 61.1649467855
870 45.9427309977
871 50.4638449077
872 45.8453853576
873 71.7756276583
874 45.6311100536
875 49.6722904591
876 69.7726356194
877 66.7302605501
878 59.5580736402
879 39.9308720911
880 46.568507101
881 72.8954482925
882 62.6154239685
883 64.5614196272
884 57.0472011182
885 57.2238943656
886 42.3253526023
887 58.9523304965
888 59.9531890232
889 51.3799471247
890 54.6748732149
891 43.3848621319
892 43.7507561188
893 50.9763397196
894 61.2303034624
895 62.0854502645
896 73.5306847149
897 57.2906267825
898 47.3114248713
899 58.1534831472
900 59.7734830893
901 55.8052311527
902 76.2084219192
903 53.8726167103
904 45.0759007631
905 60.0836385504
906 67.8152593581
907 60.6619978455
908 60.451366416
909 67.6452953966
910 42.1036190737
911 50.5916751904
912 54.0255567533
913 46.1960820297
914 46.2215566245
915 45.1487216328
916 66.3195790928
917 50.8688901153
918 56.5856919133
919 24.2165163549
920 46.1207318801
921 53.6679844967
922 46.4248458474
923 45.5190328919
924 48.9957286322
925 46.3871669085
926 41.4493169791
927 47.3539153044
928 45.8927557517
929 43.2167826102
930 52.3453450518
931 45.3719741067
932 48.0071682364
933 46.8962438398
934 48.336080594
935 40.5631587407
936 59.2121610297
937 44.2479131112
938 47.3040038856
939 45.4646399413
940 48.2136482219
941 63.9567956857
942 45.8768370727
943 46.8639837964
944 46.9222437521
945 48.1857805407
946 40.7634238995
947 42.5998133186
948 48.9653194588
949 50.1304750086
950 48.9220245523
951 47.3357552834
952 45.6627293097
953 40.8702926357
954 50.0990218827
955 55.4339231881
956 44.9033516702
957 47.482584554
958 40.7099465945
959 46.4398767371
960 41.1042670528
961 61.7893516764
962 37.3925490377
963 53.1565717155
964 49.2049730672
965 45.0028281091
966 45.190475402
967 45.9856995795
968 42.8665189863
969 50.1943967845
970 48.1772038337
971 52.1991241843
972 47.5137510738
973 48.1867614487
974 42.5104350033
975 49.444770665
976 49.8457633646
977 53.2709639326
978 49.5483599871
979 47.899471234
980 45.6887619157
981 46.3309455383
982 48.1040551196
983 47.9541588461
984 53.4873508007
985 50.3729479026
986 39.1923159938
987 48.751931115
988 49.8828032661
989 53.5872947375
990 57.915883175
991 58.2200409125
992 68.1921665953
993 60.2003896414
994 45.7950974005
995 49.9996933768
996 47.4787918798
997 49.1747695261
998 47.17275195
999 47.5687616913
1000 59.5733039045
1001 61.5803885533
1002 68.1261218992
1003 51.588501792
1004 59.6980598051
1005 54.3852751377
1006 47.1632722995
1007 48.4800692562
1008 53.1995184361
1009 48.4271048178
1010 44.3062705263
1011 44.0141013777
1012 55.5137702476
1013 56.0953787011
1014 55.3025303451
1015 57.582279568
1016 48.1597128966
1017 54.595613955
1018 49.4178695862
1019 46.3532926913
1020 59.2863105765
1021 69.0571928907
1022 55.2820339391
1023 47.9837524392
1024 49.2123935291
1025 57.3612981927
1026 50.8650836703
1027 53.3135767685
1028 56.5627021916
1029 48.2494770757
1030 46.9290980457
1031 60.8932806464
1032 45.3417653406
1033 50.4619968261
1034 48.5935907399
1035 53.3482616187
1036 43.4268067245
1037 47.0530493447
1038 55.0719628413
1039 48.2834654195
1040 52.4272349998
1041 50.6179206009
1042 65.1766060913
1043 44.8339356253
1044 44.1503813395
1045 58.8224018603
1046 49.1905531903
1047 68.2279104519
1048 45.5994580461
1049 46.647122325
1050 40.258292934
1051 61.328893208
1052 41.2926133304
1053 48.845144602
1054 50.698111055
1055 48.6780665106
1056 52.3780816251
1057 45.0801384458
1058 44.3442134298
1059 47.5483699156
1060 47.0058415421
1061 52.6185380151
1062 53.0154778869
1063 56.4167064848
1064 43.1252745036
1065 49.8144598548
1066 44.0855750306
1067 42.8016803821
1068 47.3897090676
1069 50.569725733
1070 52.0397412007
1071 64.2763064429
1072 42.4571826781
1073 48.2960509695
1074 54.8428914022
1075 63.8522992587
1076 43.7615596882
1077 51.8256074506
1078 45.677042102
1079 47.1334463388
1080 55.0314996595
1081 60.7673792156
1082 47.1081641714
1083 53.5429175558
1084 46.3559017952
1085 50.1510878596
1086 48.424532489
1087 56.5734955289
1088 45.6187198829
1089 49.5172512923
1090 45.8262502829
1091 46.8088235409
1092 46.1599050442
1093 50.4256822057
1094 52.356781055
1095 43.1819019511
1096 49.399727319
1097 44.7728669936
1098 47.6429074334
1099 46.9724159561
1100 40.0562773003
1101 42.6371273551
1102 43.5803289188
1103 41.9628225795
1104 52.1277882253
1105 42.9543079847
1106 50.447055266
1107 44.1395972604
1108 44.8253671257
1109 42.1185503332
1110 35.5875429055
1111 40.0142210683
1112 38.059289201
1113 59.9653796167
1114 40.3314620397
1115 33.8885882842
1116 43.3944752837
1117 21.3562517842
1118 37.5806940734
1119 41.9256792534
1120 50.0109054592
1121 55.5824799842
1122 49.3704896387
1123 56.2968800736
1124 43.8218224532
1125 38.4803209145
1126 37.6828162196
1127 59.6709680038
1128 46.5230123898
1129 41.3773162562
1130 43.8554376369
1131 42.4369083941
1132 39.8875722172
1133 52.6570314284
1134 54.1227874997
1135 41.0111927063
1136 46.97659958
1137 43.5505464837
1138 43.7212181998
1139 51.3356372236
1140 42.5313444862
1141 42.2886932713
1142 37.9395728708
1143 43.0125816787
1144 51.7309413441
1145 71.0919640158
1146 47.588030645
1147 43.2361946117
1148 55.4679883723
1149 41.2611410054
1150 40.968991908
1151 45.6794070276
1152 41.8187859697
1153 44.617634755
1154 42.522927266
1155 42.2070375191
1156 41.6171790935
1157 45.9491970537
1158 37.4909155351
1159 39.5547011382
1160 40.5393057054
1161 42.4071726368
1162 43.2575161037
1163 47.7295267627
1164 46.0951779132
1165 50.5440368999
1166 43.3501535391
1167 44.2360741792
1168 44.3654825228
1169 44.1024000667
1170 55.9331091183
1171 47.2784668751
1172 44.8895601232
1173 47.869009073
1174 51.4160688849
1175 48.3005907797
1176 44.8147424789
1177 49.293322452
1178 46.4634131489
1179 43.7914190036
1180 44.6036943106
1181 55.1516497134
1182 51.3355113968
1183 44.2750218632
1184 43.4203071553
1185 41.7555991282
1186 41.83972855
1187 47.8808695778
1188 43.5681040251
1189 46.5046502937
1190 46.9330483968
1191 37.9884987768
1192 54.2632896828
1193 48.4852172258
1194 45.4150876027
1195 48.4572899745
1196 44.5727143917
1197 45.2170027235
1198 44.6913856024
1199 47.7576278125
1200 48.1037390368
1201 39.5040997235
1202 46.904863139
1203 53.0003234972
1204 44.2936836938
1205 44.2733398746
1206 45.5473725051
1207 20.5051865999
1208 42.869113248
1209 49.7728242796
1210 43.6967646046
1211 43.4681134191
1212 53.338389354
1213 44.7648659364
1214 59.5358058578
1215 51.2276124003
1216 50.6001514872
1217 60.8836222208
1218 44.9910546722
1219 45.8341380677
1220 68.0765933778
1221 51.3391562102
1222 51.8243384863
1223 45.3773671897
1224 48.7939399221
1225 61.0757849538
1226 40.6236684415
1227 71.6230015615
1228 45.368765959
1229 43.2594905176
1230 42.5622005535
1231 49.6545570661
1232 44.7383239837
1233 61.7905845219
1234 62.9694703828
1235 59.894448344
1236 47.8776082794
1237 39.9826230509
1238 45.0797535447
1239 57.3608288001
1240 60.2236852202
1241 48.9483757972
1242 51.377346766
1243 45.3708751179
1244 63.0336253056
1245 67.7544683601
1246 64.55573983
1247 45.2206858376
1248 45.9035351607
1249 46.2939358076
1250 46.2659049648
1251 53.8036992775
1252 45.1350859505
1253 45.2914881326
1254 58.1697831041
1255 46.1622439846
1256 56.8638374791
1257 44.4376071468
1258 45.5547219643
1259 44.8607500039
1260 48.8657272969
1261 47.5565977716
1262 45.7850897277
1263 48.9926201697
1264 49.9530590013
1265 58.8272297863
1266 53.0265826669
1267 43.0652341027
1268 43.8987247044
1269 45.0849290008
1270 53.3495509217
1271 44.0687535793
1272 47.1274216388
1273 47.5053837749
1274 56.4122250298
1275 51.0209334259
1276 48.8255847101
1277 44.6942044107
1278 51.6450544178
1279 56.9717883256
1280 60.5376728187
1281 53.1552998411
1282 24.712289108
1283 45.3499014059
1284 25.1850745601
1285 52.0069874981
1286 45.7977226351
1287 45.9957215704
1288 45.9058637491
1289 47.5204536931
1290 45.4018595991
1291 45.1779866778
1292 58.9451749426
1293 59.3975692625
1294 47.1636263533
1295 49.0569153773
1296 51.9795968204
1297 55.9103499506
1298 37.6068416289
1299 56.1324560737
1300 56.2731696162
1301 55.69126822
1302 50.0091261735
1303 55.7652641853
1304 58.5670674462
1305 56.6796202178
1306 50.0985657541
1307 49.7457111674
1308 48.5826555854
1309 50.6042268114
1310 57.9293517788
1311 56.1289469615
1312 40.6376434819
1313 50.7504641465
1314 50.6956966919
1315 46.7298703724
1316 49.1099114015
1317 48.8601162298
1318 48.3407954731
1319 48.1967446856
1320 59.4263764265
1321 42.8421421805
1322 47.6582622403
1323 47.0520363133
1324 51.1832144243
1325 69.9436361491
1326 68.1999704393
1327 54.3584917739
1328 50.2251627235
1329 59.4808416121
1330 48.5955190808
1331 45.3727632526
1332 69.4631242882
1333 48.0877217645
1334 61.2240838684
1335 66.1007866324
1336 71.5120767379
1337 64.0725813411
1338 47.6729071379
1339 59.3128387525
1340 52.0412525966
1341 59.9356965447
1342 56.0706700542
1343 55.1971282909
1344 60.2207508193
1345 49.6856936486
1346 52.3211959224
1347 50.0997607806
1348 44.2265173883
1349 57.0520528301
1350 62.6154491451
1351 45.3716778742
1352 46.8111246461
1353 48.7538729087
1354 53.9338282853
1355 47.6002067974
1356 55.4768446549
1357 47.5448288251
1358 62.4677611273
1359 48.1606834944
1360 45.907624286
1361 58.3461306619
1362 40.5436133222
1363 59.2728539342
1364 43.0633523155
1365 55.4323578862
1366 49.1463699664
1367 43.0847930744
1368 39.3338666309
1369 49.0322754645
1370 60.0842783475
1371 47.0313151099
1372 49.1164169956
1373 49.0715630625
1374 49.712336912
1375 44.426145988
1376 43.8060291037
1377 59.9232835587
1378 61.0090030548
1379 50.5842339931
1380 57.7525552804
1381 56.1299623504
1382 61.7268381231
1383 48.2158522056
1384 53.292861219
1385 55.7296525544
1386 50.3249450981
1387 49.8849559636
1388 40.7290393725
1389 46.4177750493
1390 50.7801526882
1391 64.9466324175
1392 49.7263647164
1393 63.4097208898
1394 44.5982838922
1395 52.6563208855
1396 53.0173258809
1397 39.0778701538
1398 62.4260945994
1399 50.7326404471
1400 49.1144888654
1401 49.9978693394
1402 46.9120286053
1403 47.9211494444
1404 50.6818561644
1405 52.544428652
1406 47.7216335843
1407 51.2114856265
1408 45.0924674288
1409 43.8971781901
1410 42.7789365147
1411 56.5055494642
1412 52.504005944
1413 51.3740002446
1414 60.9227650666
1415 64.0411945109
1416 44.1446277836
1417 47.4591326386
1418 50.7016714245
1419 62.7159849668
1420 52.2012957123
1421 50.6452411344
1422 52.0223094121
1423 53.3396107491
1424 67.8572056718
1425 43.4841799292
1426 59.7214163347
1427 46.1192002988
1428 50.1206345959
1429 46.6725637073
1430 54.0630730289
1431 46.3932621067
1432 53.5713557813
1433 49.065771987
1434 45.5182426992
1435 49.3641346657
1436 45.5168333065
1437 46.2857220874
1438 50.9895017025
1439 53.278819182
1440 46.5897389567
1441 68.3805284683
1442 51.9304788044
1443 46.007837727
1444 45.0958017522
1445 50.7536357429
1446 48.458533024
1447 55.631765365
1448 55.8097442502
1449 48.2867975343
1450 45.4955812805
1451 45.7218116982
1452 43.2379279312
1453 45.4027635215
1454 53.1910983726
1455 42.6813523617
1456 46.4257327828
1457 68.8412277847
1458 46.6820046231
1459 51.3087723898
1460 44.5282482225
1461 45.2811675996
1462 45.068530672
1463 50.6317123669
1464 38.4769479187
1465 41.0241100434
1466 46.15557274
1467 45.0419484519
1468 45.0008810358
1469 45.6406941794
1470 71.255120884
1471 45.4707280607
1472 48.6275572823
1473 48.3330597558
1474 49.5359302885
1475 57.2255480913
1476 52.3663545032
1477 50.5231727724
1478 45.3382003306
1479 51.4488525103
1480 52.5415487718
1481 56.3048552311
1482 45.9573803133
1483 59.531964267
1484 46.6310965015
1485 57.1731028984
1486 46.616592648
1487 48.0538619868
1488 51.6060664681
1489 48.4434890994
1490 50.3247128624
1491 49.5939412195
1492 55.968607933
1493 65.4081320138
1494 52.6778548387
1495 50.1058803975
1496 45.9671090422
1497 50.5537061201
1498 50.4749077817
1499 62.7357771156
1500 44.9610778362
1501 50.3444802763
1502 49.563632106
1503 48.9111115956
1504 51.7021170598
1505 55.7280987709
1506 59.2088951298
1507 49.9482441954
1508 51.3127167516
1509 51.020861289
1510 57.6681974934
1511 49.3475945279
1512 53.2009992286
1513 51.7607598655
1514 52.5601144104
1515 67.7552559767
1516 56.4598128247
1517 32.0908349527
1518 52.9663890143
1519 57.1622826425
1520 56.5712306774
1521 55.9281126881
1522 52.3036707899
1523 64.7349115286
1524 50.2467368034
1525 53.0692192973
1526 49.7984479738
1527 77.4042322497
1528 51.8447373567
1529 46.2681705452
1530 67.4317046537
1531 47.2504723171
1532 44.340215245
1533 49.0620945418
1534 47.6217805
1535 50.1128874089
1536 47.7945757138
1537 59.1825932277
1538 50.7421680541
1539 77.5248450711
1540 51.1615394205
1541 55.6270223851
1542 49.2308077596
1543 49.1268322935
1544 48.5583512994
1545 49.6872397465
1546 50.8440797787
1547 63.3503165072
1548 49.0434722708
1549 54.081935049
1550 48.7129737745
1551 48.6356657
1552 51.7500772021
1553 39.5282709429
1554 46.9527509886
1555 51.8869096385
1556 56.6308498588
1557 45.7688036004
1558 56.8017866943
1559 42.4473185282
1560 56.700189809
1561 39.5432079028
1562 48.6890927921
1563 52.5662482732
1564 41.9083498646
1565 45.4767893573
1566 53.1467913829
1567 46.4423480208
1568 41.6805579673
1569 45.6770043735
1570 39.2103490983
1571 51.9004009207
1572 45.5509953284
1573 39.9617642246
1574 51.3543499332
1575 46.139749326
1576 40.5323072063
1577 47.3538304099
1578 44.4414134063
1579 51.0876948038
1580 50.0242540531
1581 47.6919362874
1582 60.2406105848
1583 43.0307062199
1584 56.5326079974
1585 72.1905070794
1586 44.8630080708
1587 49.8960008344
1588 56.9184404682
1589 47.9960554576
1590 48.4967348214
1591 46.2263262179
1592 46.3075593013
1593 39.7708293273
1594 43.4993984378
1595 50.894196717
1596 51.7020783103
1597 46.2370083646
1598 48.6099077325
1599 46.214747851
1600 48.293134813
1601 35.1161895184
1602 46.253273287
1603 46.7378485919
1604 67.0471575928
1605 51.9154482409
1606 44.9036171445
1607 38.2672957161
1608 48.0889420495
1609 48.0019880401
1610 47.7530952354
1611 47.2770464987
1612 47.0139212309
1613 54.3105423318
1614 41.5735375597
1615 47.3942662226
1616 47.4072638204
1617 47.5700787315
1618 72.7419387219
1619 52.4208647575
1620 66.9342499781
1621 41.4893444497
1622 63.2660070047
1623 49.8451557782
1624 52.9584734716
1625 65.0158340179
1626 52.8787573472
1627 54.482686614
1628 51.1013960697
1629 57.1914182333
1630 52.8900218614
1631 70.7517982923
1632 52.6755444701
1633 50.7988903711
1634 53.3652865972
1635 46.5976734431
1636 48.1010698186
1637 58.759804843
1638 48.2812863515
1639 50.8285062783
1640 49.5107624224
1641 55.1995042846
1642 50.2954055426
1643 60.7290588901
1644 55.306654424
1645 54.7720097443
1646 67.2102895995
1647 48.4216893418
1648 48.1401479267
1649 54.0518229516
1650 52.2582388223
1651 52.8217490074
1652 55.8708262414
1653 46.9782821767
1654 45.5745918206
1655 53.1833403701
1656 51.9648212755
1657 67.4207915892
1658 66.8308891565
1659 51.8506090563
1660 50.9966021511
1661 57.7909164644
1662 55.208733807
1663 61.8507395803
1664 56.594745079
1665 50.4453808473
1666 58.5471774416
1667 50.4926365009
1668 70.2922798008
1669 46.2485283376
1670 42.668028403
1671 52.3935286625
1672 52.2120887122
1673 49.8368533031
1674 42.1285503219
1675 56.1515714034
1676 52.4636521061
1677 50.4571233027
1678 50.246122557
1679 43.7518516147
1680 51.7066083084
1681 49.7331994804
1682 77.8747600351
1683 73.9519490814
1684 74.7060614466
1685 66.3506565347
1686 69.3267768368
1687 56.349151457
1688 60.6115807917
1689 59.7809803346
1690 81.565456616
1691 66.1639341535
1692 48.9359044388
1693 52.9831554478
1694 56.8409713254
1695 89.0528528923
1696 56.6573493009
1697 62.1738265338
1698 61.3835790414
1699 74.6479576638
1700 62.8732300083
1701 91.4291906478
1702 65.8395416708
1703 75.4693541114
1704 74.1416514838
1705 70.8302891791
1706 79.1516753047
1707 57.8243715803
1708 67.3776945794
1709 70.2816514125
1710 62.8795412846
1711 61.9093774819
1712 78.0934448484
1713 74.2512588434
1714 62.9684541976
1715 63.6734942317
1716 59.2656290649
1717 58.4070543122
1718 86.4529838147
1719 59.8029718167
1720 64.9762280238
1721 78.6311351649
1722 71.6277261151
1723 67.2638736173
1724 59.2784211882
1725 65.8268754885
1726 42.8805966081
1727 63.8907204859
1728 65.1833876233
1729 49.6680845682
1730 60.7190260006
1731 58.113536875
1732 69.2124881745
1733 77.0969208605
1734 51.4384339856
1735 64.4067746671
1736 81.9347687099
1737 89.9853411856
1738 68.7037321214
1739 75.4274557898
1740 59.0666278407
1741 75.3922611563
1742 84.1752959085
1743 44.6456774361
1744 55.4886229727
1745 55.0909566607
1746 62.8787164596
1747 70.9117219699
1748 45.0913998335
1749 69.8062022967
1750 56.1976374082
1751 56.6904147216
1752 46.1179673024
1753 56.848928553
1754 58.1403067407
1755 57.7620853172
1756 51.4951152943
1757 56.8789800244
1758 55.9282775691
1759 61.3674553466
1760 61.4488503713
1761 64.9838698036
1762 58.4862711272
1763 63.8336339801
1764 67.5534441762
1765 62.7701146755
1766 50.038394016
1767 63.7241163773
1768 57.3770758035
1769 56.9234814909
1770 68.8059650288
1771 63.2408160659
1772 50.7232816223
1773 67.4147576747
1774 66.3690151409
1775 59.7931384899
1776 58.1843019372
1777 58.7644206176
1778 58.1811277665
1779 46.011725898
1780 57.6789433292
1781 63.0419406026
1782 56.7211745796
1783 52.556349126
1784 57.0675687357
1785 68.7335135625
1786 56.908014197
1787 59.5011649093
1788 71.2071444275
1789 60.1048529679
1790 65.9448862618
1791 62.9055426494
1792 56.6484548471
1793 56.9687193448
1794 59.5894017571
1795 54.620909395
1796 49.8778307923
1797 45.4648233989
1798 49.481298217
1799 48.6094684765
1800 48.8139401743
1801 72.9966034178
1802 63.8938136808
1803 53.6910385799
1804 58.0870614498
1805 51.497473528
1806 49.740178683
1807 62.8423175896
1808 46.9964331827
1809 48.2494636491
1810 45.3292906525
1811 49.3321794296
1812 45.543466981
1813 43.3093034456
1814 51.3361643443
1815 48.6322254607
1816 42.1703953317
1817 42.5197765318
1818 43.6736648945
1819 51.9490320175
1820 40.1001351389
1821 48.6874890027
1822 50.0189895775
1823 48.0440667851
1824 41.5504823721
1825 55.8298380701
1826 43.2585057793
1827 54.689133685
1828 43.6159145765
1829 73.0066101307
1830 37.4086968877
1831 52.4383134575
1832 51.5290010859
1833 46.0326073014
1834 46.7240353734
1835 46.8974359743
1836 47.9696689896
1837 41.4381734847
1838 45.2998468383
1839 56.511385653
1840 46.3709777106
1841 47.648326075
1842 41.6404057807
1843 41.3987704123
1844 45.77286655
1845 47.5536844244
1846 54.0247326325
1847 46.1743844643
1848 43.5802388281
1849 38.5596319452
1850 56.6544913207
1851 66.9189681281
1852 53.2061152628
1853 45.4191800946
1854 46.5131148534
1855 43.0592376905
1856 45.6062518046
1857 40.5582576061
1858 50.1677692472
1859 50.2860533352
1860 46.8591289816
1861 45.2846550463
1862 49.8312707792
1863 46.6049789185
1864 44.4392553192
1865 42.7522912925
1866 39.328239812
1867 66.5309653823
1868 40.1102446765
1869 46.2768123527
1870 48.5667505666
1871 40.9558385809
1872 50.3670622509
1873 61.8890702656
1874 67.8221601537
1875 67.3541600292
1876 74.2536937788
1877 82.7416617847
1878 60.6286689508
1879 63.3634073383
1880 74.0811596278
1881 70.265748875
1882 73.7460657875
1883 69.1123144607
1884 80.6706602402
1885 61.4886543781
1886 64.8842707549
1887 62.5947607854
1888 62.167528809
1889 73.7325297323
1890 63.2132486606
1891 66.0903627799
1892 67.2581483962
1893 71.6523151554
1894 63.720444473
1895 67.5678296349
1896 69.6215135348
1897 58.6490356666
1898 75.2573383688
1899 74.8815466217
1900 67.2996645481
1901 73.7784182797
1902 66.7552089276
1903 74.2250075963
1904 57.2490386296
1905 61.1245600217
1906 70.7839996248
1907 72.0998950766
1908 65.1629744763
1909 58.5454842115
1910 67.1736025081
1911 61.3005146793
1912 68.1191301121
1913 71.1313473476
1914 93.1549409184
1915 63.5058793265
1916 70.5523142437
1917 55.5659541765
1918 65.5941587335
1919 67.0481926384
1920 58.1164793642
1921 61.2551922769
1922 59.5271200668
1923 80.0953780253
1924 75.9156695333
1925 63.0291121953
1926 75.5340743043
1927 65.7688289994
1928 65.6961958274
1929 64.7574666355
1930 49.5201303769
1931 68.4685350199
1932 59.5179365733
1933 86.7003351426
1934 74.5287423717
1935 67.9657357003
1936 66.1078577505
1937 68.1175969182
1938 71.0404428708
1939 73.1690171295
1940 69.1043561776
1941 59.3268840493
1942 67.2973754287
1943 77.403583216
1944 66.5907433832
1945 81.0394632122
1946 67.1777148778
1947 61.8980745401
1948 85.8117716542
1949 80.5201345147
1950 53.170332672
1951 62.8906793058
1952 67.9488117059
1953 69.7937325876
1954 79.7544078896
1955 64.6250419106
1956 78.9076944221
1957 72.7303760265
1958 59.7062818185
1959 65.6594332435
1960 62.3430422208
1961 60.1927841051
1962 79.4492179449
1963 71.6918644237
1964 49.9404736581
1965 67.1012705453
1966 53.8708758692
1967 57.6580394274
1968 46.6594544977
1969 64.288158263
1970 57.7627744215
1971 62.2416254068
1972 60.3216423452
1973 49.936260886
1974 76.3025536908
1975 52.0170679363
1976 50.3431599851
1977 45.0655681806
1978 56.2076746913
1979 61.3214245843
1980 57.1692093237
1981 54.1271519362
1982 55.5027907211
1983 52.6108198708
1984 50.0442064709
1985 57.5419408529
1986 50.2468439796
1987 54.9654564025
1988 47.8975638129
1989 49.7099215424
1990 50.6134320571
1991 51.0246796837
1992 72.9038048952
1993 57.7101490618
1994 50.1649965273
1995 50.0949015686
1996 52.7357674036
1997 52.9220811537
1998 52.2087072769
1999 52.1788753318
2000 61.2850133324
2001 52.0854096597
2002 59.499842979
2003 53.136968655
2004 50.7281644033
2005 50.019123807
2006 49.6218026931
2007 68.4172766173
2008 60.6175319253
2009 63.2847434289
2010 52.2161748903
2011 52.0489022292
2012 77.3592135462
2013 52.3138155495
2014 60.6618189138
2015 52.84538902
2016 61.8382869508
2017 50.875400952
2018 50.0211301539
2019 50.4550351929
2020 60.9839951633
2021 56.2413549808
2022 68.5696754429
2023 55.6101974047
2024 55.0823432148
2025 63.3368082713
2026 56.0016447714
2027 70.2850533128
2028 66.2804898205
2029 51.4265302889
2030 47.673541722
2031 46.1978230762
2032 53.1727481768
2033 57.3131415801
2034 56.2968803952
2035 50.9575622
2036 52.0144247401
2037 48.2774672958
2038 52.6964584407
2039 52.3188497633
2040 56.2661869038
2041 58.1819993419
2042 54.5612091107
2043 48.2095100212
2044 54.0929676376
2045 53.000989424
2046 51.6805945027
2047 48.2394803716
2048 62.2622728367
2049 47.893659032
2050 37.960364561
2051 53.0553391612
2052 59.4679621642
2053 50.7681759196
2054 59.9020068051
2055 51.3598506316
2056 53.7642018208
2057 54.6329233992
2058 53.4721666175
2059 47.4817697118
2060 45.8138708241
2061 54.1938084364
2062 51.9570038217
2063 54.4194122371
2064 65.768971907
2065 65.479134012
2066 60.0519023167
2067 52.8940797133
2068 47.9691963919
2069 41.2387215027
2070 34.3589587486
2071 62.4664773942
2072 51.9755999105
2073 58.2905218371
2074 69.8208779919
2075 50.5913501728
2076 48.8561034851
2077 59.2539052506
2078 46.5988800857
2079 48.5162570234
2080 48.3737147662
2081 82.0657062014
2082 50.4435622089
2083 64.1879499835
2084 46.8503746871
2085 48.5377027629
2086 52.0869797864
2087 51.7847748498
2088 59.66493092
2089 52.3580854967
2090 49.3266274164
2091 49.155305007
2092 61.0580016104
2093 47.8578322678
2094 65.1431130137
2095 49.3296860348
2096 50.9087500088
2097 47.925315573
2098 65.1643954647
2099 49.7703715771
2100 53.1816614664
2101 59.7387902892
2102 52.7962165964
2103 53.9045311107
2104 53.6751899675
2105 47.1808362663
2106 47.5836247968
2107 57.8165936696
2108 46.5416872154
2109 45.3857713748
2110 59.2822693809
2111 48.5768085582
2112 48.2025621581
2113 46.2297437269
2114 64.0509742077
2115 55.6365512628
2116 52.1545703213
2117 47.8768133848
2118 49.8624563136
2119 45.8773766534
2120 51.6509591172
2121 67.464509387
2122 57.5661551008
2123 49.3407559487
2124 53.0293696316
2125 69.8356948575
2126 57.973916912
2127 47.387723389
2128 58.9348300939
2129 48.8610954768
2130 48.5942214873
2131 52.7413687968
2132 52.0740259843
2133 48.0723550095
2134 50.7615967676
2135 63.8835807234
2136 62.7053430847
2137 45.0073797974
2138 50.957530499
2139 56.6309378279
2140 64.7478473024
2141 48.706303713
2142 56.7727819945
2143 51.920939942
2144 59.1233946249
2145 53.355069606
2146 49.564720341
2147 51.5637821702
2148 63.4123150776
2149 38.3835823234
2150 48.2102692695
2151 49.0518659537
2152 43.0622277
2153 48.1802675517
2154 45.8863329796
2155 47.1358820528
2156 57.812919982
2157 51.6041360633
2158 39.0243674749
2159 51.4900358321
2160 46.9752773084
2161 52.1114287946
2162 39.1850159434
2163 50.2730533837
2164 68.3233201682
2165 62.130380308
2166 48.8193149488
2167 55.9896256035
2168 49.3682777131
2169 56.4788238784
2170 70.1446480852
2171 56.4137901786
2172 53.3820361217
2173 61.1422712879
2174 52.0146701277
2175 48.2426425064
2176 50.8892006904
2177 51.248047954
2178 60.2455118281
2179 51.1356794572
2180 49.5141404736
2181 51.3224216419
2182 50.0638311009
2183 44.5988905999
2184 66.0988591758
2185 43.838069657
2186 61.4694027372
2187 55.2738344554
2188 54.3094173829
2189 48.6873223217
2190 45.5983101169
2191 52.0627175371
2192 50.3867699909
2193 53.5891126881
2194 64.433981211
2195 53.9386834175
2196 41.9288118736
2197 49.6665038098
2198 46.9246061251
2199 56.8216772327
2200 50.0481185495
2201 50.4341430735
2202 58.2335495646
2203 51.1469971598
2204 46.4728119214
2205 50.5515462496
2206 46.3171184498
2207 48.3533744852
2208 42.7454981086
2209 50.7266958594
2210 48.964147857
2211 48.6180768324
2212 48.5019096559
2213 54.4123068643
2214 54.4964353891
2215 50.8083876391
2216 46.8756163846
2217 49.1835130981
2218 68.3759410464
2219 48.1461969818
2220 72.035740935
2221 44.1961974817
2222 49.3728931501
2223 48.2478031074
2224 65.3437558625
2225 51.8467777492
2226 41.1393590126
2227 42.9574704014
2228 73.6055205732
2229 54.3342714103
2230 52.0882946958
2231 52.4023090768
2232 48.2720831712
2233 48.1654129335
2234 51.1271719462
2235 46.9898741748
2236 55.9812925361
2237 52.8927680489
2238 45.5100199441
2239 47.0903212999
2240 53.0353991759
2241 46.3260715893
2242 41.1448992632
2243 47.5958271633
2244 51.9156483252
2245 45.82629164
2246 52.0054859909
2247 50.2761480634
2248 47.422364046
2249 51.7371453973
2250 43.7429760546
2251 53.2800992322
2252 44.9556479269
2253 47.0762563087
2254 57.8479963592
2255 61.816892631
2256 54.5562560806
2257 53.4073918637
2258 49.2432565641
2259 50.4302597834
2260 45.1622384265
2261 68.1460948426
2262 51.5348665039
2263 56.013261522
2264 49.8810752684
2265 40.1028546473
2266 50.6323898215
2267 60.2782812423
2268 64.5327128442
2269 48.5891033709
2270 57.0815464083
2271 55.08917147
2272 57.2939294365
2273 48.0519566573
2274 60.0204751895
2275 48.2783608743
2276 61.8279639425
2277 51.3790491659
2278 43.8977490137
2279 42.986976093
2280 51.6046564465
2281 42.8604393651
2282 57.7092693883
2283 63.5344841499
2284 42.9993371485
2285 48.9296931373
2286 42.9611218167
2287 61.9712629095
2288 52.1378698713
2289 41.6010514454
2290 50.9026784982
2291 53.3539392489
2292 56.6285358128
2293 68.8001230052
2294 49.012673631
2295 53.3535977562
2296 54.1162979031
2297 52.3041912215
2298 51.44438504
2299 59.212135644
2300 53.1527934511
2301 47.8579247873
2302 54.3363097864
2303 45.6039695087
2304 46.4965307956
2305 53.4504445177
2306 39.4745130248
2307 55.7923487124
2308 49.7995781684
2309 45.6145217508
2310 67.0272096982
2311 58.4406572741
2312 49.937567839
2313 51.3551063501
2314 48.7315564121
2315 55.9525672716
2316 52.0657195676
2317 53.791621435
2318 61.7663335315
2319 57.2014062073
2320 61.7366142416
2321 64.0081451614
2322 49.2196410215
2323 58.0138029738
2324 53.6275896802
2325 47.3859700281
2326 60.539365307
2327 58.7386607608
2328 53.2108004007
2329 44.961491319
2330 49.5160084388
2331 50.8857928778
2332 58.4288868642
2333 42.5757264775
2334 44.7603390816
2335 45.4147727468
2336 52.0925476089
2337 74.9430516805
2338 57.3347024166
2339 54.4001254149
2340 66.0030149151
2341 55.2402427494
2342 45.863836374
2343 45.0034418873
2344 50.6019018158
2345 61.8326039083
2346 59.1288597152
2347 52.6845069516
2348 44.3475094464
2349 45.6622935446
2350 49.9767135206
2351 48.9776723592
2352 48.8548929978
2353 61.8238139347
2354 51.8343582183
2355 63.8927643022
2356 65.0564344658
2357 52.8446711649
2358 55.5835763569
2359 60.8808634099
2360 52.3263756707
2361 57.9129524184
2362 54.6080751641
2363 63.3603941276
2364 61.4554453543
2365 69.1600110517
2366 62.8624211225
2367 44.8286839259
2368 56.2043661582
2369 61.8942292762
2370 53.1065868776
2371 58.8846848142
2372 61.4988861417
2373 52.2521601601
2374 55.0888560767
2375 61.3226171457
2376 53.7350864846
2377 56.040623143
2378 74.01952705
2379 64.4435389593
2380 52.4675386972
2381 55.5397764158
2382 62.6091140901
2383 54.8847899229
2384 60.4943831418
2385 67.230535822
2386 54.0084143042
2387 69.1276591854
2388 58.6410871809
2389 58.1353795691
2390 52.5017218631
2391 71.5829770771
2392 53.5201291528
2393 52.4356715828
2394 57.583015054
2395 56.7482500186
2396 64.3997250594
2397 61.0020574854
2398 54.4237887463
2399 52.4285454621
2400 55.9890871529
2401 52.1592503888
2402 53.9817432507
2403 55.8973652118
2404 50.2756008828
2405 56.1959851214
2406 61.2357868549
2407 59.1867974238
2408 52.3177335447
2409 57.3882879452
2410 55.3182901438
2411 58.6720508501
2412 67.8317485511
2413 59.0566158622
2414 45.4716554779
2415 53.9975839683
2416 58.6434607333
2417 62.0648179855
2418 59.5363848111
2419 49.3761651455
2420 58.0264227896
2421 55.7473928274
2422 51.1025722867
2423 50.2346803951
2424 51.6481306669
2425 46.3528120349
2426 48.9283192313
2427 66.1504159858
2428 61.4038198709
2429 49.2827604898
2430 48.6600687957
2431 41.2859909924
2432 41.3423078867
2433 60.4157264608
2434 48.4039402206
2435 73.5330545156
2436 42.3180042534
2437 49.3991029402
2438 55.5122134241
2439 48.9676925459
2440 55.4421421515
2441 49.6040713266
2442 50.3769038071
2443 45.0027704463
2444 55.4363568494
2445 54.4879023003
2446 52.9259265568
2447 45.1132384187
2448 40.6521793204
2449 51.2014331999
2450 50.7177881657
2451 53.3130892026
2452 68.7612422011
2453 47.0413314114
2454 48.1183976276
2455 64.4185458949
2456 50.3104742739
2457 58.7497051426
2458 56.9439640236
2459 61.2032460935
2460 50.2213641709
2461 53.8757068065
2462 53.6956792758
2463 49.7588950355
2464 54.9299447064
2465 64.7506904718
2466 50.1347679769
2467 44.6844905623
2468 46.2742715553
2469 55.0712888604
2470 48.6962028377
2471 39.4124171512
2472 57.8014391711
2473 50.5906624018
2474 46.0594058731
2475 48.5134598196
2476 56.5924988788
2477 43.9382565009
2478 47.4504842693
