u s
1 62.8579869511
2 73.865258845
3 55.9910824346
4 69.3432954317
5 69.3960397542
6 49.1390709049
7 51.0838264532
8 59.541986804
9 75.1929742078
10 70.6412817391
11 49.2380614545
12 64.9011273341
13 73.506546381
14 64.3312930371
15 72.8693468627
16 69.1623074648
17 55.4148199408
18 62.1597859039
19 154.695436919
20 54.8496413048
21 68.9849356
22 68.5144314534
23 78.1437022424
24 69.7435275211
25 70.3181444769
26 76.2449097147
27 69.1128337923
28 56.2065394596
29 54.2451514617
30 77.2903315675
31 75.2346941597
32 80.2548265161
33 70.3083837569
34 79.3286311839
35 63.593646102
36 75.7563586025
37 82.3889851297
38 69.8831532239
39 41.1087690411
40 54.0866979433
41 70.5451192023
42 63.9911865378
43 67.2750559726
44 70.9312217682
45 76.1358797684
46 69.9436793557
47 65.69097953
48 62.0137126399
49 49.9893278993
50 70.8433178391
51 65.9721244786
52 69.7414664799
53 71.7768575413
54 61.592981312
55 150.38434537
56 74.9237789317
57 88.486286572
58 73.385538014
59 70.0538507364
60 69.8542015578
61 68.3237236695
62 82.4878499433
63 68.9428178653
64 67.5139754264
65 84.7561766583
66 61.927987585
67 72.2558552099
68 64.3295960946
69 98.6534983858
70 70.188890185
71 53.1917495
72 50.6092175869
73 54.8410334332
74 76.0727932859
75 71.9996158948
76 72.1299684626
77 65.409873356
78 72.9579389589
79 75.9924969481
80 72.5281959397
81 65.7092215483
82 66.199676175
83 40.9236876801
84 64.3770495151
85 56.7076246894
86 62.0598675678
87 71.4077337434
88 65.294284595
89 75.5645583104
90 53.3519147132
91 70.4564921156
92 68.7176859144
93 68.2209117018
94 81.0906611306
95 45.1596121737
96 61.1110472249
97 63.2747736153
98 128.658442807
99 57.7204348987
100 69.8480931562
101 70.5225886081
102 70.8222861149
103 67.867560574
104 75.5077303767
105 70.4424327063
106 75.3210224936
107 71.0644381052
108 78.0385728183
109 78.97336086
110 64.6425627388
111 76.591681644
112 80.3453080737
113 84.4683095365
114 71.8542918298
115 71.1995596392
116 67.8670653755
117 67.9155769072
118 76.7935661025
119 70.5529920026
120 69.7249510935
121 68.4776438952
122 61.2881373612
123 72.0929594574
124 68.9076214004
125 54.8241251049
126 69.0336942221
127 53.6946694297
128 69.5719405696
129 68.4081907864
130 63.5440060218
131 63.9520315726
132 73.7954231225
133 80.5639975782
134 69.17153375
135 72.6076039861
136 64.6222446668
137 71.1381144836
138 75.447432444
139 74.3147202808
140 67.7502674904
141 72.4156023445
142 71.1810888168
143 70.063082598
144 70.9219308231
145 76.0518391348
146 55.5899647649
147 55.9386333233
148 67.1249608065
149 76.0050660492
150 75.5006721946
151 78.3445862419
152 68.6299432196
153 70.2246866174
154 56.1426546243
155 60.2293979265
156 61.2067409714
157 74.278475287
158 77.7200794608
159 72.8028514187
160 67.5043438134
161 69.810052761
162 64.9908123593
163 74.8591980267
164 70.2947838465
165 63.1309368606
166 80.2702348458
167 52.8809211793
168 76.06691895
169 87.580041848
170 50.0962503287
171 71.4302054707
172 73.5835880483
173 57.6685362971
174 59.1499761526
175 69.8143072534
176 67.2150766693
177 68.5177346432
178 72.0873717088
179 63.6347385133
180 78.675357072
181 60.3568671152
182 74.2768986706
183 69.6454925245
184 56.7996810671
185 56.7843246092
186 64.172751691
187 50.8737241494
188 64.9115416506
189 65.5982327555
190 43.5310589384
191 55.0815447625
192 60.61599349
193 72.7435669754
194 70.2205912425
195 73.8179731845
196 64.5027497534
197 64.3320326573
198 56.1420347722
199 72.3600820916
200 64.0452421236
201 63.0983609358
202 63.2684064038
203 71.1868824739
204 77.0723366534
205 61.6035119554
206 55.7673413798
207 64.3776034419
208 63.1158088875
209 73.053967734
210 65.6363651907
211 55.0997504429
212 56.7640082359
213 40.6720794467
214 51.629492642
215 63.8166134267
216 42.5869358885
217 72.4216747239
218 60.4786957097
219 63.1671447645
220 49.8301029019
221 68.3245149336
222 62.0602519839
223 78.5560220379
224 62.6127801179
225 62.1817903162
226 58.3220790217
227 69.0811504378
228 60.4470595563
229 50.7018727488
230 69.7098597368
231 70.4887946767
232 68.6956829931
233 169.498912422
234 63.6076282833
235 64.7550430173
236 186.671714708
237 69.7323271612
238 67.1752556845
239 72.3811871886
240 56.5342431645
241 81.3878612568
242 69.5768994148
243 64.4411972798
244 64.7040271464
245 61.1742525162
246 67.6666347943
247 67.5714502284
248 61.5479967968
249 63.277264173
250 78.5014642978
251 66.9559527958
252 62.9829083705
253 53.8321718073
254 56.5801488936
255 70.467028282
256 71.5341902542
257 75.5202857998
258 63.7679663538
259 53.3029463291
260 65.1816231624
261 49.6108142825
262 68.3991479429
263 80.106573589
264 69.8179765862
265 63.5546764654
266 66.1874816439
267 67.6318858357
268 54.592485294
269 63.1249768444
270 65.0588236928
271 87.0029856483
272 73.0630344945
273 64.6286073079
274 77.863850683
275 72.6053195052
276 71.5231699714
277 95.6166728132
278 64.878150692
279 70.6034143899
280 63.9219879343
281 72.7395584159
282 69.7416604488
283 68.0246257702
284 77.1675281731
285 62.4837315971
286 67.9507393236
287 82.3489060519
288 67.1191335778
289 71.5195148726
290 80.5221495435
291 72.6106040697
292 73.0837096148
293 71.0378150802
294 67.0503986389
295 66.1191371516
296 73.2893314247
297 69.7233007903
298 63.3944314739
299 65.7569977461
300 66.3039007631
301 63.8201669667
302 62.8238737275
303 65.1221707833
304 66.5313604081
305 69.8923314556
306 70.6707001212
307 77.4755292715
308 64.0850481234
309 62.1889380321
310 64.5049865945
311 72.9111637623
312 70.7829212966
313 67.6940227121
314 57.0334487535
315 72.7488949045
316 86.5996555795
317 62.5777255997
318 56.074939584
319 72.5865158974
320 61.4967627379
321 68.5803071749
322 72.2378099679
323 68.8149266723
324 92.6181410866
325 63.9761913242
326 74.5694768547
327 72.3970398884
328 78.770848913
329 66.9878324575
330 75.0737242867
331 77.4432129662
332 56.5290090095
333 68.4859311757
334 74.8138849624
335 65.5660785313
336 74.4842610974
337 71.3808366072
338 48.9441132565
339 60.2960698539
340 64.9342114095
341 75.7599991339
342 70.4794000195
343 75.4418048295
344 80.701917652
345 65.2117349676
346 70.1609821567
347 72.6973418444
348 73.9768027757
349 57.2303701815
350 70.7300597983
351 74.0613800926
352 77.7043485968
353 69.6417325637
354 77.2185264679
355 74.2852430111
356 69.2995728429
357 66.4373347963
358 79.3460343296
359 72.1061661128
360 69.8723929844
361 51.6579973268
362 82.9444099707
363 73.4966390484
364 84.2379903766
365 72.3848837906
366 72.1269629017
367 84.4167677113
368 78.7686810068
369 75.4127456593
370 72.9487406986
371 88.1671894546
372 83.1613807079
373 67.4351070634
374 69.7165707293
375 79.3865404344
376 65.4940023373
377 62.3269963646
378 64.5182703457
379 71.2887219728
380 71.266793886
381 75.2696414499
382 70.7558654805
383 77.2402535975
384 73.0381055859
385 79.2147440032
386 75.8329844995
387 67.5330874682
388 73.0202579119
389 75.4647013762
390 75.3589859418
391 56.9432556049
392 64.309593164
393 72.7063153025
394 59.4599333744
395 61.4740859841
396 55.0623869548
397 59.5710951272
398 67.9913858224
399 71.1876723356
400 63.8986155324
401 63.2111674623
402 55.8159503954
403 71.4419788037
404 82.928219891
405 65.9786058823
406 73.2915185535
407 74.2532909989
408 59.5505379567
409 55.7978301745
410 61.9922392765
411 58.8023751692
412 58.0900135309
413 73.4141505383
414 62.2235839498
415 66.4890791446
416 66.6623520325
417 63.3590545119
418 62.8940865821
419 65.6910007853
420 58.6393899969
421 58.6493574143
422 65.1503819988
423 64.6711113524
424 71.6471158852
425 61.6852107881
426 59.9711088365
427 60.0250712749
428 65.051879782
429 72.1270881354
430 67.2218810451
431 73.1788941563
432 51.2718867409
433 61.8575844614
434 67.1197538221
435 73.2027433409
436 63.8515659846
437 66.2160954827
438 61.1792522223
439 61.4806613436
440 62.7557068685
441 70.2933315746
442 62.0242635265
443 59.9445013785
444 59.9672755454
445 66.0540756234
446 57.2488994402
447 58.0275311529
448 60.9370547503
449 68.7274367254
450 73.3603692895
451 55.7436069806
452 51.3781770539
453 64.6168165274
454 46.972608508
455 70.158634788
456 71.8049827991
457 82.1608772978
458 63.7699005326
459 60.10037433
460 67.3684867868
461 66.5480355576
462 63.1321749477
463 64.1928433227
464 60.3845156118
465 50.2293691489
466 81.2982289174
467 67.7033087999
468 66.1752559485
469 73.6805675118
470 63.429693774
471 84.5177529817
472 74.0556374709
473 64.9858277837
474 65.7374229331
475 62.0748061955
476 65.784046293
477 77.7935727751
478 62.8243102647
479 66.5579479716
480 67.0129776625
481 64.185354585
482 69.3757389225
483 64.6902414169
484 64.5214040695
485 64.3536584757
486 60.3232374427
487 58.0318603801
488 48.5758212191
489 59.5139213223
490 73.6588494041
491 72.7777297964
492 68.0611718994
493 71.2762295086
494 65.9277001139
495 67.9416561414
496 66.875739815
497 62.652436102
498 52.7725071662
499 48.7157952312
500 67.3793692527
501 57.8638076942
502 65.1085335238
503 67.6112233509
504 70.6748887841
505 73.73605258
506 66.1397457197
507 68.0426147706
508 73.179635815
509 70.7599231753
510 64.6310563642
511 61.1776638068
512 64.7517359521
513 67.1711167376
514 75.8850415399
515 66.6412205915
516 68.0080882385
517 66.11535926
518 62.4702501148
519 56.8641640225
520 66.6154121092
521 74.8777773601
522 76.802795516
523 76.0344919243
524 64.8797597563
525 76.9183452242
526 86.2175815281
527 67.6454628491
528 67.6951093868
529 62.4516764015
530 45.792937686
531 67.1855316707
532 63.5928128589
533 80.8279061948
534 59.7872722058
535 70.4166025605
536 67.9822762312
537 64.2500922704
538 69.9734271536
539 65.1109663967
540 63.1416872018
541 54.4133115328
542 63.1051316164
543 69.5015094813
544 76.1786129594
545 66.7334842413
546 67.2007533944
547 52.6533855595
548 71.687479618
549 68.8288058264
550 66.3978289304
551 69.3935324978
552 71.858802319
553 63.4287525832
554 79.1947836949
555 62.8742990849
556 49.3244340731
557 85.8652241319
558 73.3821785933
559 63.8917748762
560 68.8727202722
561 78.7667765889
562 113.256617934
563 57.0155332542
564 76.127894602
565 74.1904321409
566 62.8906028383
567 74.9312212189
568 65.8487130275
569 65.8719959915
570 70.5971927629
571 72.0842654514
572 69.879877371
573 60.0740789152
574 85.1067072192
575 51.5782289193
576 73.2091199881
577 80.0719298636
578 68.3519794648
579 65.1767931479
580 59.3181253861
581 63.9503210125
582 64.9593177611
583 55.3949880195
584 64.9902327128
585 83.4682053506
586 81.3057823811
587 94.7846130077
588 80.1854723163
589 86.4554005553
590 82.1182196195
591 75.2431613134
592 71.7320622862
593 54.1920826476
594 82.2173774679
595 73.0832816327
596 61.7385969371
597 78.4777582458
598 69.4529667542
599 75.8413217419
600 86.437710666
601 71.7270069851
602 79.9213195778
603 67.2091334043
604 70.4070716116
605 68.8002779768
606 49.9075471858
607 77.0618297499
608 75.0677518946
609 80.1099666144
610 71.3874963142
611 67.4577567788
612 70.429722892
613 49.8290486663
614 62.9086415601
615 69.151271036
616 82.9003824664
617 92.0750934933
618 70.5743947453
619 53.0498371368
620 80.910200869
621 70.121240455
622 78.1553220709
623 70.9612014414
624 72.5692605242
625 70.1577386728
626 61.9140742388
627 58.2406070605
628 62.5772710657
629 74.2951058952
630 74.2588713357
631 79.1809956515
632 80.4796929446
633 83.8494676639
634 54.8317863257
635 71.4149918957
636 72.7517633416
637 89.8293367161
638 74.1475332246
639 70.2471396397
640 73.1551374706
641 70.5845993019
642 73.2101913964
643 71.7356942229
644 70.0641961736
645 74.7372764396
646 66.7019282173
647 70.2064612234
648 76.2205515854
649 72.7354043454
650 75.7707454482
651 62.5914735326
652 62.6366756029
653 75.4153160535
654 67.994446259
655 69.7743492317
656 69.1840822721
657 74.0651031442
658 74.4939743092
659 78.7148406605
660 79.814484864
661 69.3524310961
662 57.8642643191
663 67.6064862288
664 66.6546721935
665 62.3023566458
666 80.585339029
667 79.6947143744
668 62.2558283862
669 67.2656858245
670 61.2934033143
671 74.9998376125
672 71.6887801729
673 61.6285730123
674 49.866526834
675 67.0521588874
676 62.6364570551
677 81.1965010846
678 77.2933091719
679 68.0077750363
680 74.0651676009
681 65.169495836
682 72.8022784884
683 65.4633817773
684 46.6666376741
685 65.0625248143
686 65.7002018304
687 63.921030212
688 65.3212788403
689 68.3575478329
690 68.1220443322
691 71.9486154861
692 65.9399517767
693 73.9850817756
694 69.1203814433
695 56.389305613
696 72.7731325652
697 68.2987286128
698 82.8176711784
699 70.8149604814
700 71.5586772215
701 73.4124303872
702 66.2569855797
703 65.4871666466
704 66.8422373081
705 82.080435975
706 68.5140898112
707 72.0831046131
708 87.7856518833
709 79.8038962176
710 64.772084306
711 63.2239474784
712 63.5780290293
713 68.2585121526
714 54.8065373126
715 62.7551919005
716 69.5661922976
717 68.8541040101
718 76.7715706515
719 62.4460963679
720 70.4263628989
721 83.8884361842
722 67.0391188129
723 71.7375860855
724 71.178818064
725 92.5603900601
726 75.4845984335
727 66.3207648056
728 63.5830200422
729 87.2703732773
730 68.890522004
731 71.5712459759
732 65.0419448298
733 71.587219991
734 68.7407058
735 56.2153276886
736 69.0935217029
737 64.8097659727
738 72.8845311368
739 57.9660291944
740 66.4754675396
741 73.0272455627
742 81.7174860286
743 66.655364314
744 48.0870173971
745 73.6410320387
746 70.0034576221
747 69.4046911503
748 71.9264355397
749 71.9123112764
750 68.1224821386
751 76.1902060224
752 69.26348554
753 78.3193412762
754 69.8893756827
755 103.754647432
756 74.9400618543
757 71.613977489
758 84.3836526784
759 67.0265712174
760 70.2055599163
761 66.1579765957
762 67.1008083163
763 75.6394276896
764 64.1739922756
765 69.9995502114
766 65.5702725465
767 69.5645332853
768 68.3477368583
769 72.9179268264
770 73.1403352968
771 71.1199585716
772 62.0350270114
773 84.7129540921
774 71.3181756673
775 54.4999076699
776 63.4173195558
777 61.6640469436
778 77.4427920661
779 53.4359445014
780 70.7671010876
781 81.3348111409
782 66.3196022821
783 63.0797191403
784 69.1442914689
785 58.1492088632
786 43.1822879225
787 53.591964079
788 71.8757735461
789 74.5140515335
790 65.7480625112
791 66.8928675655
792 74.692676548
793 59.5526225318
794 68.993502479
795 70.3673058521
796 65.1884569235
797 69.0790409703
798 81.1584359611
799 54.1870480179
800 54.0894977652
801 70.9184857656
802 72.8916345696
803 61.1800213088
804 69.2086228262
805 65.9084924461
806 69.2268993894
807 66.5072945914
808 67.6728597888
809 67.2397736273
810 58.3938798093
811 81.8177987811
812 65.2390395903
813 70.1630629965
814 75.0138358877
815 73.502379496
816 59.0326771537
817 72.6599002687
818 63.4154409933
819 62.7107296084
820 76.2332072927
821 70.1042782516
822 74.1878410241
823 69.7388188823
824 70.8904031106
825 80.2372903677
826 68.5411446933
827 70.6614477573
828 67.0514918767
829 70.2481718492
830 76.8183606051
831 69.6760631288
832 60.2208074387
833 64.3812826096
834 68.0221296694
835 65.9269974751
836 67.8280594881
837 71.4177975742
838 67.9341921741
839 64.946734831
840 68.8485860429
841 78.922456744
842 69.8054701531
843 63.1911505024
844 61.7514548385
845 76.6145515641
846 45.3869457093
847 75.9696603186
848 73.1823832727
849 87.5342212482
850 72.9028543495
851 83.3378549717
852 53.0866795712
853 70.9631217898
854 76.7670554085
855 73.9591981579
856 73.6780131137
857 74.0499058155
858 53.4696212374
859 60.7681983356
860 74.8852411161
861 74.5968170585
862 67.3713390381
863 74.6305051492
864 72.547977813
865 70.3335947632
866 53.7654939918
867 59.2928180413
868 82.9805283494
869 78.8732822274
870 45.6812724681
871 56.8532357585
872 52.2155551243
873 88.016105008
874 67.9681384683
875 73.7696701507
876 72.3508590763
877 77.1951919393
878 72.5105053212
879 42.8482260105
880 74.5759199161
881 81.072222089
882 82.3798306782
883 84.1945233399
884 74.1436142015
885 72.5088536179
886 45.3836118719
887 73.9293795266
888 71.9794982744
889 67.8523375839
890 74.8484329881
891 44.1718237062
892 68.5826180834
893 76.2854149952
894 83.2940215428
895 82.9738743703
896 79.6444233862
897 76.2253223269
898 54.7034876479
899 74.718219739
900 73.6506075991
901 68.9024571332
902 77.6815083861
903 62.7420367788
904 51.7287175735
905 80.7717299184
906 79.137440946
907 73.9297223219
908 71.880570768
909 83.4463008549
910 56.8285383674
911 71.4369543134
912 59.9295210483
913 61.9221441111
914 62.7911386806
915 47.1725172
916 73.1779684055
917 62.8784611453
918 67.7227087493
919 75.1644088097
920 57.7215124265
921 65.4218567042
922 63.3686940294
923 61.4700728819
924 65.4238201536
925 62.281777362
926 60.6513479907
927 63.3598563742
928 64.5666464937
929 59.5133695075
930 63.6370731769
931 55.0907837475
932 69.2415525944
933 55.5371743077
934 63.7488136565
935 52.5981905968
936 72.3370583972
937 64.5923812093
938 64.1483114444
939 59.9834682583
940 62.9482432656
941 73.0056764141
942 60.7776584226
943 61.6684372071
944 61.7233499114
945 76.6613277435
946 49.6358330201
947 58.4933328683
948 63.9939964144
949 66.041417535
950 64.0224861229
951 59.3079957705
952 63.9262088344
953 55.5719004368
954 64.6588050909
955 71.6154347164
956 59.6260498183
957 75.3262985807
958 53.9663838914
959 61.1973683376
960 55.1425088266
961 67.6232655078
962 36.3142843965
963 61.5918290165
964 64.9471262713
965 51.1824291013
966 59.3657920177
967 61.4776770127
968 55.2108338582
969 65.297384747
970 76.7530928289
971 64.982395481
972 63.4811634143
973 62.3979709559
974 52.2923792313
975 65.6024082646
976 67.1117595084
977 74.1015516372
978 65.1574818984
979 62.9330744846
980 56.257743909
981 61.7576114553
982 69.5847353111
983 63.9824797546
984 65.0051914199
985 66.9857974907
986 43.5840625157
987 60.2246003001
988 66.800206934
989 63.5844524364
990 77.8060132353
991 63.2882252773
992 70.6053672314
993 74.5647922045
994 66.2433633467
995 60.6403768366
996 61.5570424744
997 63.1352248846
998 62.8216494735
999 67.459633763
1000 75.094079493
1001 62.2506488084
1002 77.5267165909
1003 66.4215645572
1004 69.1037993492
1005 70.4672061224
1006 67.995750734
1007 60.538732822
1008 59.3081150166
1009 66.4673469418
1010 59.520871537
1011 59.9243407737
1012 68.7553626947
1013 72.5751369737
1014 65.8005741634
1015 78.0438712269
1016 63.9936269769
1017 74.8807470097
1018 67.3862322466
1019 58.0634765566
1020 67.8664252758
1021 26.890831914
1022 57.2384319966
1023 65.3445165058
1024 68.2161089865
1025 65.5289433794
1026 64.1538783483
1027 67.4315610757
1028 76.0061927773
1029 67.6040253939
1030 60.1330229717
1031 70.2426191122
1032 55.4270232517
1033 65.5988582424
1034 65.0259051138
1035 65.8043407651
1036 68.2447546527
1037 66.7603466007
1038 72.8958933142
1039 68.4823550709
1040 69.9105648517
1041 65.3773731483
1042 79.0947676196
1043 69.8441881305
1044 68.1024347719
1045 73.1257721652
1046 67.3878888932
1047 83.7548865291
1048 69.9731168256
1049 55.8265318317
1050 55.4019464629
1051 72.9708864961
1052 52.7698393399
1053 57.4227681875
1054 67.119673366
1055 64.1407982912
1056 72.2622692109
1057 69.8882798145
1058 60.8646646399
1059 66.7378305404
1060 63.4955004715
1061 70.6220797319
1062 76.9775375531
1063 67.2978615989
1064 63.3639499978
1065 66.8330862294
1066 63.4330668508
1067 64.7125867602
1068 68.0654209894
1069 66.3542363993
1070 70.3965866784
1071 77.0185070387
1072 59.7835468914
1073 67.0921955791
1074 74.0017839165
1075 44.8223515978
1076 62.9312959486
1077 67.3067157021
1078 68.2998215817
1079 61.6893420994
1080 68.2043235001
1081 62.9049502819
1082 70.1190037921
1083 72.9001266173
1084 68.9675741279
1085 75.2453313223
1086 66.9621559403
1087 77.9363506771
1088 57.6438944078
1089 60.9624241061
1090 66.9869322678
1091 67.9210501326
1092 67.1581008233
1093 82.5174813719
1094 76.5336025829
1095 57.8258079543
1096 79.3971039197
1097 65.2856253775
1098 65.6778069785
1099 63.9325902991
1100 50.081060403
1101 73.1038013676
1102 66.0188896053
1103 63.8997426937
1104 79.8966581693
1105 65.5524199921
1106 58.007781599
1107 65.7652532028
1108 60.8828071364
1109 66.6196811384
1110 40.1743061646
1111 59.3218238039
1112 56.8631122023
1113 77.1266347586
1114 44.8722864156
1115 52.1964753375
1116 67.7286163546
1117 82.6840961651
1118 63.8930190682
1119 50.0629310038
1120 69.2272217968
1121 76.382846061
1122 72.1256248575
1123 70.5318671019
1124 72.4806469155
1125 47.519945838
1126 63.8518229268
1127 75.1386509731
1128 70.6534825113
1129 61.2165580349
1130 65.4578689853
1131 66.5835979951
1132 62.2252293789
1133 71.7342124601
1134 65.7577603157
1135 64.3128538937
1136 68.5056594126
1137 64.2221057298
1138 70.0727786161
1139 77.9012617133
1140 55.8091470456
1141 64.3531719935
1142 59.9098923588
1143 66.9868341258
1144 72.3037156629
1145 82.0159121006
1146 65.1207917974
1147 68.5392677006
1148 75.2117618671
1149 72.8825324188
1150 61.8090853384
1151 47.4479399577
1152 70.0979362202
1153 55.8430406475
1154 67.4898125903
1155 53.2811758183
1156 68.3440210458
1157 67.1209189105
1158 50.8158874151
1159 63.36360982
1160 58.1526469916
1161 71.2722760869
1162 67.2787714177
1163 64.0525332236
1164 66.5796398732
1165 70.5184120275
1166 67.5170018884
1167 68.3117761463
1168 65.6929079853
1169 66.4757823709
1170 69.2882810359
1171 60.8675529454
1172 70.6251174672
1173 71.7715089679
1174 78.5398296581
1175 74.5329479126
1176 67.1219586647
1177 70.6789286065
1178 65.6422055422
1179 67.5583389379
1180 71.2853680235
1181 73.3850846975
1182 60.7356178641
1183 61.6557553913
1184 57.9784492068
1185 65.2011344341
1186 56.1935240063
1187 69.3217074704
1188 65.5564224456
1189 79.8352284094
1190 64.8986891494
1191 47.2423103922
1192 68.6947862406
1193 71.7876737921
1194 66.1935921612
1195 63.2279489931
1196 60.0440265302
1197 58.5736307564
1198 67.7553785533
1199 67.7490596296
1200 63.5071818515
1201 63.1291300709
1202 70.5858256042
1203 77.3930499515
1204 68.9240388097
1205 69.7227468263
1206 68.8865038242
1207 85.1548408721
1208 63.0195921189
1209 72.4536211209
1210 61.4132540416
1211 69.2699893117
1212 66.8800525224
1213 67.3951091535
1214 70.1737953003
1215 69.3612827037
1216 68.2616514692
1217 73.7160390126
1218 61.5715309949
1219 70.0273122554
1220 74.1973994342
1221 70.3897991412
1222 78.0049905767
1223 61.153772015
1224 65.9038375518
1225 70.2555290534
1226 60.7407115688
1227 78.773050561
1228 66.0428601873
1229 68.5385306748
1230 62.605320496
1231 73.2622982433
1232 66.6138146306
1233 78.2952698277
1234 83.759359392
1235 81.7217823323
1236 68.5574011706
1237 44.399774895
1238 62.634692746
1239 74.5206158048
1240 68.8884625278
1241 61.0247756698
1242 79.1139969017
1243 64.6486384924
1244 68.7490667005
1245 76.6018557361
1246 73.0207715203
1247 67.3195895238
1248 66.944608458
1249 68.8980850917
1250 63.4667015065
1251 57.9375357127
1252 68.4944518651
1253 70.8268941805
1254 85.0899890976
1255 69.1071883296
1256 61.7712600621
1257 70.9822997217
1258 67.1360200745
1259 69.0096451937
1260 70.6917524402
1261 63.9899966517
1262 73.105870055
1263 61.4044823085
1264 65.7534445444
1265 89.4618910624
1266 67.0046127322
1267 57.9448700396
1268 59.1816339197
1269 67.3517160637
1270 83.1297865557
1271 69.4851422883
1272 75.2595087557
1273 65.8682331459
1274 62.919418183
1275 73.9346404658
1276 71.8041781146
1277 57.6531720608
1278 76.8207443226
1279 75.9146864864
1280 84.2581578596
1281 79.7303475867
1282 90.9896792149
1283 67.5815700246
1284 89.2104097535
1285 70.5598659546
1286 73.3249026779
1287 72.2759093579
1288 66.9310375163
1289 62.7768072428
1290 69.7571035899
1291 68.8359467788
1292 93.9021520512
1293 74.8683456959
1294 74.0028694082
1295 71.6352444069
1296 69.4965453723
1297 76.3829615236
1298 44.7264432171
1299 67.0319038815
1300 79.861072831
1301 71.7488458162
1302 65.0384501164
1303 80.919104525
1304 76.8117935064
1305 73.3177889089
1306 62.3828800897
1307 71.1239187108
1308 65.9779857426
1309 71.909312261
1310 70.2627997704
1311 77.9927349772
1312 57.3334274491
1313 67.2927433539
1314 64.0973482646
1315 64.6036486466
1316 64.1929773542
1317 63.1722916628
1318 67.1874038172
1319 61.8714377333
1320 77.4903965695
1321 58.8304392434
1322 66.3488172742
1323 66.950119914
1324 78.2364578655
1325 119.189627216
1326 94.4246603646
1327 67.7481734835
1328 61.5762550745
1329 68.5165854385
1330 68.1278548805
1331 66.6219798489
1332 74.7409502887
1333 67.6734714861
1334 85.1749316354
1335 77.8138407383
1336 80.0131895611
1337 84.2029034274
1338 65.0315700619
1339 72.1334514992
1340 72.7763848321
1341 67.7581342153
1342 71.9647127497
1343 63.5059345059
1344 65.8755942847
1345 65.8537801336
1346 70.7984273298
1347 72.2256386238
1348 66.3170930614
1349 82.1009736048
1350 81.1965133872
1351 63.1816120817
1352 66.0408440257
1353 60.5934605786
1354 71.664671229
1355 62.8516252415
1356 77.4522121017
1357 57.1034880414
1358 76.8358614933
1359 64.7150602399
1360 59.0591650014
1361 88.8296907859
1362 46.4642120683
1363 65.3141391124
1364 55.5798596752
1365 72.1617819088
1366 61.0346279432
1367 54.9028080462
1368 116.812138622
1369 64.6324564265
1370 71.3856375151
1371 61.9698181554
1372 71.6155570593
1373 67.7004708869
1374 62.3014690479
1375 61.585240555
1376 61.2255523307
1377 82.2913902793
1378 76.5422538722
1379 56.8303992726
1380 65.9260309689
1381 72.6451634792
1382 70.0510458035
1383 63.1462200454
1384 79.8937745576
1385 61.3480082224
1386 71.5887301892
1387 62.116415256
1388 52.5690111188
1389 62.9939737588
1390 68.3933296127
1391 71.0949339381
1392 59.57668686
1393 75.7802808269
1394 54.2660027738
1395 72.7671865227
1396 67.2797287758
1397 49.4182282397
1398 94.1520854876
1399 64.996283994
1400 61.6232226732
1401 60.9604650718
1402 66.121792743
1403 56.181120296
1404 66.8189570354
1405 63.9541412706
1406 62.3375266206
1407 66.0986563237
1408 52.9047451958
1409 66.3648642902
1410 56.1983819815
1411 72.273795939
1412 62.6681302914
1413 62.2052319214
1414 68.4217723051
1415 72.1757363852
1416 61.4364194931
1417 61.8283612744
1418 67.5711610402
1419 72.1752947419
1420 60.6861136787
1421 68.8622839719
1422 66.2593206688
1423 69.2884930776
1424 71.9365391501
1425 63.5316460788
1426 69.1730425599
1427 66.6948262528
1428 65.3038654648
1429 60.7532986954
1430 77.5898841401
1431 65.8116291556
1432 59.981033176
1433 62.5574376558
1434 61.4964705862
1435 67.6575227325
1436 70.3526696773
1437 69.3739676038
1438 77.9362736024
1439 66.8014391299
1440 65.1944124842
1441 60.3638586224
1442 62.1301324884
1443 56.6698160653
1444 66.7292524252
1445 67.6506991376
1446 55.1344743749
1447 75.4411181326
1448 75.3763394177
1449 56.9365467253
1450 62.7322221494
1451 63.134987056
1452 55.7556008915
1453 62.2813881869
1454 71.8403485761
1455 56.8646564992
1456 68.3954204747
1457 77.2063657154
1458 60.6392269743
1459 62.745625986
1460 67.9072828524
1461 69.8954038004
1462 59.67084848
1463 75.9737351219
1464 48.774485923
1465 46.2776836172
1466 61.8516419253
1467 63.6999504678
1468 54.7772127379
1469 65.1204823136
1470 78.2496087044
1471 65.9640796851
1472 57.4177169597
1473 62.2466767111
1474 59.3048718651
1475 74.5461612574
1476 78.1794541544
1477 60.9352240779
1478 65.2112969854
1479 67.5449754461
1480 65.9642418413
1481 57.0247156384
1482 59.5145510715
1483 68.9269306878
1484 60.1110337505
1485 62.8072757873
1486 58.5857647567
1487 62.0365738865
1488 57.7640880494
1489 68.7913004838
1490 65.0873223713
1491 67.8770578121
1492 68.6556737383
1493 88.5787313857
1494 66.2553648583
1495 68.0929116165
1496 68.1882986637
1497 75.0338025837
1498 75.8535874226
1499 68.1545070787
1500 69.488843319
1501 72.399574111
1502 69.1191397559
1503 70.1240177739
1504 64.0694856009
1505 57.4054331168
1506 79.799698773
1507 72.9059754948
1508 68.6639528489
1509 73.6246321114
1510 77.1164565638
1511 67.1392558096
1512 73.7619264097
1513 61.397329449
1514 56.2711864356
1515 89.5087360126
1516 75.4342579394
1517 111.177003507
1518 55.7705473581
1519 85.4674295504
1520 73.2215602706
1521 71.9060646143
1522 69.2806499884
1523 80.2696321438
1524 69.8569329581
1525 73.0705070241
1526 67.6462746524
1527 98.9388211198
1528 67.2383847567
1529 61.4776485969
1530 80.3151560197
1531 65.7041335702
1532 54.0753260723
1533 64.8930881667
1534 67.6213067909
1535 71.3853144849
1536 67.3037420524
1537 78.7142295968
1538 73.861021874
1539 105.185053117
1540 75.3773398352
1541 76.5922710035
1542 63.1810162874
1543 70.2171722839
1544 70.3752278196
1545 60.9195243842
1546 74.290232423
1547 82.4630282704
1548 67.3636952384
1549 54.2058265617
1550 68.5700335927
1551 68.3423144121
1552 68.9269312013
1553 43.4525460282
1554 57.7839083114
1555 74.1656714671
1556 68.8197014988
1557 70.4854127044
1558 79.4723240243
1559 59.8856557447
1560 72.5253237369
1561 62.8185318714
1562 61.8927219121
1563 75.7591167938
1564 63.9536502803
1565 65.8678637249
1566 78.4983344379
1567 67.4226118378
1568 60.5341026582
1569 62.7563477501
1570 59.3953012896
1571 84.2593220256
1572 79.8136657862
1573 49.1955636072
1574 65.488126881
1575 62.1771142098
1576 62.1150939941
1577 59.5178280154
1578 65.5689976225
1579 62.6182752239
1580 83.3309710544
1581 68.6959839374
1582 73.2459963121
1583 58.3392851211
1584 76.0466527373
1585 81.6029949951
1586 74.047488361
1587 69.0579751639
1588 69.5989173266
1589 69.1565814904
1590 68.8867113214
1591 63.7903640703
1592 66.2916075893
1593 44.508191669
1594 58.2351541367
1595 72.4557109823
1596 74.2367482182
1597 54.7422118371
1598 64.3311630301
1599 48.9483427808
1600 66.3569947996
1601 48.9103221313
1602 65.5703624982
1603 66.2428762916
1604 76.2438744099
1605 71.5603634446
1606 65.7208082529
1607 65.5739158952
1608 61.8749056541
1609 68.6476255296
1610 68.7758486711
1611 64.9981679981
1612 68.6149173047
1613 70.0002827147
1614 55.9027083013
1615 61.0817590323
1616 54.4022250085
1617 67.1171282632
1618 80.999821672
1619 65.4817441772
1620 68.0557177882
1621 42.2297989939
1622 61.7136647684
1623 64.1183341674
1624 66.9669552544
1625 80.7567038749
1626 54.93428348
1627 70.6286670826
1628 58.3133341055
1629 67.594059453
1630 60.8020659233
1631 79.016198097
1632 61.9349917565
1633 71.0334187925
1634 68.8197348131
1635 59.6576651105
1636 49.7367881152
1637 78.1272949556
1638 66.3879122122
1639 64.3208894544
1640 49.1370226675
1641 65.903594664
1642 66.5748710567
1643 68.9633828436
1644 74.6834372772
1645 66.5310941176
1646 71.2770804312
1647 56.3817546972
1648 52.7441481565
1649 65.7739292899
1650 67.3629091316
1651 70.0377906067
1652 67.0140890584
1653 66.0099192068
1654 50.3501017641
1655 71.02812481
1656 59.7682941876
1657 85.2452523789
1658 68.5409264947
1659 67.2811825042
1660 67.2164693578
1661 79.5064097298
1662 72.2296400333
1663 69.7748998156
1664 72.5630656801
1665 66.00989049
1666 74.4558908896
1667 63.8894008551
1668 84.3101262247
1669 63.778416858
1670 50.7108840807
1671 72.1789544308
1672 65.6163678352
1673 64.4661330095
1674 119.570865225
1675 75.7965227696
1676 65.3913439936
1677 52.4585462833
1678 61.9713560941
1679 64.7874485943
1680 65.4865747237
1681 67.2874373972
1682 50.4490149457
1683 70.667819793
1684 69.7196529088
1685 80.8441180541
1686 76.2940971083
1687 56.8576166332
1688 84.8925356077
1689 66.4549607242
1690 69.3588940838
1691 53.1342847198
1692 56.3741544066
1693 72.4967531472
1694 71.2836504374
1695 69.7865599104
1696 67.3426417187
1697 60.9267160268
1698 80.2003008349
1699 72.0625404034
1700 76.2568349852
1701 73.5430320706
1702 74.5938387714
1703 78.1942001563
1704 80.779119503
1705 61.4685592922
1706 65.8883119776
1707 68.9360089222
1708 75.3617565892
1709 76.2714658215
1710 77.1032251604
1711 68.282923648
1712 80.0275928977
1713 76.5255762589
1714 70.454412799
1715 69.1721699121
1716 67.2245192949
1717 71.4519084603
1718 60.0803965688
1719 72.5232435817
1720 76.101814545
1721 75.4438491346
1722 70.1670388749
1723 73.6055268341
1724 53.9892258886
1725 68.9734716308
1726 69.7977135716
1727 84.5714434832
1728 78.5507691539
1729 86.1914940709
1730 69.8562017328
1731 72.101135492
1732 67.073093172
1733 73.1511556123
1734 68.8814886988
1735 64.8475050761
1736 53.403237702
1737 62.054834695
1738 56.2044259978
1739 62.6655676564
1740 75.1713824124
1741 73.2943837801
1742 67.5387698407
1743 77.7020555129
1744 66.306394689
1745 63.0537776807
1746 74.8491369095
1747 57.976210022
1748 62.7277013973
1749 70.7863637325
1750 72.718908181
1751 69.9484446039
1752 56.7219400081
1753 81.9699344838
1754 79.4594518643
1755 59.782822146
1756 56.5448262587
1757 66.3989036629
1758 79.3680262849
1759 70.4893758121
1760 65.8214729318
1761 71.0348188453
1762 60.8511130085
1763 68.4668849284
1764 68.7557599023
1765 60.9119200149
1766 69.3246322075
1767 66.1483333259
1768 87.7099080838
1769 46.7311665628
1770 65.9229946931
1771 53.6361712555
1772 59.9940150504
1773 63.5807039096
1774 80.8291720192
1775 64.2736292838
1776 71.9571360797
1777 70.7611097538
1778 72.28427941
1779 66.5052436083
1780 63.057242466
1781 70.8190850737
1782 67.805896694
1783 68.5072841147
1784 75.6650529587
1785 72.4109404762
1786 64.4057632513
1787 69.6350294733
1788 48.9356185851
1789 73.7829123824
1790 78.630047167
1791 73.1728885927
1792 62.0790922187
1793 67.7190391585
1794 54.6353030253
1795 70.711948772
1796 71.7001730457
1797 69.626172817
1798 65.9146146115
1799 57.4135254542
1800 59.7190579637
1801 68.6051289532
1802 69.7062453855
1803 65.5597808485
1804 71.566493571
1805 69.4543691435
1806 72.6278028776
1807 58.9141277026
1808 67.7397582281
1809 68.0187626868
1810 60.7414219673
1811 52.9662961113
1812 69.6815893952
1813 76.2190575601
1814 72.5935936147
1815 78.4498676572
1816 85.1664182425
1817 73.3752242693
1818 68.8886231207
1819 78.810459426
1820 75.0165619052
1821 76.004788376
1822 78.0302757549
1823 81.2343174723
1824 73.9647884785
1825 68.9208405707
1826 74.3960742586
1827 73.2937839769
1828 79.9794853329
1829 67.5546300443
1830 80.924748591
1831 81.5060788426
1832 77.4028864719
1833 72.7737328067
1834 74.4353043209
1835 72.3823291878
1836 71.3344225114
1837 76.192380973
1838 81.833825425
1839 71.3166132914
1840 80.3285703661
1841 74.992587811
1842 81.0797966618
1843 74.5464073877
1844 67.8390739324
1845 83.6548951105
1846 73.2278343292
1847 79.2228470446
1848 72.425466923
1849 78.2355690411
1850 73.3417293372
1851 73.492972512
1852 77.5155605634
1853 89.6734641925
1854 71.9172690418
1855 86.8669284029
1856 78.9594296845
1857 75.8777054822
1858 71.05167148
1859 67.9695669566
1860 70.1087585277
1861 68.6437222291
1862 84.1729934057
1863 78.9300872594
1864 78.9931194163
1865 76.8937317851
1866 75.8929777163
1867 74.2365680881
1868 79.2133418204
1869 70.06564781
1870 74.985270221
1871 71.2467735235
1872 87.6349557249
1873 81.6945333493
1874 72.5448345055
1875 73.1247200133
1876 75.9528395944
1877 71.254165711
1878 76.9570659082
1879 77.4561618547
1880 67.7616992337
1881 75.1973706986
1882 81.8193677935
1883 80.933370744
1884 84.0597604108
1885 71.5553456049
1886 72.0731510783
1887 82.6243090667
1888 81.0109592044
1889 75.9609502615
1890 67.1035813758
1891 73.0426572371
1892 79.7617348641
1893 84.6471931265
1894 74.2515297489
1895 82.6014964421
1896 74.2844327365
1897 75.7057235066
1898 69.5525599627
1899 67.2553305273
1900 68.9566605535
1901 81.0686443599
1902 75.4028090513
1903 64.7624334004
1904 77.3777394311
1905 62.6311253806
1906 60.4733932862
1907 67.2614640066
1908 79.7139370193
1909 72.8173756192
1910 79.1712357319
1911 68.4369306745
1912 63.140614878
1913 75.9388978421
1914 59.6978947188
1915 67.8043301124
1916 45.0982079658
1917 74.0621533624
1918 69.4192682778
1919 68.5973164719
1920 64.0163205686
1921 61.884129461
1922 63.3808287368
1923 65.6407348645
1924 61.577983031
1925 64.6302180946
1926 67.7948685613
1927 62.0539989496
1928 71.1354242517
1929 65.495862911
1930 68.1771042251
1931 89.7630408336
1932 82.1573809972
1933 71.3757326154
1934 59.4079577013
1935 130.365518097
1936 59.3482815093
1937 68.514778332
1938 55.8595276726
1939 71.9810747345
1940 66.8764163751
1941 58.5245356946
1942 53.6315533937
1943 67.1208282423
1944 64.3602197202
1945 64.3151254159
1946 80.9356135466
1947 71.5300360033
1948 61.0799393891
1949 72.8264070223
1950 74.1151768086
1951 92.8628549926
1952 66.3806263938
1953 75.4140812535
1954 64.3671019355
1955 68.6122726337
1956 65.9996561592
1957 63.088168985
1958 68.6967577117
1959 73.6437107509
1960 69.2698048245
1961 68.2807532354
1962 69.6184243809
1963 65.3778168105
1964 73.1052097464
1965 77.0984328052
1966 81.0474679584
1967 72.5023170927
1968 78.4723172505
1969 69.8336283356
1970 69.7854659903
1971 78.5512966647
1972 79.5945445688
1973 75.3973020604
1974 64.9723827505
1975 77.7043632712
1976 72.0050694081
1977 76.5687533348
1978 76.3879822039
1979 75.1503047376
1980 85.028659469
1981 75.8607034484
1982 69.3217636179
1983 77.3860300085
1984 72.8973930472
1985 77.4108273454
1986 70.0376701224
1987 85.6602859268
1988 78.8538911111
1989 57.3123988508
1990 77.6197399836
1991 84.5440379233
1992 77.1426407999
1993 81.5428399549
1994 72.1348229335
1995 90.0641406755
1996 76.2301346487
1997 72.8966782406
1998 63.0543878259
1999 61.2782718073
2000 86.7407719126
2001 69.2036043138
2002 75.3901579359
2003 74.1844601389
2004 80.3133497243
2005 73.1362817035
2006 76.3258845375
2007 70.7679315464
2008 55.4455426226
2009 110.386996102
2010 80.4531621648
2011 81.116871408
2012 74.9822180295
2013 86.3646250322
2014 72.0210956073
2015 69.5631581939
2016 79.1182383019
2017 64.1152343789
2018 71.4587459459
2019 57.9701289767
2020 72.6809314424
2021 74.8553162466
2022 79.7273568603
2023 68.9407820697
2024 73.2697884969
2025 72.724267199
2026 82.7596391137
2027 80.0452688601
2028 70.2711325647
2029 75.1365466018
2030 74.3615075399
2031 81.3607856999
2032 64.5118954989
2033 79.4048661764
2034 61.4467139919
2035 55.2772983002
2036 63.7306357753
2037 45.2170704951
2038 66.2951962226
2039 77.7315476679
2040 70.3525835043
2041 60.9723598238
2042 58.0508950656
2043 61.3382423498
2044 65.4609615701
2045 61.0150867396
2046 68.8762226052
2047 61.0814669771
2048 63.7252752164
2049 80.1981692644
2050 54.9589831919
2051 61.0377542389
2052 64.6052864453
2053 71.7851534543
2054 81.9079497822
2055 55.793533186
2056 61.4099909333
2057 61.948899606
2058 56.1958108501
2059 65.8211506234
2060 66.1050557392
2061 69.8256083757
2062 69.2690388481
2063 68.7306253235
2064 72.0302271566
2065 56.0607383441
2066 65.0692357839
2067 61.7111196611
2068 56.6596431755
2069 60.6879864973
2070 73.407175929
2071 74.8593215599
2072 55.9080012449
2073 73.9323395828
2074 64.5365563788
2075 69.7066584566
2076 56.5774505361
2077 65.1438537822
2078 65.0871542081
2079 81.2960010807
2080 59.5326469973
2081 58.487125578
2082 59.6691103057
2083 71.7058509692
2084 61.9019640794
2085 71.0002029905
2086 62.8509845604
2087 84.9123717835
2088 43.9331186606
2089 67.9698601352
2090 60.9503415529
2091 54.0843361528
2092 68.4493742478
2093 52.9330160827
2094 60.1385707106
2095 85.0962575442
2096 62.532896094
2097 51.2252311022
2098 70.0477028367
2099 68.861859211
2100 70.3947703598
2101 48.4834213109
2102 58.0592219684
2103 85.4173777656
2104 82.7982427939
2105 71.4125432376
2106 78.4126907642
2107 69.5720472965
2108 79.5773145197
2109 83.4790520909
2110 73.1187693378
2111 79.7026366982
2112 77.3133825956
2113 76.7259704706
2114 71.9926766136
2115 75.8597251459
2116 70.5290604651
2117 84.7322368821
2118 70.2408648287
2119 71.4346372925
2120 60.0323315529
2121 64.1069050423
2122 67.7369014751
2123 72.2745689852
2124 64.1932248652
2125 83.3131971485
2126 64.4137307734
2127 82.2168580344
2128 52.0639836722
2129 71.7933264082
2130 79.8088937254
2131 70.9867870793
2132 69.0600676161
2133 82.6958019434
2134 79.8155533003
2135 53.8287293988
2136 71.1692701914
2137 55.8427046795
2138 77.8531396905
2139 73.6214133761
2140 71.0249462492
2141 78.2605505663
2142 72.3360360755
2143 68.2843224637
2144 74.1051730429
2145 66.5241837659
2146 68.4845680277
2147 70.5510591301
2148 74.1502074772
2149 73.3754489488
2150 67.9859592178
2151 66.808824063
2152 78.5534452389
2153 81.0255730136
2154 64.0107873682
2155 67.869571885
2156 63.0077604362
2157 84.2225213857
2158 73.5265234881
2159 78.9015119422
2160 61.9579597088
2161 62.1418544195
2162 71.2273277092
2163 70.3537941651
2164 65.9755684249
2165 63.4694403545
2166 52.6399971801
2167 81.7936080815
2168 72.4341904383
2169 70.5072889126
2170 69.5212182527
2171 63.2955846394
2172 62.5342436331
2173 64.8055029193
2174 59.7422129728
2175 68.1256158762
2176 71.4570251109
2177 67.8638748227
2178 60.0375530701
2179 72.0821257422
2180 69.3582126487
2181 63.9475046321
2182 63.001471054
2183 67.1726207193
2184 64.1213159152
2185 65.4180021508
2186 63.3079144517
2187 58.421858553
2188 69.3013815701
2189 54.4157167107
2190 63.2676916628
2191 56.9377771789
2192 62.3143487082
2193 66.6528868396
2194 80.8760304103
2195 74.8047312958
2196 70.1829053623
2197 71.4243249147
2198 78.0525285824
2199 66.5784322478
2200 76.9345025446
2201 66.0967164981
2202 66.8708491143
2203 64.5539256363
2204 68.3864156116
2205 63.5362279736
2206 79.3078333602
2207 73.854296078
2208 65.3342596384
2209 79.0322354983
2210 70.9915149589
2211 75.3955170288
2212 63.2224793041
2213 79.3647244133
2214 65.5731485315
2215 69.6631842737
2216 73.4740711918
2217 65.1936402739
2218 66.0736188081
2219 57.306218529
2220 69.8407815053
2221 55.1998664291
2222 73.3501266028
2223 48.6787111001
2224 64.4686147023
2225 59.3770741809
2226 74.2238923553
2227 66.6694944303
2228 56.0786232316
2229 62.362346005
2230 72.7029720488
2231 73.2038425713
2232 74.5215512411
2233 60.2301510444
2234 75.0819896088
2235 60.2204051236
2236 66.8473831014
2237 62.7290904803
2238 59.4916730457
2239 69.3168616574
2240 59.1026621395
2241 62.0431730257
2242 56.8528779246
2243 77.3719277183
2244 67.7461558601
2245 41.6546973244
2246 62.5763389803
2247 78.6928856075
2248 52.3458449427
2249 70.0588121576
2250 80.2422093535
2251 68.2368330121
2252 68.0009728029
2253 62.1074207695
2254 69.1563011467
2255 67.5938283169
2256 69.9906399531
2257 66.5355621216
2258 80.0495630463
2259 72.1258709866
2260 71.1278690156
2261 70.2562700689
2262 58.5943097873
2263 64.8445617137
2264 71.3303395686
2265 73.0967076923
2266 71.6820818073
2267 66.9137239261
2268 55.5569188007
2269 69.1491579664
2270 69.6003812462
2271 84.4041099738
2272 46.585821722
2273 57.3338085518
2274 71.0446848837
2275 59.138909278
2276 78.5145748107
2277 68.0647539675
2278 61.6615407222
2279 80.1616861061
2280 72.8047340368
2281 70.0845997062
2282 55.4143572482
2283 68.4165843783
2284 66.0562279103
2285 80.0154692868
2286 64.2495079299
2287 75.3352043423
2288 77.1547773097
2289 65.8030424732
2290 61.9459706421
2291 71.3560744169
2292 73.5747421572
2293 68.4976136208
2294 80.3368201362
2295 77.2482954627
2296 52.3056350923
2297 71.5288293667
2298 85.3930387274
2299 67.0007594785
2300 75.1241870089
2301 67.3634467669
2302 69.9080894719
2303 72.7521243066
2304 82.3242909692
2305 75.1529394016
2306 48.7276510881
2307 66.5438010801
2308 70.1562438615
2309 67.5306432252
2310 74.2524087688
2311 66.8274295302
2312 63.4644757195
2313 65.0151134206
2314 71.797457506
2315 68.380302549
2316 64.8376862984
2317 80.4901535549
2318 70.0887823923
2319 69.103501183
2320 58.4544889434
2321 76.1566060664
2322 68.532823642
2323 81.7578043402
2324 77.8433351363
2325 58.9641772837
2326 79.1409775121
2327 65.5918475237
2328 75.3798184344
2329 70.7312012703
2330 77.9395658667
2331 67.6764292956
2332 61.0246201173
2333 67.448289603
2334 73.9075078455
2335 73.8534699014
2336 81.925556209
2337 61.288102696
2338 64.3840633898
2339 67.4337174613
2340 68.1314761989
2341 67.5460792452
2342 84.7477032177
2343 69.8971988103
2344 67.972585506
2345 72.4086216479
2346 60.4218969817
2347 70.2192515939
2348 69.0584317735
2349 58.0752968392
2350 72.834538901
2351 69.6086198128
2352 72.5965390973
2353 47.1852311705
2354 75.3171630414
2355 83.9791869366
2356 75.8916550199
2357 74.6077460501
2358 65.8123294739
2359 78.1046503691
2360 78.732146764
2361 64.9473546621
2362 68.7500472702
2363 62.2419360885
2364 62.5082238645
2365 65.7926503069
2366 77.2648557543
2367 65.5645958884
2368 63.3184791472
2369 68.9463268293
2370 63.090799879
2371 60.692186793
2372 77.2911994629
2373 64.0552303284
2374 22.874118127
2375 56.4186904371
2376 71.3835451877
2377 67.1831024159
2378 62.7088522028
2379 80.5724160515
2380 71.5678607917
2381 72.9007101833
2382 64.5846240069
2383 71.1909420694
2384 70.7397881755
2385 70.4548699625
2386 63.3103643777
2387 64.5190114523
2388 64.4946334986
2389 63.0390944099
2390 70.9535576474
2391 77.6544846652
2392 68.1969077535
2393 59.671059932
2394 75.841935196
2395 75.6978965139
2396 69.739214997
2397 81.2135542916
2398 84.9966025635
2399 74.1989623159
2400 72.2444170591
2401 68.0202232109
2402 61.4616920732
2403 58.8835003766
2404 67.4757421441
2405 72.6475737491
2406 65.5245230719
2407 63.5991245408
2408 63.9786683319
2409 68.875910506
2410 53.1843490931
2411 80.4022133254
2412 75.4181206083
2413 68.7162747855
2414 62.3969011628
2415 70.8257682998
2416 56.6516539853
2417 65.1889723201
2418 62.7165823186
2419 76.4137332154
2420 64.205342932
2421 53.4866264578
2422 79.9520792743
2423 66.2672916928
2424 42.8805966081
2425 67.2405444068
2426 60.7013372904
2427 58.4531189332
2428 61.5646709377
2429 79.0590973009
2430 62.8795412846
2431 63.6427760256
2432 59.2680135263
2433 65.6143577042
2434 67.3813224018
2435 73.7745273114
2436 64.4266896555
2437 56.01304201
2438 58.4148594221
2439 74.0505043352
2440 60.2623294394
2441 65.4779444533
2442 59.0666278407
2443 62.4638406281
2444 64.9060416523
2445 67.158022847
2446 63.320132857
2447 64.0146237943
2448 69.0244241154
2449 66.1322916846
2450 60.7027652578
2451 59.0632419974
2452 64.3439403632
2453 74.3751988556
2454 56.6573493009
2455 64.987114353
2456 78.6145847291
2457 62.8070270798
2458 51.4384339856
2459 74.1518130253
2460 62.9684541976
2461 65.2015994104
2462 78.0934448484
2463 64.8318148792
2464 59.2995542097
2465 63.5552771665
2466 65.6811404265
2467 48.2018832799
2468 60.7190260006
2469 76.7436955216
2470 51.5944730941
2471 67.4763326253
2472 56.8409713254
2473 59.7707907781
2474 61.3835790414
2475 72.1624755075
2476 67.849573839
2477 66.174331864
2478 82.8765878092
2479 71.7957013262
2480 68.7037321214
2481 64.9339627386
2482 68.7511817941
