u s
60 35.783541421
120 41.5839194153
180 37.8788937538
240 31.5636687037
300 35.8508574293
360 43.257019596
420 27.4897785359
480 35.1777906411
540 27.7959743385
600 39.1175403001
660 26.5868221659
720 45.6282701291
780 40.4019518974
840 37.1446212985
900 26.4140898992
960 30.5980662207
1020 41.5359488149
1080 46.2160573974
1140 49.3187770447
1200 38.386175516
1260 24.5926444888
1320 50.5071367851
1380 36.825875772
1440 25.3335633775
1500 35.2789057594
1560 34.4094020765
1620 33.9712091837
1680 25.6835692064
1740 25.8431476194
1800 57.4011338198
1860 52.4634231067
1920 37.344502749
