u s
1 62.8465293473
2 68.005146972
3 56.4990106851
4 54.414797773
5 55.8154801608
6 47.5181080949
7 56.1331578323
8 53.6660148233
9 63.182013126
10 54.4752444215
11 51.5536360858
12 60.5694215241
13 60.4090157953
14 56.2682526794
15 71.3884259279
16 53.501356349
17 58.2005710626
18 57.7984922678
19 169.15013715
20 56.1484023864
21 54.9250863793
22 58.8802766567
23 67.7449522457
24 54.4753334813
25 57.5523034557
26 79.9036649186
27 59.6559055841
28 49.3029058874
29 61.4623692631
30 62.838541464
31 59.1227918577
32 78.1464057142
33 53.5768178374
34 61.1266527138
35 52.9207025816
36 62.0997690857
37 67.4871120039
38 54.4658194465
39 47.9781400981
40 51.3042340779
41 57.6790384876
42 58.3499153722
43 53.8230980099
44 55.0322367128
45 70.172158886
46 58.0693105131
47 54.8128292677
48 55.3782183671
49 56.8435325222
50 55.2388307518
51 59.5834855604
52 55.32685035
53 63.4351317251
54 59.7928391674
55 147.824116777
56 58.59388184
57 73.3468519572
58 64.3433647648
59 53.6248326766
60 56.1199321916
61 58.602363318
62 76.3891482624
63 55.9172450819
64 64.1474534453
65 76.1430877322
66 39.9013857629
67 47.164487881
68 51.093406865
69 122.960967229
70 48.6895797925
71 47.7101682697
72 47.7203613605
73 52.6463207185
74 62.4626099577
75 49.7307134652
76 52.460211184
77 49.3093018592
78 54.8334558574
79 52.1077613187
80 57.5697302379
81 52.6194549319
82 50.9842424378
83 44.4906999463
84 49.575233889
85 49.0558358943
86 49.3316185096
87 52.2134841373
88 39.85198914
89 50.9905758284
90 52.4218640703
91 50.435971708
92 47.3742787203
93 58.3850597145
94 68.9176548076
95 41.0179047897
96 42.3736890886
97 54.066804925
98 143.732669806
99 52.6040766754
100 50.9400589535
101 47.5105654667
102 53.2728343005
103 48.0553446005
104 64.3850964149
105 51.2429990702
106 53.5403041506
107 47.4527245002
108 51.7223717545
109 55.8223932035
110 38.096948218
111 50.8388534253
112 70.0402461597
113 58.5043908919
114 50.5585748861
115 46.0584063816
116 51.303524049
117 50.5075786267
118 58.8194772879
119 47.6179908945
120 53.2206576974
121 50.7330701468
122 48.3066181813
123 60.2749417412
124 49.6108086538
125 43.9583596207
126 47.8404141222
127 47.4883213811
128 41.1146223263
129 50.4158237139
130 46.9326925689
131 50.0707723503
132 52.8361188149
133 59.5366831659
134 55.4436917368
135 52.3509840522
136 55.484123959
137 51.1309181053
138 52.8092879858
139 52.0576827422
140 49.3681695972
141 58.8379275091
142 47.9121466561
143 57.1715971438
144 51.7766996897
145 55.8445279236
146 49.5654490778
147 42.6034938463
148 47.1462169607
149 65.0415934241
150 54.2067744459
151 59.377955049
152 46.7472806603
153 48.6802604055
154 50.0938058221
155 59.4487529713
156 49.6926848379
157 48.7943283909
158 52.7103347265
159 52.0649165969
160 47.6133579822
161 48.4073157528
162 52.0166020471
163 64.1708436128
164 48.2677851623
165 59.478825766
166 57.5655847281
167 50.7962971578
168 50.281811715
169 73.1590868707
170 50.7831131808
171 46.8973880478
172 49.2331844797
173 47.4339244809
174 57.7613205414
175 59.8973117252
176 58.803239751
177 46.8752796585
178 48.8423354802
179 56.6347563422
180 62.3857779552
181 47.928284586
182 53.0335133382
183 53.204657579
184 54.5946398969
185 48.0107134665
186 52.0911785892
187 51.6636611877
188 51.8596776659
189 53.993386901
190 42.0844693876
191 49.5963015773
192 48.1726277649
193 54.0366504244
194 47.2879697867
195 51.6855840175
196 57.1443853922
197 57.2625347888
198 54.170484458
199 66.5933102164
200 54.3708962981
201 52.7993564527
202 56.7136249632
203 74.4277603609
204 60.1508511083
205 54.5848954551
206 57.6916358762
207 51.7900302693
208 56.1439537656
209 74.0459958572
210 56.7552095397
211 50.5110915268
212 59.4552191647
213 48.7479650642
214 49.2461056533
215 50.6531662753
216 43.2659241558
217 61.133378619
218 62.0594094047
219 56.2041455453
220 56.5867370479
221 55.1679496391
222 55.0299539707
223 62.7397600024
224 56.9865031698
225 62.3152311599
226 59.265492008
227 58.473372276
228 50.0988591588
229 54.2910315025
230 61.4090109955
231 70.416285741
232 54.4438630955
233 170.1958452
234 56.8259981802
235 53.8024515961
236 187.653569578
237 57.7032793877
238 53.9314578384
239 58.9574087071
240 51.6756510576
241 85.8546835717
242 59.2669049078
243 59.5967374106
244 55.3678682786
245 59.6442121429
246 55.0124498415
247 64.8150041566
248 51.871307708
249 56.137965255
250 83.2762898996
251 56.0816539576
252 55.7381309589
253 48.0728626692
254 52.8167615885
255 68.5837066338
256 62.0655778549
257 64.3222020787
258 65.1372200813
259 50.4450170992
260 62.9701242521
261 42.6616913389
262 50.6205558701
263 107.042675279
264 49.7697337632
265 49.4938581673
266 56.2006392201
267 52.3206239696
268 52.1418690551
269 51.4790144264
270 51.7053894228
271 60.4760564665
272 54.340425794
273 50.1080902804
274 50.4436551223
275 45.0669110076
276 54.5671738264
277 70.5831875791
278 55.2690003744
279 56.7443388092
280 50.763891088
281 55.1897434173
282 50.3108846788
283 43.4704920777
284 49.2018235444
285 57.3972624342
286 51.8580790994
287 62.6856391435
288 52.0130122869
289 50.8715542326
290 58.9716351288
291 56.0223563531
292 45.8249309859
293 52.5210237589
294 53.5467202192
295 50.8974287023
296 58.7000407586
297 53.7969891886
298 49.367290386
299 44.7890811194
300 54.4590502247
301 49.0849645649
302 50.1841454126
303 52.0023783329
304 49.6520784261
305 42.3249655787
306 59.173215136
307 64.1201535899
308 54.2786639447
309 48.8539918311
310 49.8126739363
311 52.2183720613
312 47.9720568887
313 47.4166507466
314 52.1262658432
315 62.1794261943
316 70.6362963373
317 50.5208005615
318 43.2990361331
319 56.1831123121
320 49.5495563871
321 50.8162870059
322 47.9061385225
323 54.0561380922
324 71.9094763696
325 51.1052478326
326 55.3264978167
327 50.2353895018
328 50.541237955
329 50.7009798837
330 49.258005531
331 48.5391881729
332 47.042385043
333 56.3082690188
334 46.9804829846
335 48.8919116235
336 54.5475401332
337 53.3526106215
338 50.3015207657
339 47.5364445935
340 60.0853598008
341 56.5565958121
342 47.3242603566
343 48.2241944353
344 51.1466588062
345 55.305399503
346 44.7540295941
347 58.634474425
348 51.3058092047
349 49.1763602103
350 54.5486733611
351 49.2724434857
352 53.1495793949
353 48.7045048049
354 48.7489250425
355 45.1503379735
356 57.9354984176
357 54.8586957412
358 52.0992591672
359 47.698758168
360 50.3496214876
361 42.9278392408
362 54.9605048784
363 51.6425994093
364 62.4283692269
365 48.6747817983
366 46.5729000276
367 62.1934593051
368 63.2992010304
369 48.9027659198
370 99.9309976276
371 68.6867591512
372 69.8919512007
373 55.0484508193
374 55.4061824651
375 48.9141237508
376 49.56455334
377 60.929090453
378 48.0015203961
379 55.2937036898
380 49.0238998836
381 53.3124646603
382 50.5124553243
383 53.0133389957
384 49.0893123561
385 48.5890862387
386 46.3501646942
387 54.2679860263
388 42.9548260228
389 70.077180765
390 56.2265713044
391 53.4754663488
392 59.1101814966
393 58.2858050779
394 54.6643257575
395 57.910008439
396 55.3579168569
397 59.9179194234
398 61.027554383
399 64.0573845153
400 56.8677761617
401 53.3161801918
402 55.020766789
403 63.7037929914
404 68.90403312
405 62.5497110868
406 58.7520061108
407 54.4135732954
408 48.0389060915
409 54.1029953885
410 59.7965973514
411 53.3157514696
412 56.3694596307
413 68.8638012564
414 54.7160434011
415 59.3520589689
416 61.6912853438
417 62.355866337
418 46.7682611541
419 53.0051121249
420 54.0861143463
421 64.0943478834
422 51.2700579077
423 75.4613756099
424 64.0381683807
425 56.93865311
426 56.5119797982
427 56.5467388701
428 55.2774093105
429 64.4739565866
430 54.5718687029
431 67.3101896887
432 45.4790986394
433 58.2981215314
434 60.7069651941
435 72.3325545997
436 53.0040550661
437 60.9426243359
438 57.8346690409
439 55.1276255153
440 56.0308401623
441 64.4380919245
442 48.7609008362
443 57.5500020697
444 58.9200150688
445 64.0544492169
446 54.8672942784
447 56.375370896
448 55.1048822335
449 61.7739927621
450 61.493718538
451 53.9521457612
452 52.7496962119
453 64.7744580767
454 79.8444380753
455 49.3907234866
456 50.5155103256
457 62.1379807308
458 45.7060857265
459 40.1576293328
460 54.803925354
461 39.5200642535
462 48.618427117
463 50.7384220186
464 43.9973331389
465 51.7295069961
466 56.618739782
467 46.0309970563
468 49.663270872
469 45.9917349401
470 49.2926955894
471 68.3411295855
472 50.2448732815
473 47.3367609352
474 44.2819348434
475 38.1567290221
476 53.5630545978
477 55.2605407279
478 44.9237016922
479 52.7604894748
480 47.7570412716
481 45.8211566462
482 46.9249541338
483 47.570344037
484 46.4100751994
485 40.8311291346
486 39.3236634976
487 51.4805852625
488 49.3254358451
489 52.0527476339
490 103.372646038
491 60.4184930435
492 44.6536893663
493 52.801139655
494 45.4905042748
495 50.9889145337
496 49.5105880484
497 53.6200769719
498 47.1918935792
499 38.1241277829
500 48.5233252215
501 43.1422979737
502 51.3109841017
503 46.2028135955
504 47.5476281013
505 66.7593718428
506 51.9639158506
507 48.1974189785
508 46.7396736904
509 51.4835441416
510 45.4110242509
511 44.3272472505
512 45.9878728949
513 45.1216557313
514 52.7134785373
515 54.0733474401
516 41.3765663592
517 45.5452362096
518 41.5415359495
519 58.043778606
520 49.814678312
521 49.4036600114
522 52.9362392703
523 46.0572930651
524 49.184325238
525 49.1619644306
526 65.2304477374
527 53.5142615238
528 49.2623415334
529 56.0938091517
530 39.322498246
531 50.2459994315
532 49.2816798802
533 64.3514466235
534 50.7243877804
535 46.9777433319
536 53.316410499
537 46.8951680052
538 50.7416510157
539 52.6366695812
540 46.6194843451
541 50.6797509594
542 48.6224209844
543 48.9478945753
544 50.155253227
545 58.7981150329
546 52.2877723686
547 53.5655578282
548 57.1032706951
549 52.8141106022
550 48.7226025848
551 49.0902921653
552 50.6040013494
553 47.6333867436
554 60.2924537919
555 41.7645354428
556 50.8481977662
557 109.177572646
558 47.3994682662
559 49.4735283057
560 64.2992694701
561 59.2480784159
562 123.761008742
563 46.0452265758
564 62.6751333649
565 54.2944694452
566 47.707265161
567 53.1735002803
568 48.1205157935
569 43.2532602559
570 52.0552308333
571 54.7452317019
572 50.0561632244
573 55.2514233631
574 69.1472601199
575 51.4795633863
576 67.7838177131
577 59.2941463587
578 50.8234983692
579 46.1681302469
580 44.9923082364
581 58.6606152374
582 49.7870082851
583 52.1545777416
584 48.0891327847
585 54.4049649376
586 54.5606323252
587 74.0216824435
588 60.0950374117
589 57.9648940215
590 62.8295815859
591 52.0620022658
592 48.2694302146
593 52.5852058522
594 54.8152716412
595 47.4209253576
596 56.5359605098
597 60.3086920781
598 46.8558581603
599 57.3597965915
600 62.6730819887
601 47.3548570129
602 49.4809501701
603 53.9006015971
604 49.6265698877
605 48.3378445719
606 40.2236144744
607 55.1281369202
608 53.1994178619
609 61.3256452477
610 101.528022362
611 53.0458322072
612 51.7776732688
613 48.5412787933
614 47.6860888305
615 48.1959474818
616 53.1149339729
617 66.6894013672
618 50.0040884631
619 50.371898243
620 50.99016743
621 48.2080600181
622 49.8360740349
623 47.7682699635
624 49.6501125129
625 48.7624325767
626 46.3420621273
627 54.9140566937
628 53.5686823146
629 47.2153541115
630 47.0630427494
631 53.505854572
632 55.1673139949
633 57.1385420294
634 48.4444929056
635 47.2520999166
636 46.9973103975
637 60.6644958214
638 47.5966304341
639 47.9447114195
640 49.8172756436
641 47.7479855192
642 51.6131912012
643 49.2712831506
644 48.3261503958
645 56.2362375647
646 52.3777893909
647 45.1901957971
648 57.9605333455
649 46.3747770411
650 57.6061524096
651 51.0982112157
652 44.6070141358
653 59.3892751069
654 44.8980849141
655 42.9981214847
656 46.7104490028
657 48.8670158123
658 51.4741342271
659 46.1845924316
660 56.8136266571
661 53.6834227601
662 41.4493098708
663 47.3294407653
664 43.6414552419
665 47.4732957949
666 52.4132114704
667 65.3752646886
668 45.2946951817
669 53.4243509418
670 46.4343234432
671 54.2279187355
672 54.6836213811
673 45.193797156
674 38.9083625948
675 47.0769319771
676 46.1726779256
677 61.3588498681
678 52.200349353
679 46.1010221768
680 51.9757796203
681 45.9593401733
682 51.3839968709
683 43.3908664738
684 80.4514218243
685 40.9493739619
686 45.942938294
687 45.108102179
688 48.3458755238
689 42.145283272
690 50.6232390881
691 47.2162812559
692 45.6109789141
693 46.9113208882
694 45.7504795303
695 47.052891498
696 45.5815306349
697 42.8273194159
698 62.9365662153
699 46.3877373204
700 54.3203526948
701 49.2445164223
702 48.7215129351
703 52.7794000719
704 42.555767879
705 46.0167205979
706 41.7475369961
707 54.6466147597
708 66.6705893993
709 51.4986427892
710 45.8357477338
711 45.9383375424
712 45.8846600816
713 54.9703232134
714 50.1525216518
715 54.5306812375
716 45.5968938123
717 54.1053413874
718 63.1225291906
719 65.4292196827
720 51.9820305998
721 64.3028382277
722 51.3094536745
723 50.6460738113
724 58.6597150496
725 79.7730128984
726 59.3711835851
727 55.4884897757
728 57.4609971572
729 67.0093901042
730 58.4644284069
731 55.3910446031
732 50.9569426568
733 51.8033358851
734 53.6511747938
735 61.0481672582
736 56.8641083291
737 52.8668872035
738 64.1317757638
739 52.8319602088
740 64.8075870025
741 59.2870906913
742 66.6211334124
743 51.6443407999
744 53.781370032
745 59.2296089305
746 57.1927584108
747 54.48603871
748 59.515935817
749 69.942949075
750 54.494907274
751 65.6404298055
752 62.4977376884
753 55.7478788417
754 54.4757064058
755 127.429256582
756 52.905573448
757 56.1314436666
758 74.2909137581
759 55.8515599453
760 53.5086605889
761 59.1641284179
762 63.7076727241
763 58.2145506649
764 55.5804344319
765 63.3820847028
766 50.0622097291
767 65.8600889974
768 65.9365008564
769 64.3994182877
770 56.2308521359
771 61.9163778999
772 50.3703824309
773 70.8360993239
774 56.6843666647
775 58.8714594265
776 49.4884957795
777 52.3806935047
778 63.914925549
779 58.2451983313
780 46.6063785134
781 49.8742708555
782 45.0360493338
783 46.171214396
784 45.0850063777
785 50.7398161288
786 40.4408568608
787 42.4520320125
788 46.3463983335
789 47.7180021365
790 43.2795016617
791 48.2099315018
792 53.234028441
793 41.4528072511
794 48.7444021719
795 51.7008099268
796 55.2718346293
797 44.646076334
798 58.8529396658
799 52.4632692361
800 49.2356030801
801 47.1007992641
802 44.4896375096
803 44.4404119442
804 46.2226303963
805 50.5207382091
806 44.6079475486
807 43.3754605669
808 43.022947254
809 42.9707461724
810 47.0883854977
811 61.9977250312
812 67.8807813313
813 53.6176650179
814 53.4563369839
815 47.845640557
816 40.9080784992
817 49.0194287909
818 53.7590656362
819 51.0129413378
820 44.3444717546
821 45.8225471857
822 57.165278944
823 46.7370175084
824 43.7077719359
825 58.2318962445
826 45.7151108943
827 42.5752539381
828 43.8976702189
829 43.9170698354
830 49.6135794388
831 45.7375465477
832 50.5003687303
833 44.4986342254
834 43.8408038766
835 49.0919953811
836 44.4312265764
837 44.5125368828
838 47.3455431167
839 42.7607450298
840 54.9823901163
841 62.4395438324
842 44.8990022312
843 50.5798333047
844 42.2089381625
845 55.0368749196
846 47.218270831
847 54.2980104806
848 54.4695521542
849 67.5838403523
850 50.7529154499
851 68.8375197889
852 57.0421327439
853 58.2422755366
854 52.3231208705
855 63.6812720612
856 52.2224462122
857 56.1828766488
858 58.2894189363
859 57.3968540039
860 52.476136916
861 52.0586095997
862 54.1516913867
863 53.6480595709
864 52.1411570977
865 51.6430187249
866 53.3576612087
867 46.8713037984
868 64.2996199794
869 62.7432981001
870 50.9548170205
871 49.6918935636
872 44.263057346
873 65.1821012448
874 47.6363613248
875 51.7461593728
876 55.3317958147
877 54.9197111014
878 51.1476919452
879 43.0568645467
880 55.6949544783
881 105.035467119
882 56.6290451726
883 56.9580280755
884 55.1200835367
885 51.1410852893
886 42.3164964876
887 50.4087435812
888 54.1669958787
889 56.9700402996
890 56.1753556141
891 44.9749372636
892 49.2234922746
893 53.2656610184
894 58.8792494257
895 61.8115258109
896 63.8877915006
897 55.077562999
898 45.8087790611
899 56.3565345269
900 52.0317057363
901 51.3598153817
902 56.3843586556
903 51.6117682102
904 56.9310359575
905 54.4768468388
906 63.5675505555
907 52.8177638148
908 53.1852851504
909 65.6591819883
910 44.9481292962
911 54.5230532661
912 54.4168878037
913 45.5786179034
914 48.1906181311
915 42.517597543
916 61.5770549224
917 54.1613102784
918 56.4269825592
919 79.994057267
920 50.6570157912
921 48.5690264702
922 47.2829145098
923 49.5233195527
924 55.0165387221
925 44.8593711751
926 52.2785140114
927 47.4182487868
928 54.109921271
929 47.0828551423
930 51.7986192337
931 49.1122221565
932 49.8222464429
933 43.1271532109
934 47.0700282596
935 41.8954910546
936 45.3637015533
937 44.8883150439
938 46.4595313226
939 46.5260174805
940 46.8835844521
941 57.7241783107
942 45.8881595734
943 45.619529756
944 47.8275579765
945 60.3631362376
946 47.8866529063
947 44.5509025558
948 47.3727712644
949 49.3642252654
950 52.5864325514
951 45.1828525471
952 45.3358777273
953 52.342427497
954 44.7479076335
955 51.2063380758
956 45.6790952966
957 61.319554264
958 45.66801543
959 47.8551067726
960 42.808689915
961 55.8406616133
962 43.0652421625
963 50.9558240319
964 51.4050053534
965 47.9125939763
966 47.8740751569
967 46.5246850553
968 51.037599251
969 51.2434035844
970 51.4291428401
971 47.9700909533
972 49.1082669503
973 46.3597820349
974 52.2390046481
975 46.8233371519
976 45.8394097933
977 70.2865245063
978 48.3109394824
979 49.7790628802
980 47.9354544212
981 48.1866343878
982 45.8086252593
983 47.3989159042
984 45.9556321194
985 47.2671765739
986 42.4156830053
987 47.469078032
988 46.290235458
989 56.2722726534
990 57.6320155049
991 55.5730951807
992 55.1250335267
993 67.8615283437
994 46.4623431429
995 52.1261104482
996 57.958182843
997 49.6286498038
998 48.218100695
999 49.548168293
1000 60.451998728
1001 58.6897468315
1002 55.4849758737
1003 57.0218524174
1004 57.6241997471
1005 56.4842675832
1006 46.4712707615
1007 53.9815648633
1008 51.6793676399
1009 51.0105405134
1010 55.9317969628
1011 46.7851988683
1012 48.7205771881
1013 56.2480835348
1014 56.3551369093
1015 51.5454359931
1016 48.365523556
1017 69.3509441111
1018 51.2061487579
1019 44.9702530754
1020 50.6446783666
1021 69.1316076118
1022 48.988520621
1023 50.7287611948
1024 47.681455618
1025 52.8648572121
1026 53.8170074164
1027 55.1467575654
1028 49.1396201181
1029 48.2707973099
1030 50.7681917116
1031 54.3409946425
1032 52.1472015063
1033 47.1128012436
1034 47.3659555619
1035 54.190039728
1036 47.7142658446
1037 48.5946093477
1038 51.1647928594
1039 47.3331735576
1040 60.4590327561
1041 52.7254385254
1042 75.7844389247
1043 48.4049504909
1044 50.4698033659
1045 51.6201434126
1046 46.9670243145
1047 60.3102824806
1048 50.1395075594
1049 44.0363633822
1050 53.2575856122
1051 56.3918725541
1052 53.0674044909
1053 49.6310344965
1054 53.73803522
1055 48.586201233
1056 61.2877283064
1057 50.429212685
1058 48.9739993279
1059 48.4891866086
1060 48.0502702097
1061 67.4968394385
1062 68.2791628876
1063 59.7425303562
1064 45.5085931795
1065 46.6497352058
1066 48.5208546552
1067 54.5797528896
1068 48.8426818507
1069 58.1489229602
1070 57.0466381297
1071 61.5567135085
1072 56.0339330926
1073 62.127409834
1074 49.4510770316
1075 75.3657575041
1076 46.9539484541
1077 52.3743833135
1078 48.9070149308
1079 52.583137118
1080 55.8959202313
1081 51.2092599544
1082 46.7018840706
1083 58.2328785002
1084 51.6722795878
1085 60.5160337351
1086 49.27114988
1087 62.3647750469
1088 52.9962774287
1089 51.2062268772
1090 46.7947198274
1091 46.5157401786
1092 48.8263410241
1093 58.1289465224
1094 52.5404465938
1095 53.3232396718
1096 55.6627854274
1097 55.6762852144
1098 47.8723807087
1099 47.9843364369
1100 42.5754766308
1101 46.2204936691
1102 46.0469075334
1103 47.1149442962
1104 58.2748088997
1105 46.1661837141
1106 50.90889007
1107 46.7650073679
1108 50.9050610314
1109 44.8716429063
1110 44.4986605118
1111 51.7515109043
1112 56.0508413572
1113 56.258327433
1114 44.90712203
1115 51.5451848898
1116 55.9382224173
1117 88.6167154977
1118 57.9753398541
1119 45.5332781344
1120 59.8001903741
1121 64.3282279639
1122 56.4650641973
1123 54.5745587984
1124 48.9851970689
1125 41.5305934523
1126 49.2170457264
1127 64.1072055604
1128 50.9484877856
1129 59.8912526062
1130 50.6609979264
1131 46.7736067922
1132 51.7358518566
1133 56.8984927935
1134 59.0943915568
1135 43.972638797
1136 47.6050012924
1137 51.3554814868
1138 48.6399891487
1139 58.8118684683
1140 49.0230902172
1141 48.3635284185
1142 47.2457032316
1143 46.4786986367
1144 64.0816162899
1145 68.0754587002
1146 57.038500112
1147 47.7010529929
1148 64.0354884087
1149 51.0899799989
1150 54.4941204478
1151 47.5461550109
1152 46.2834515907
1153 49.0914779678
1154 44.5797617637
1155 45.8948737423
1156 45.1182155052
1157 53.2834878552
1158 53.8916773311
1159 49.5787809432
1160 50.2047367432
1161 46.0218304811
1162 53.593290465
1163 56.0511351619
1164 46.595970414
1165 51.9704831425
1166 44.9083412432
1167 47.2933651296
1168 48.6070441705
1169 47.5113540799
1170 58.5102850599
1171 50.3094829014
1172 46.6264989117
1173 56.6238153011
1174 53.8797050989
1175 51.6134957251
1176 47.4430704719
1177 50.5956568197
1178 49.933954465
1179 46.5015705056
1180 46.6867503008
1181 54.4346165832
1182 45.9858199214
1183 51.6623540228
1184 46.7749655377
1185 48.3961658653
1186 45.126693091
1187 54.3115123063
1188 46.6460217413
1189 48.8349717512
1190 49.831314867
1191 40.4795863579
1192 56.6791577719
1193 61.8838229357
1194 50.4950351192
1195 49.6459819543
1196 44.9030686768
1197 49.5475704331
1198 46.6800799724
1199 50.6517917184
1200 50.3870559158
1201 44.0354003949
1202 51.8178962508
1203 50.2681530748
1204 46.7711118746
1205 50.7666239499
1206 47.329242627
1207 87.7713504205
1208 51.0695690085
1209 50.9385377961
1210 52.2574536831
1211 46.5895575899
1212 53.4409333804
1213 48.0990972113
1214 55.8858815026
1215 47.8217919416
1216 51.7002759325
1217 46.3294419816
1218 47.9462597559
1219 48.2754079214
1220 53.6176200121
1221 47.0385959341
1222 66.0168773411
1223 45.6457620327
1224 52.6494656502
1225 58.3681476251
1226 44.2237894269
1227 61.5564899199
1228 55.4155861538
1229 44.9446615342
1230 55.5992253382
1231 49.2628737998
1232 49.8480705882
1233 50.9445595453
1234 54.7950985684
1235 52.8740995695
1236 50.1312670166
1237 44.652293702
1238 48.9028037706
1239 52.7959309575
1240 58.3453835229
1241 47.0626819939
1242 51.7907361555
1243 47.8182499668
1244 56.609689214
1245 58.8553950366
1246 57.3590030315
1247 49.7761515766
1248 49.5277000394
1249 49.8124755034
1250 55.2739852271
1251 44.7085521862
1252 48.9782265845
1253 49.8748331984
1254 62.7564418548
1255 49.8300179922
1256 54.1113276018
1257 48.9143767607
1258 49.0444793067
1259 46.6513685539
1260 57.73034468
1261 51.5228649696
1262 51.0230239033
1263 53.7267800633
1264 51.2316353938
1265 74.9839724941
1266 54.8002054191
1267 47.1778274737
1268 50.6974718789
1269 49.342738414
1270 54.7380958187
1271 48.4667417129
1272 51.6551714258
1273 44.0510685497
1274 50.2611177629
1275 51.6045366412
1276 52.05427374
1277 49.592632103
1278 61.4322802633
1279 51.9995527295
1280 68.7036269141
1281 58.6578189517
1282 94.5207232104
1283 48.4564807528
1284 92.7982109885
1285 51.3898038738
1286 50.4372941786
1287 51.9137881471
1288 48.8625190175
1289 46.6064429524
1290 49.0806825435
1291 50.1445868824
1292 73.4775226305
1293 52.9164663211
1294 51.1836389754
1295 48.7223639897
1296 57.3704950894
1297 57.4123985212
1298 38.581686744
1299 53.4621394419
1300 55.0053586065
1301 53.2975655459
1302 51.7778141064
1303 73.9489392294
1304 50.0502558177
1305 60.4226949755
1306 54.7677489896
1307 51.8435530307
1308 51.1605443105
1309 51.7216964863
1310 51.5698606358
1311 49.7039616473
1312 54.1704715779
1313 51.6684444512
1314 53.9020060077
1315 48.0314185778
1316 49.5023611119
1317 51.6957414771
1318 48.1127146037
1319 50.3224859926
1320 55.9809804199
1321 53.5803394999
1322 50.3289742036
1323 55.0819603538
1324 57.2212454852
1325 133.900402144
1326 82.7094482923
1327 49.0484306924
1328 49.7344035088
1329 57.5580368032
1330 50.796632559
1331 54.0614457372
1332 59.0490479732
1333 49.3345743744
1334 64.036258284
1335 63.0452372194
1336 68.0397734025
1337 62.9681895362
1338 49.9735172745
1339 46.343555561
1340 51.5664044772
1341 59.3193340549
1342 57.1974988847
1343 50.9038799956
1344 58.8672655327
1345 55.7187952945
1346 56.2404437344
1347 53.5703486298
1348 54.6394444478
1349 62.8650677751
1350 58.0335141201
1351 56.3829925162
1352 47.9637660671
1353 49.6205788406
1354 60.2052702387
1355 49.2792996237
1356 71.8075398548
1357 48.7703095164
1358 56.0773883359
1359 49.3953434463
1360 47.0584707851
1361 77.0307022881
1362 37.4285983772
1363 62.0782934671
1364 48.6561707187
1365 55.9103883306
1366 54.9335756427
1367 42.7685844317
1368 125.330149407
1369 46.6922995544
1370 50.6183311009
1371 50.2418625957
1372 60.2122313015
1373 51.8748501077
1374 51.1646922382
1375 52.2184176616
1376 54.9899332033
1377 63.2120601753
1378 65.1062290997
1379 49.3906053479
1380 63.7578332942
1381 61.1908805604
1382 60.0069817642
1383 52.3140991416
1384 70.0105993369
1385 51.2164261469
1386 51.4044624976
1387 55.6263133804
1388 50.5370726539
1389 48.2662671385
1390 52.7582072819
1391 61.1624190393
1392 49.6645713825
1393 47.3910053415
1394 42.8335889843
1395 60.3320508714
1396 55.1855583699
1397 48.7481030966
1398 119.060626538
1399 54.5210013593
1400 52.5655018842
1401 55.0708436201
1402 55.9906202261
1403 47.1182984132
1404 53.0553786472
1405 56.5195381799
1406 50.0500177275
1407 51.0582247076
1408 43.5605825802
1409 55.3818447078
1410 55.2016904018
1411 64.7575585356
1412 53.8660653314
1413 54.0299797055
1414 65.9149493092
1415 56.1815992266
1416 55.2069536604
1417 53.37375322
1418 53.9721121683
1419 62.047781009
1420 51.3322831266
1421 57.5016150588
1422 50.4208060561
1423 62.1266813796
1424 66.6387191813
1425 44.8093361365
1426 53.5059202179
1427 44.1281007611
1428 54.0462148776
1429 46.725775407
1430 51.2981384012
1431 45.6516440981
1432 47.1939860279
1433 48.2762850393
1434 49.0148869557
1435 50.6695882678
1436 48.4137001947
1437 50.3734762815
1438 64.572129289
1439 48.6686466755
1440 46.7150327268
1441 92.3706358382
1442 45.6374451185
1443 42.5152958659
1444 44.2684517663
1445 46.3891043239
1446 43.3209798047
1447 47.8580005678
1448 59.0948805819
1449 43.5060234226
1450 44.7223625129
1451 44.0417974181
1452 49.6786722599
1453 46.0593300886
1454 49.6100740054
1455 39.7395291041
1456 46.33907174
1457 57.560717739
1458 45.8435704494
1459 51.6972841478
1460 45.7754953996
1461 46.2373212403
1462 42.8321773527
1463 51.6531360295
1464 48.5078767764
1465 39.8019732941
1466 44.6141168253
1467 46.5935811833
1468 43.3466483677
1469 45.6505127732
1470 58.1417649911
1471 44.7168767855
1472 49.0514261708
1473 52.4322238879
1474 47.0014780453
1475 45.3928184389
1476 70.0955240518
1477 50.2032949997
1478 45.3910147305
1479 56.1921416865
1480 44.3952976479
1481 42.5482261091
1482 41.1380912378
1483 56.3281749519
1484 43.5445463558
1485 51.6525940759
1486 49.7357143598
1487 50.3222971248
1488 51.8508882224
1489 52.8575581812
1490 51.6047936624
1491 53.306587323
1492 54.7719845103
1493 75.1801935968
1494 55.4802457729
1495 49.6014848338
1496 52.9276609882
1497 54.1937713781
1498 54.0536026362
1499 56.827587502
1500 57.7493940603
1501 56.0249544128
1502 52.9108911698
1503 51.2089187393
1504 51.8791640413
1505 50.0920852468
1506 55.2388855156
1507 54.1290548345
1508 58.4290556922
1509 45.2339645341
1510 55.4793259919
1511 52.3687508915
1512 54.4490824086
1513 47.0218222107
1514 48.2966323576
1515 75.0476003508
1516 51.8679238891
1517 119.370038076
1518 53.9883766821
1519 65.1399306799
1520 54.2539639439
1521 55.4957106954
1522 54.7592183192
1523 51.4352249752
1524 53.0236676224
1525 51.0410119483
1526 53.7169687749
1527 81.4986414312
1528 48.7400569469
1529 55.6278754242
1530 62.9749459356
1531 49.0445811226
1532 52.4174856437
1533 46.7683346916
1534 52.7392933578
1535 61.051671824
1536 57.722696307
1537 69.4651044555
1538 53.2118129459
1539 81.3239950834
1540 55.5149155919
1541 62.2012106353
1542 41.6855652259
1543 51.3821291358
1544 55.4213315889
1545 48.6963038164
1546 57.4442144077
1547 60.8024498109
1548 53.3467407357
1549 50.1460865321
1550 53.4824898406
1551 54.8466013775
1552 53.5282372903
1553 43.9125985191
1554 43.0377595659
1555 51.1844685466
1556 56.2687660641
1557 53.1937543629
1558 63.4980507585
1559 42.3956115966
1560 60.0864810018
1561 44.1870493894
1562 51.3543521464
1563 57.7141657974
1564 48.8550635574
1565 52.4581277268
1566 58.6449348055
1567 49.9444282938
1568 52.5855420208
1569 47.4381441903
1570 41.4510462698
1571 65.0649195485
1572 52.5891739205
1573 51.4747802195
1574 49.5012432458
1575 48.6628460175
1576 39.11164533
1577 44.1222690763
1578 46.9964683538
1579 53.86960399
1580 62.5512526903
1581 50.726965154
1582 101.182365146
1583 47.1489307605
1584 44.3268004339
1585 60.769422321
1586 52.7722074709
1587 44.1594204711
1588 59.1695431903
1589 50.2032046808
1590 49.7473406833
1591 50.20442921
1592 48.7653334672
1593 39.610310419
1594 43.3332619156
1595 48.6353472506
1596 51.7139289419
1597 42.7042802684
1598 49.2954502887
1599 43.0753231268
1600 49.1325495907
1601 48.5697783278
1602 50.6059173276
1603 48.7034787503
1604 54.5064893903
1605 52.1122300114
1606 45.9372285324
1607 44.1523661865
1608 48.3324713451
1609 56.7369990605
1610 43.263797058
1611 50.1989713395
1612 48.1591980893
1613 58.7232669734
1614 52.1473921411
1615 50.6278266473
1616 48.6424664838
1617 51.034978611
1618 64.7353453285
1619 55.6510057265
1620 60.6793138068
1621 41.3569062819
1622 59.8724421341
1623 52.0595761146
1624 52.3474566741
1625 64.8419796494
1626 53.8918670784
1627 58.9494115389
1628 52.0550020112
1629 59.6906170241
1630 56.5948877851
1631 61.8238375108
1632 57.2103152364
1633 58.5431087227
1634 54.9890373237
1635 48.2560659483
1636 47.2202249365
1637 60.138951807
1638 53.9983759336
1639 50.3336674132
1640 48.836306137
1641 54.3877459991
1642 54.0645396145
1643 56.5777355727
1644 55.9228663855
1645 54.2218109469
1646 57.2428567613
1647 55.0962781075
1648 45.7574923986
1649 56.4733431485
1650 53.6423948933
1651 52.3192712074
1652 54.3274671517
1653 52.5320928922
1654 58.0754372995
1655 52.8949379583
1656 52.3059847105
1657 74.7870839043
1658 63.7545532839
1659 51.3933176839
1660 51.5958119378
1661 62.9737299559
1662 63.6260384901
1663 66.2532111886
1664 50.8385642485
1665 52.6379695636
1666 63.0421340294
1667 51.9335161601
1668 111.56216594
1669 42.3171975362
1670 52.5821531256
1671 58.6648447666
1672 53.0631497311
1673 50.9828388834
1674 130.224399561
1675 57.8678975416
1676 54.8667532435
1677 49.9919080593
1678 57.7369178844
1679 49.4547166682
1680 56.6343002709
1681 54.6602734041
1682 79.2134787494
1683 73.629355132
1684 70.7804538063
1685 66.0803463173
1686 65.0346766517
1687 55.6777983792
1688 63.5807039096
1689 64.9469230222
1690 74.3143884905
1691 62.6279777143
1692 51.5172836225
1693 53.7698621419
1694 57.4135254542
1695 79.3665854365
1696 57.976210022
1697 58.7478895397
1698 60.9119200149
1699 77.9113179492
1700 64.2736292838
1701 82.0736119815
1702 69.3412646724
1703 81.4550460365
1704 77.7809729128
1705 68.7993381824
1706 81.0319646982
1707 65.1343502493
1708 69.626172817
1709 70.8164808381
1710 70.563023392
1711 70.159285676
1712 81.9699344838
1713 74.2458355386
1714 69.2665418574
1715 67.406605842
1716 65.0944463712
1717 62.8438082441
1718 82.2587566923
1719 67.2278121224
1720 67.7190391585
1721 84.0833770975
1722 75.1874683367
1723 67.5976546386
1724 58.3745940998
1725 70.1505616315
1726 46.7311665628
1727 70.783589768
1728 71.2615746105
1729 59.1905493332
1730 69.5273705106
1731 66.4045080244
1732 69.9862219235
1733 81.6133141271
1734 62.5058985894
1735 67.360705634
1736 82.8869660716
1737 82.9862026205
1738 73.6657240131
1739 78.7481354425
1740 65.5597808485
1741 76.2492533364
1742 83.7804783506
1743 43.7630447935
1744 50.9058539926
1745 58.0087323989
1746 61.9741118501
1747 66.1192281135
1748 47.1920959953
1749 63.053142403
1750 56.9896244773
1751 56.9663662606
1752 53.8679016749
1753 51.5193199397
1754 56.1919626373
1755 56.603603629
1756 52.0061097302
1757 56.4384551741
1758 57.4685643969
1759 63.3999535712
1760 63.3560243972
1761 55.9263148922
1762 58.672431165
1763 53.5162726106
1764 70.2318808448
1765 64.0095650463
1766 47.63265856
1767 52.781615048
1768 57.1189600938
1769 56.4452527925
1770 63.033233836
1771 61.5738191344
1772 59.4468525105
1773 67.2461155665
1774 64.5227254396
1775 59.4076070053
1776 58.5531706354
1777 58.7235861011
1778 58.8931149363
1779 46.7910352145
1780 58.1208404795
1781 55.8630359275
1782 56.8816241407
1783 57.514880336
1784 56.9809999321
1785 78.9838838428
1786 55.1426984716
1787 58.4932392452
1788 73.0286748603
1789 61.0018228495
1790 64.9387346178
1791 55.1656926694
1792 57.3890714341
1793 58.2863945942
1794 59.6722202051
1795 52.4222147185
1796 47.5515762835
1797 53.077025623
1798 51.9274301024
1799 50.8260560777
1800 50.5479199849
1801 61.8991286677
1802 58.0302467106
1803 53.1991479022
1804 59.0468499504
1805 57.24581112
1806 56.9294636549
1807 58.2499215786
1808 50.0203339631
1809 57.8551716752
1810 54.9622841541
1811 52.9116670642
1812 62.9810102715
1813 65.7571627733
1814 52.9481507196
1815 47.9805683136
1816 52.1467995641
1817 52.9262707732
1818 59.3381134001
1819 57.6418718239
1820 53.3419769325
1821 48.8269383051
1822 54.5109765662
1823 53.4919292271
1824 50.4084266289
1825 48.7637939358
1826 53.0187103893
1827 54.4846373585
1828 54.3259260673
1829 53.0297372127
1830 51.5029460385
1831 61.3640135952
1832 51.5465691899
1833 51.7995134553
1834 51.1273888647
1835 50.2632634237
1836 113.655491271
1837 62.0749635112
1838 53.5225519522
1839 58.3236243576
1840 143.67855954
1841 50.1726474722
1842 53.6089022724
1843 46.5553368504
1844 44.3594473912
1845 52.9393923171
1846 50.9063236638
1847 48.3904748903
1848 51.5920637522
1849 50.9359420815
1850 52.4078696023
1851 58.2371544041
1852 54.3432081844
1853 53.25515206
1854 56.9916569974
1855 56.4849423062
1856 80.8213119136
1857 50.9242880478
1858 52.1680071226
1859 49.3831852458
1860 54.824033851
1861 52.9719218133
1862 52.7776156901
1863 50.7656117171
1864 52.843712396
1865 54.1512205876
1866 64.4756968564
1867 57.1669307486
1868 54.2831874207
1869 66.4408291731
1870 53.2993768647
1871 59.734079942
1872 58.18009186
1873 49.5690735188
1874 56.4655863767
1875 55.1512494466
1876 53.4288551379
1877 61.778822843
1878 55.3092822992
1879 50.220643002
1880 46.9875338264
1881 48.8177937575
1882 49.7280376175
1883 57.9493074743
1884 63.3510158341
1885 57.3669259401
1886 53.1508073714
1887 48.6378621956
1888 54.3058415255
1889 51.60498223
1890 47.5159533375
1891 47.2654086993
1892 62.6361541713
1893 53.2214999715
1894 53.156821546
1895 57.8855360324
1896 62.6043790494
1897 48.6733977957
1898 60.7332326011
1899 45.6968418537
1900 66.0972015407
1901 58.7248371923
1902 52.5180241963
1903 49.4418856977
1904 54.0519562088
1905 64.2193048795
1906 51.2836862553
1907 53.6461208316
1908 66.3377430173
1909 49.7343923378
1910 55.2332768514
1911 53.0689875836
1912 46.3176774209
1913 52.1593059622
1914 119.045936187
1915 62.2700159149
1916 53.8079460121
1917 57.5189641388
1918 65.7367429124
1919 47.4413689287
1920 46.9755975402
1921 52.340393703
1922 48.9574527746
1923 45.8690680291
1924 48.1160841022
1925 96.9683874885
1926 50.0691312882
1927 60.6978505219
1928 57.9086101428
1929 49.4714796329
1930 53.5071633329
1931 52.113976935
1932 57.5276513663
1933 52.2992356284
1934 47.9932421139
1935 46.9050480157
1936 61.4859498893
1937 46.0496035952
1938 68.2760540784
1939 51.6347629021
1940 51.3243985992
1941 50.5229813508
1942 72.9530115647
1943 54.9291904468
1944 52.1296630925
1945 56.9730271147
1946 43.5142449338
1947 52.285176477
1948 44.9660331271
1949 45.9970805822
1950 52.9174672891
1951 46.7071490591
1952 49.4700380096
1953 47.8907747441
1954 56.3525996741
1955 39.2074046433
1956 48.9022376959
1957 48.1430586658
1958 56.4141615885
1959 51.4839888416
1960 44.8308154584
1961 48.2932370759
1962 41.1039883115
1963 45.954083394
1964 49.1205555269
1965 55.3271021809
1966 50.1136453559
1967 52.7725095927
1968 48.7264487142
1969 63.2586277336
1970 45.8229662528
1971 47.9963764438
1972 52.2490932791
1973 48.5257531485
1974 46.6467491258
1975 50.8033084756
1976 53.3135096475
1977 46.2281958145
1978 53.2483971149
1979 57.8711283777
1980 47.8830509129
1981 42.7640257903
1982 47.4289292758
1983 48.1987194563
1984 64.1484523583
1985 43.3362560982
1986 51.5584440494
1987 51.0829253491
1988 63.8681797872
1989 54.7579701861
1990 47.344023859
1991 47.7266970206
1992 68.82042351
1993 41.0379822316
1994 46.607292435
1995 49.9595669852
1996 48.0452082969
1997 47.5506934048
1998 43.4310218084
1999 50.8201967454
2000 59.708031733
2001 48.3361395975
2002 51.6763233161
2003 55.217648634
2004 49.0083484497
2005 62.4891429404
2006 38.4472051898
2007 55.3164056746
2008 58.3126249634
2009 64.7707246683
2010 51.4306695438
2011 55.4751834547
2012 61.5331658347
2013 58.2276793082
2014 68.969150818
2015 60.5832916631
2016 57.383294143
2017 71.3484276757
2018 53.7838152707
2019 58.3146171394
2020 56.2593614623
2021 57.3616042911
2022 69.0929536577
2023 57.2120550264
2024 52.1020808268
2025 53.2812701326
2026 55.5334219889
2027 52.6884805496
2028 61.3899458984
2029 47.7676156192
2030 66.6369125229
2031 89.1547797992
2032 58.7602414921
2033 51.5289507095
2034 51.5685342472
2035 55.5767576232
2036 56.7699227423
2037 59.8342211923
2038 60.6645470795
2039 58.1358145567
2040 55.1217693556
2041 52.1017425161
2042 55.3107419893
2043 60.1918208957
2044 53.6651271942
2045 50.6714218414
2046 68.2329146035
2047 59.5904428246
2048 47.4809602722
2049 53.6549422647
2050 48.9730291667
2051 50.9317580856
2052 52.5708871387
2053 58.4628238845
2054 61.8090869351
2055 49.7310609509
2056 50.8482857624
2057 57.0005269126
2058 57.7464290986
2059 60.1125345406
2060 49.2126953422
2061 51.6050225156
2062 74.1074578528
2063 54.0194409685
2064 74.6202724341
2065 48.3654779213
2066 51.9332329749
2067 50.0544380291
2068 65.5796662045
2069 51.4391474057
2070 48.6293912702
2071 55.2562631406
2072 68.8182319373
2073 58.4782428465
2074 58.616001192
2075 55.2692308823
2076 50.424785791
2077 50.2681028413
2078 55.4336654451
2079 56.2136783467
2080 71.564663979
2081 55.7411684388
2082 57.0158302654
2083 50.9182993528
2084 55.2929513485
2085 62.4343967042
2086 46.9761985325
2087 50.7454023425
2088 54.9104533442
2089 56.2383884848
2090 54.654716916
2091 54.6737198063
2092 53.4453531823
2093 63.3297708771
2094 51.7791889916
2095 55.0839751955
2096 53.9397585347
2097 59.2437495121
2098 58.5196924908
2099 67.5598310529
2100 63.9457317598
2101 57.6100319413
2102 56.7585693576
2103 52.2671614988
2104 58.8633606375
2105 62.8634926476
2106 52.8217689219
2107 58.7168162856
2108 58.1549517756
2109 53.5853899228
2110 53.3949567588
2111 61.1924758344
2112 63.0777747295
2113 50.4569661273
2114 61.6804864255
2115 54.4291092023
2116 63.8523480477
2117 49.6671084112
2118 63.9317877847
2119 50.6807058196
2120 65.3906514062
2121 53.7059089604
2122 47.3686301821
2123 53.2175088125
2124 50.3951778364
2125 54.4991054422
2126 80.9391042375
2127 59.3987786664
2128 43.8850294012
2129 56.2498153398
2130 48.2945086446
2131 53.5573850642
2132 55.6265030572
2133 39.0789972387
2134 43.6071869454
2135 54.358427622
2136 45.4379042771
2137 105.940925446
2138 47.8874502577
2139 52.3456410319
2140 46.8976153905
2141 48.8735199967
2142 56.8765379708
2143 45.332889241
2144 48.5562797392
2145 51.6054508597
2146 51.5154039109
2147 50.86813395
2148 47.5198430583
2149 50.9398892149
2150 41.0768713834
2151 52.2574004029
2152 51.9156597529
2153 42.8971422824
2154 60.3976455747
2155 58.9551199294
2156 49.4548835393
2157 50.6831305881
2158 51.8578430214
2159 55.877278654
2160 47.9260124312
2161 48.8344951186
2162 60.2471525115
2163 59.0257590528
2164 54.1689787083
2165 58.8811482114
2166 48.652602458
2167 58.6516536157
2168 49.3796893814
2169 46.0095994517
2170 60.7005987564
2171 45.7446158151
2172 49.8499634921
2173 45.9988152335
2174 47.1038511525
2175 51.7075579663
2176 76.7675473633
2177 40.1620939958
2178 40.3347938891
2179 48.9167828186
2180 46.590037563
2181 62.4771276826
2182 55.7831938092
2183 57.9465581703
2184 58.3633468204
2185 55.2176995491
2186 46.1742329962
2187 43.0416223251
2188 50.4848878844
2189 56.3913323475
2190 61.8598222562
2191 47.0483399288
2192 46.2150589618
2193 47.3564043892
2194 42.6596008566
2195 52.8039603365
2196 45.8569270164
2197 57.9395127493
2198 51.405359664
2199 66.5619853413
2200 57.4921981655
2201 56.345474312
2202 58.3538776942
2203 52.3031639771
2204 52.4638978736
2205 52.2124519502
2206 53.7671136591
2207 62.9932434458
2208 59.0281392249
2209 61.1040777232
2210 58.5289586586
2211 50.94919931
2212 53.9754790058
2213 59.0594512625
2214 51.2997173215
2215 54.5473605326
2216 60.4200232768
2217 53.1084108184
2218 52.8027443683
2219 54.7661421679
2220 51.0790001279
2221 54.4324494776
2222 110.203783382
2223 59.5509564174
2224 52.0132582867
2225 50.3306435608
2226 53.6064532693
2227 53.205565625
2228 54.7607103521
2229 64.8436203358
2230 53.7692088528
2231 66.1469380249
2232 61.5859724594
2233 62.2643383445
2234 58.150722904
2235 56.1691888459
2236 51.7434420727
2237 49.1148998185
2238 54.7174280391
2239 55.0840032942
2240 66.156991737
2241 60.5251136383
2242 57.407012501
2243 52.4744995418
2244 56.7243426959
2245 54.6794212206
2246 55.805547386
2247 70.6792820258
2248 55.7650213035
2249 53.5293017356
2250 54.8154971845
2251 51.0559700923
2252 54.2666785934
2253 52.8618999501
2254 53.0824430467
2255 62.8700814396
2256 57.9757504424
2257 60.4702526648
2258 47.101522142
2259 52.1545597117
2260 74.8106092001
2261 50.6805470182
2262 62.6485314209
2263 50.0861440001
2264 51.713716125
2265 68.7441128101
2266 50.9474707444
2267 51.505351359
2268 50.0975361721
2269 53.2136647355
2270 48.5923107598
2271 56.2787559943
2272 52.6473830548
2273 54.0555513444
2274 51.1424744405
2275 46.1827430538
2276 47.3973337522
2277 65.148510685
2278 52.6707632223
2279 67.637489111
2280 49.7957876844
2281 55.7910803161
2282 56.1417713989
2283 49.2342484497
2284 61.1484960793
2285 51.0387761063
2286 50.9184768912
2287 54.6726872192
2288 62.4819532718
2289 58.2424795953
2290 50.2999375922
2291 53.9029065363
2292 48.0428364029
2293 49.2999392393
2294 52.4235126545
2295 51.64829477
2296 66.6877935311
2297 50.6618903899
2298 48.1867233498
2299 60.3505844821
2300 53.3228917386
2301 57.6447609957
2302 62.4183484431
2303 75.8163320798
2304 54.0079901134
2305 51.0461535407
2306 59.4194938368
2307 50.9779054394
2308 48.9762659458
2309 61.2922673592
2310 48.2855217428
2311 48.9851505216
2312 52.6828566963
2313 54.7383836183
2314 50.0856622727
2315 42.0022783084
2316 60.9953442226
2317 53.0071888604
2318 52.4471436187
2319 49.9664765383
2320 58.2672912291
2321 51.9159901454
2322 48.1479217457
2323 53.9439010807
2324 58.8932981617
2325 49.3222750149
2326 45.1617296722
2327 62.7642828309
2328 41.6318171217
2329 37.4086968877
2330 49.5812973995
2331 52.1772492054
2332 47.8679189254
2333 42.8572641666
2334 52.2712245182
2335 45.543466981
2336 54.3502174406
2337 51.8807539269
2338 47.9676836242
2339 39.328239812
2340 47.0938669015
2341 47.3253989332
2342 45.6521554532
2343 49.1232261726
2344 43.2788417642
2345 43.6159145765
2346 40.3174632675
2347 46.2865760248
2348 43.1932518334
2349 40.9729774135
2350 53.2364019435
2351 43.2125980728
2352 51.5176938931
2353 40.6778126576
2354 49.2487214878
2355 42.1703953317
2356 51.5933483589
2357 50.3670622509
2358 49.8626832252
2359 47.8963237435
2360 43.0582184958
2361 51.1665715132
2362 43.5241510549
2363 46.9964331827
2364 45.6443112052
2365 41.5504823721
2366 42.2019336287
2367 60.9209270756
2368 47.3809858518
2369 40.1102446765
2370 43.6154840196
2371 41.6404057807
2372 37.2413737952
2373 49.8312707792
2374 52.3509645933
2375 50.3680442011
2376 43.5148171168
2377 46.7240353734
2378 42.804420826
2379 43.2585057793
2380 46.3611096739
2381 40.1001351389
2382 59.4817467957
2383 87.4248316116
2384 48.3367217505
2385 47.384641909
2386 48.8090474834
2387 42.9682513553
