u s
1 63.3067333561
2 66.7236359201
3 57.1468025837
4 59.3970077221
5 57.8549476265
6 47.31890671
7 54.8342582316
8 51.9919560041
9 65.8259366761
10 59.7682832897
11 50.7739760661
12 61.5913864728
13 67.9957772067
14 63.7218108513
15 68.4884852474
16 57.3438962257
17 56.3172047397
18 63.9577253731
19 158.090869451
20 63.1839780049
21 58.4444349287
22 50.4889297537
23 70.0152278248
24 59.3292479396
25 60.4921468116
26 76.5155405699
27 65.6156719042
28 50.2696868306
29 65.8296274678
30 64.2833037363
31 66.5150406321
32 75.4412754897
33 58.9942199594
34 66.1434265287
35 50.671715475
36 62.2718247821
37 70.0541300007
38 58.3754794662
39 46.7876460979
40 49.9434905174
41 60.5559992863
42 55.3021376275
43 59.2775134092
44 60.4307724313
45 73.4454599809
46 61.4399436972
47 57.7944937639
48 57.1059421607
49 58.695245817
50 57.7632119041
51 55.720211368
52 59.9653317616
53 66.4809859479
54 65.8529306412
55 151.986966622
56 66.2472247829
57 72.729793646
58 61.1521147231
59 61.1317715789
60 58.9293572741
61 58.5845043535
62 81.195434764
63 59.3171529533
64 63.7681194708
65 83.2161434158
66 43.9817884098
67 48.9274085337
68 51.5410578538
69 43.9840335235
70 51.8547977282
71 49.4662328838
72 53.1607397994
73 59.7896663409
74 61.7745602182
75 56.4618186002
76 55.289227917
77 52.0403284317
78 52.2224602285
79 54.9567635038
80 55.6125596145
81 52.7241674216
82 53.7016639813
83 45.9579428814
84 50.4916548119
85 50.0153197307
86 49.5430674155
87 53.9116517422
88 40.6760429604
89 53.094063656
90 51.5942218125
91 51.6598778685
92 53.7662613607
93 55.8708415184
94 66.2364624887
95 41.4148513557
96 48.3073493976
97 57.3958467313
98 75.0151246003
99 61.6589451519
100 52.0736137831
101 53.367989116
102 53.4647456253
103 52.8008887421
104 65.3956843953
105 52.5895343652
106 62.3939310229
107 44.2437338752
108 58.7175170284
109 62.4563390283
110 50.262643301
111 52.8614979812
112 74.2934710247
113 56.0680778492
114 56.8631882554
115 48.9534327024
116 53.8197787416
117 52.5970316225
118 54.807611831
119 52.4823056393
120 59.3369044271
121 55.6030026948
122 57.7831669611
123 56.5983040875
124 51.7647715194
125 44.0307266077
126 51.6762136318
127 45.4917183691
128 47.2951255604
129 53.4970812076
130 53.5474082788
131 51.6005901289
132 51.195637667
133 53.2413114109
134 51.0385861716
135 53.3862050388
136 60.9264615702
137 49.7952015116
138 52.0972794255
139 48.7415117618
140 51.9328731152
141 60.4218855979
142 46.6572681279
143 47.194086808
144 57.1617611804
145 54.775476425
146 50.5790807518
147 53.8341731159
148 47.0162592401
149 67.190367398
150 54.3395586533
151 57.4536169625
152 47.4006740066
153 48.4308849801
154 47.6012237624
155 62.1829178616
156 49.8415018865
157 46.9126735525
158 48.8008714199
159 54.830173137
160 46.4354250311
161 47.1345001013
162 48.0428205066
163 61.3089372742
164 49.9138451002
165 57.2801167415
166 49.2268855304
167 52.8581979197
168 47.3253577021
169 65.2572573826
170 48.1628853741
171 47.5188932732
172 49.6469963053
173 49.1206452811
174 56.8248004098
175 60.1353914678
176 51.6838997532
177 46.9838277402
178 47.0876467543
179 53.5787781988
180 53.4973145027
181 50.5503951483
182 48.6943150135
183 51.1252017587
184 58.2383748221
185 43.8585747621
186 52.3575561707
187 49.4076487771
188 50.8559311523
189 62.2930573156
190 41.8089981517
191 47.0998076337
192 53.1082444819
193 57.180218876
194 47.3067344595
195 50.6939335112
196 57.139782231
197 57.2312361797
198 52.4828517248
199 65.2228335148
200 55.078123061
201 46.879967725
202 56.5349830861
203 61.020985833
204 53.672558517
205 56.4974983123
206 60.1126909988
207 52.9927459609
208 55.629623421
209 62.8706217868
210 58.5774314639
211 51.9409535171
212 53.5061810013
213 48.0882276115
214 51.4370044224
215 54.8442869719
216 44.5904884779
217 61.1280165908
218 63.869899372
219 55.6284738552
220 54.6520492842
221 58.3790368451
222 54.3470779003
223 62.4476085369
224 56.9753765701
225 63.6622322845
226 62.8573533203
227 61.4258587294
228 49.2375102672
229 61.666634308
230 58.7103852811
231 68.9314524686
232 56.4022647205
233 173.138947155
234 55.8099807254
235 55.6419988693
236 190.906351672
237 61.8305252016
238 56.208125016
239 62.0052844807
240 48.5450401907
241 66.1460439544
242 59.6159794103
243 62.0268398873
244 55.6340772516
245 58.2998057434
246 57.1521179976
247 62.6043298245
248 48.520330184
249 55.1928163183
250 66.3865642104
251 56.5214842343
252 55.604313552
253 50.2373208364
254 51.3814302465
255 64.3067430271
256 57.1353656743
257 61.3202594022
258 62.6395447482
259 52.4567723673
260 64.1130409733
261 42.3009373981
262 54.7859122855
263 46.264274475
264 55.7073584804
265 50.1387534067
266 51.0056165644
267 57.9921349486
268 58.8732392012
269 58.503481525
270 50.461861094
271 71.8361813646
272 63.1615227024
273 52.896830277
274 51.6767353891
275 47.8175761536
276 59.0594026173
277 69.8403860216
278 58.6279364844
279 50.0591863797
280 53.7001343024
281 60.652747227
282 46.4891794854
283 45.6124852619
284 58.2914697615
285 51.089059405
286 54.7297861117
287 65.2197832473
288 57.7077122491
289 52.3351450969
290 65.2334960554
291 58.7337129154
292 50.3360991229
293 57.9163165255
294 49.8830688059
295 56.3880291999
296 62.3366150914
297 57.213538547
298 48.6683552741
299 51.1390801169
300 53.8296111005
301 49.87304553
302 49.0855901757
303 53.636055581
304 52.748670633
305 51.4151974818
306 67.8144065167
307 59.1967906971
308 52.8815259899
309 48.9243191897
310 53.1167092937
311 52.4947147783
312 45.9236228555
313 49.3879567343
314 48.0780178636
315 61.8634089649
316 74.922692923
317 49.7472952808
318 51.1220288473
319 62.4889975732
320 46.4071001633
321 51.1325763142
322 57.3058447672
323 57.5464690586
324 82.6884590836
325 52.7349888831
326 51.3907285851
327 48.3577894493
328 42.7484058069
329 52.1722944976
330 49.9576999994
331 43.8748852095
332 57.8115337895
333 52.1582441587
334 47.632614522
335 49.5941792726
336 53.6900431585
337 48.1133123763
338 51.5170221894
339 52.5517863003
340 53.8401609318
341 59.7496927789
342 47.2295753557
343 48.8692401563
344 52.1399789987
345 55.6713245616
346 44.081010508
347 49.6337852007
348 48.782258131
349 42.8173515716
350 53.7091220176
351 47.6630499237
352 46.8781599782
353 47.7577599492
354 48.6513410128
355 42.2542610351
356 46.5217165883
357 47.245022944
358 48.5832066157
359 48.1931642183
360 49.5342001429
361 41.8530365823
362 47.3683200667
363 50.8527225487
364 48.1489295897
365 48.2726941514
366 47.5971829131
367 52.8202844128
368 48.0342952774
369 42.2128998177
370 29.6273321798
371 63.0601556685
372 71.3100302727
373 47.5443902722
374 56.9846249556
375 48.5317044402
376 45.7719137519
377 57.5582607835
378 45.2661827564
379 51.8901476828
380 48.9198076171
381 49.2735256798
382 48.7402890981
383 49.0991754791
384 48.1563345143
385 49.3578869663
386 41.5438242669
387 51.2180243954
388 51.1509765966
389 63.6293471504
390 56.2363127791
391 47.3926787017
392 58.770216073
393 52.4255248288
394 50.1046023556
395 56.7601117992
396 53.5502901327
397 52.4154186004
398 49.6255958315
399 58.3541555661
400 47.8325447276
401 50.9305206775
402 49.5113360463
403 51.8400524924
404 59.3976993348
405 49.7507264098
406 52.4718719726
407 50.8255397857
408 42.149900852
409 47.9556660488
410 50.1118732437
411 49.5008650225
412 49.4223135671
413 63.1813013022
414 49.6094013027
415 54.8548277708
416 56.5781400788
417 48.9400117216
418 45.4420637213
419 46.9463836093
420 49.548753972
421 55.5050568135
422 43.9787220785
423 64.8349333514
424 58.8647471898
425 53.3140790219
426 48.975795312
427 47.0395733269
428 50.9000588112
429 61.3207235543
430 42.1346849808
431 49.696996401
432 37.9656006047
433 51.6947016167
434 48.1403157433
435 66.2246452094
436 42.8171347918
437 61.4307287012
438 49.8861926176
439 46.3570833574
440 48.8840615822
441 52.9221943016
442 39.0047241124
443 50.1237705119
444 52.7811434575
445 46.3652045515
446 48.0258040146
447 49.6203772887
448 49.3559398358
449 52.8709053748
450 54.171946609
451 47.6864030535
452 58.1333500519
453 57.1909667748
454 11.1083072385
455 50.4360169194
456 46.8291519441
457 66.8133473621
458 45.1197932311
459 45.0754627523
460 45.0201507294
461 41.5110648435
462 56.771900772
463 48.3476621778
464 42.5584828618
465 56.5776792302
466 47.309526111
467 46.4575378738
468 49.5736177381
469 44.9908393779
470 48.8018465399
471 65.4447752671
472 53.8579238924
473 45.3541315161
474 46.6575283505
475 42.9497628288
476 53.1227031246
477 53.3112451382
478 45.1585441196
479 53.7256621299
480 40.0149643424
481 45.3653271847
482 46.738146122
483 57.8287846247
484 45.7461466987
485 37.5728913119
486 38.8717840419
487 50.0946639617
488 47.9104504514
489 49.2976462724
490 10.8106199507
491 47.5950294834
492 47.1441411168
493 49.0017476829
494 45.5116249025
495 54.6104448873
496 50.364622803
497 52.2630543355
498 57.2709512556
499 41.2610882398
500 48.1729568837
501 53.8655919565
502 47.803429942
503 46.8626300315
504 49.7595402045
505 63.3312323151
506 45.7595007871
507 48.7141253651
508 46.2486600046
509 47.3594352051
510 45.8839487374
511 49.0225313763
512 46.5555725027
513 45.3978972441
514 60.1637055109
515 51.1657286725
516 47.9553743726
517 46.5182156962
518 44.6054775484
519 56.4361927919
520 49.5855407432
521 49.8723298171
522 50.3204034429
523 49.0669997585
524 49.8883514516
525 47.4965495298
526 54.2176197433
527 52.6185342819
528 47.7160344167
529 52.5815881094
530 38.7466141692
531 48.8849021565
532 49.5062150794
533 56.6086465647
534 45.0534802164
535 42.7255580031
536 56.3138915862
537 48.4611748928
538 48.5889061476
539 54.0976888362
540 47.6825520079
541 44.8122922389
542 49.2587960627
543 51.7546114339
544 51.9861740609
545 52.7438407417
546 51.6174256955
547 52.655948822
548 59.763788995
549 55.4853864463
550 48.5429721171
551 50.3566975462
552 49.2210682443
553 48.9918036421
554 52.8206463141
555 40.2232580587
556 52.5817317217
557 52.6832575367
558 42.9035605425
559 49.4901660097
560 64.0897376624
561 56.3363193807
562 71.7435889841
563 44.8159815342
564 54.0448842104
565 48.240020606
566 49.6794433746
567 56.7895695871
568 51.3773746859
569 49.662817477
570 54.1616723809
571 55.1770738571
572 48.7714851059
573 50.2330725474
574 71.464093271
575 54.8538393217
576 62.5753982015
577 51.1505709984
578 48.702097987
579 49.2701968778
580 55.194782918
581 47.7175802521
582 52.2913283493
583 49.3906400752
584 47.993760818
585 55.0508675823
586 64.2618441267
587 87.1500537627
588 60.2511074559
589 60.5854711299
590 60.5868826117
591 51.7175872329
592 58.5547572154
593 53.2218382208
594 64.9150551913
595 57.4224800212
596 56.6101688544
597 63.6537351475
598 51.0445568228
599 65.8124992913
600 69.1688375367
601 59.041925851
602 52.4046989178
603 58.0627694006
604 57.1245982088
605 57.3506909067
606 42.7224477602
607 61.5217022168
608 63.6095526795
609 59.846075692
610 13.3268472515
611 58.3669601438
612 56.621492692
613 57.6912270618
614 52.3598122425
615 58.1133627869
616 55.5746932843
617 70.6587515543
618 57.8063241274
619 48.8129417393
620 57.5662079914
621 56.5418708655
622 62.3109081921
623 57.886085916
624 58.6707750659
625 58.7949154837
626 46.3255247267
627 50.0939570537
628 50.8491700634
629 58.327723352
630 58.2064864793
631 66.7729038866
632 64.1477004588
633 66.8647508552
634 58.70465302
635 50.5256390676
636 59.1222458042
637 73.5328358132
638 59.84258644
639 57.5792817028
640 53.7362521346
641 56.1082019068
642 61.2686191067
643 58.9356073644
644 56.630440407
645 62.3986852933
646 53.8238647503
647 55.6016908458
648 59.0092287644
649 58.9422692335
650 63.678410838
651 48.4565549002
652 44.8878432899
653 60.2406699198
654 47.3587212799
655 45.0675590642
656 55.4630939955
657 50.2633923754
658 51.4474469264
659 49.9078566279
660 51.4735928948
661 44.7660130313
662 50.0912771728
663 50.4462688129
664 46.1011322447
665 51.8177573787
666 58.6359321391
667 63.176914805
668 47.8087511658
669 50.4430294146
670 43.3190883658
671 47.7961746137
672 50.3118830575
673 45.64607972
674 40.1928351827
675 48.8227664189
676 47.6510845091
677 60.4792621253
678 49.3712671728
679 47.76587057
680 48.4665573384
681 46.1282282256
682 46.6294248838
683 47.687304393
684 13.5578215922
685 39.1671875773
686 48.9481166373
687 46.0283837511
688 43.7774922351
689 47.7726778747
690 54.8372091261
691 43.0195660492
692 48.6928945181
693 43.4957705533
694 47.2831034354
695 43.8807254127
696 49.4990772979
697 47.2939947405
698 60.5948403099
699 48.574742492
700 54.2861057398
701 42.7871171654
702 49.0954041841
703 49.5469188897
704 47.0787877231
705 43.8727287001
706 48.9711057285
707 49.5960647209
708 66.8736482105
709 58.1711423205
710 46.947759649
711 45.4062200112
712 47.3257313328
713 44.7323252948
714 54.0695888983
715 60.0772612468
716 41.5250541611
717 52.0039610002
718 55.1914607845
719 62.8813103074
720 52.3709790512
721 59.2711998956
722 50.3485641537
723 47.1517706268
724 53.7891299106
725 81.5500187347
726 51.3804860775
727 52.4413812217
728 56.3309131469
729 54.7584377633
730 63.6245004106
731 52.2887783444
732 49.2406444142
733 47.9520191349
734 50.8680151392
735 59.1744820161
736 55.2113435866
737 53.2285061727
738 58.9930254144
739 50.0864380914
740 59.2281958123
741 56.539650396
742 67.3261811129
743 51.4972490171
744 53.0616549526
745 52.3797738689
746 53.1110842582
747 51.1511572574
748 53.8888912131
749 57.0544981092
750 51.0726263463
751 59.7921203514
752 55.9303455581
753 53.2438326491
754 51.9164403622
755 42.5582529957
756 62.1134471735
757 57.1384068722
758 67.1225385693
759 55.9971024997
760 48.5744349503
761 60.4437221004
762 60.8982233322
763 52.3971901207
764 52.2856940161
765 55.5884470574
766 50.8923338349
767 58.142788477
768 69.2551889779
769 55.8705747036
770 51.3581983469
771 58.0470271245
772 49.1631948153
773 65.8930041104
774 50.6043502381
775 55.9140749954
776 48.3122537351
777 52.1823893392
778 55.6357578892
779 56.4155167018
780 48.265753125
781 54.2283445948
782 43.0391228669
783 54.0763066988
784 51.2977662718
785 48.4819436294
786 40.6274037677
787 42.9607840702
788 49.5736806848
789 47.0972766526
790 44.8779373275
791 47.1505542005
792 46.7344278285
793 40.0280818977
794 43.1052936924
795 51.6205367221
796 51.4166145101
797 46.3254483326
798 57.3418240001
799 60.4015726892
800 46.3991823943
801 47.0402230297
802 47.5998220278
803 46.7487841462
804 43.5224268812
805 50.2626994758
806 47.8036831716
807 44.6292142212
808 45.3120753782
809 44.330301593
810 43.0275902349
811 61.9162042025
812 63.4458465463
813 44.6979982938
814 47.7267545489
815 45.6626101429
816 50.8175009727
817 44.5615825802
818 52.2871386474
819 51.496656947
820 44.8302477795
821 52.8628425784
822 63.0324016914
823 45.7390652024
824 47.6754274068
825 57.4318340278
826 45.6113987254
827 45.6270360908
828 44.1776285227
829 48.2330054298
830 48.2586208291
831 48.2169498045
832 47.8864574929
833 47.04848475
834 46.8947170983
835 55.4351665649
836 45.1417075616
837 50.3882850816
838 48.7163923916
839 45.8659380588
840 45.8292064772
841 68.1484085843
842 47.0663287206
843 48.4750346923
844 45.9348267727
845 59.8136973806
846 51.4344321534
847 62.995984569
848 61.9354663346
849 72.1703703485
850 57.06557869
851 73.8780051348
852 63.9876642013
853 65.6484306326
854 57.6275989598
855 63.8789029192
856 62.1531622688
857 57.0683189647
858 57.8064873726
859 65.7324539697
860 60.3769369213
861 58.3142913426
862 57.3497426452
863 59.209639905
864 58.455078978
865 58.0807978547
866 62.4774672854
867 51.4430423877
868 72.0132197384
869 64.4190828994
870 53.5247307785
871 50.973484659
872 46.50583187
873 73.8653464676
874 57.6627288713
875 57.4975280872
876 63.4713927209
877 58.8861103747
878 60.2716237286
879 42.8492912167
880 51.8318382365
881 47.7902028034
882 65.4771174876
883 67.541529644
884 59.5166825474
885 58.0927915772
886 42.4092744398
887 58.4006602996
888 61.3913424843
889 60.86576237
890 57.3481834076
891 45.6921376665
892 53.3406833901
893 59.8327033598
894 66.3677239856
895 65.698488151
896 65.8225733103
897 58.3590524603
898 48.1726093538
899 58.1384095867
900 59.9282269844
901 63.6326814564
902 62.2233672799
903 52.1665439612
904 56.5173009376
905 63.4826800751
906 66.1447501946
907 62.3284746214
908 60.9290731512
909 61.8961492621
910 40.2092827554
911 55.4574007577
912 51.6447535494
913 46.3499340169
914 49.5736976999
915 42.1206824248
916 58.8435557644
917 48.5247493923
918 52.5807377681
919 70.6890666154
920 54.19354815
921 52.2600404879
922 51.5904098978
923 49.3108773952
924 61.7355658498
925 44.5672215359
926 51.7270309006
927 46.0197138674
928 47.1704312664
929 54.1148515346
930 49.4035921193
931 45.4103989033
932 53.9614026318
933 49.5206613846
934 49.2137943728
935 39.103440076
936 45.3635865731
937 40.3493029684
938 49.5799785675
939 45.9669124423
940 45.9803403074
941 49.7798449576
942 46.4528828846
943 46.1847202971
944 46.8732515377
945 65.5682802009
946 45.4708415987
947 46.1199821989
948 47.4980779717
949 47.6094176722
950 47.8481410238
951 55.2005586817
952 46.6187473448
953 49.5971595979
954 51.7062552426
955 50.7326751522
956 44.6206436205
957 60.8776488206
958 43.2983013738
959 47.7734457758
960 47.3541683259
961 48.4942293603
962 42.7136916161
963 50.9022814153
964 49.582722407
965 45.2015378243
966 40.9954235674
967 49.2430734462
968 49.9255509446
969 46.961904097
970 54.4971046007
971 47.9949983929
972 45.3908247506
973 47.3075053424
974 55.2508084234
975 46.6946916361
976 49.6224656847
977 67.8789448402
978 49.105480183
979 46.4017906223
980 48.1901471434
981 49.489297009
982 47.1300329412
983 43.3997524743
984 46.5441268324
985 50.4250674481
986 43.909000712
987 49.5502706789
988 49.4047565431
989 48.7905646799
990 64.6311372794
991 55.2267075332
992 50.650049422
993 61.0415079164
994 45.7906509045
995 49.9446459284
996 56.0779410243
997 46.4069701969
998 41.2638889348
999 46.4666693853
1000 60.1441379976
1001 50.8815519222
1002 54.4846829625
1003 53.6535896606
1004 48.0914151308
1005 51.5598270874
1006 48.8189985578
1007 55.3576696543
1008 53.7939428527
1009 45.756449505
1010 59.360260882
1011 40.5289330138
1012 50.5624781503
1013 52.8699093657
1014 52.9209322176
1015 61.0527127226
1016 49.3714627115
1017 64.6580092943
1018 46.9214566112
1019 44.4667417737
1020 48.5288190887
1021 44.6915480798
1022 52.821219096
1023 47.0703464195
1024 48.1664383953
1025 52.9267466589
1026 55.6732383468
1027 51.92280655
1028 50.5567942363
1029 48.3807393785
1030 57.4374240223
1031 55.9129720911
1032 50.6291363782
1033 48.4171680847
1034 48.2206758527
1035 51.5514176984
1036 48.1348915447
1037 47.4954775102
1038 51.0990161867
1039 46.4241650028
1040 54.2983079556
1041 47.8265670787
1042 69.527161776
1043 47.7311289401
1044 44.0375125361
1045 44.4948475162
1046 43.7484407295
1047 56.2952021697
1048 44.2835907394
1049 51.3137380345
1050 56.5783405672
1051 54.3416550332
1052 48.7049666333
1053 42.371583937
1054 49.5290395118
1055 45.6452136593
1056 60.1574884519
1057 44.3786895355
1058 44.4006369223
1059 47.4332918646
1060 43.0468830336
1061 65.4868356056
1062 64.7457104579
1063 54.1619137613
1064 42.5948549133
1065 43.2825994143
1066 43.2226219169
1067 49.7484522441
1068 47.7148586679
1069 52.135523118
1070 49.7641967688
1071 44.8141748289
1072 51.0970167039
1073 56.7468923699
1074 47.3588199556
1075 21.8920597963
1076 40.2307480991
1077 48.2698893559
1078 46.1252132188
1079 51.3417959191
1080 43.8873648535
1081 48.2072825248
1082 45.5189685866
1083 49.7721064061
1084 47.0452932728
1085 50.4420786225
1086 48.0429685958
1087 59.5595489268
1088 49.2083824195
1089 54.6837470132
1090 45.5537414084
1091 43.0094538956
1092 47.4059585249
1093 55.7770475066
1094 48.0715902025
1095 47.6430411785
1096 51.6436951364
1097 57.1839056932
1098 46.4554669399
1099 46.8138372187
1100 39.2730321409
1101 51.6389297289
1102 48.5739212247
1103 47.755364225
1104 53.4542154701
1105 48.7627047582
1106 56.7744260306
1107 48.9373929364
1108 57.1268636346
1109 48.0185161805
1110 44.7303843619
1111 50.3194511407
1112 53.8479691101
1113 53.7218579383
1114 46.5454832591
1115 59.6041467499
1116 52.3266348502
1117 66.3997097448
1118 53.3624201374
1119 47.6117379175
1120 52.3164501311
1121 66.8629698382
1122 51.9395505827
1123 58.5415988262
1124 50.2147409618
1125 43.4184285118
1126 45.9325778932
1127 63.8536587865
1128 49.9678808754
1129 57.9805504773
1130 52.6950809807
1131 47.9955048419
1132 42.3780197445
1133 55.4896745358
1134 59.2874695141
1135 46.7850844075
1136 47.7856539228
1137 51.439139158
1138 49.4044717995
1139 54.0007538162
1140 61.4883384892
1141 46.8933057539
1142 51.5761713062
1143 49.0163196881
1144 66.2592847312
1145 60.8916535576
1146 48.1679414119
1147 47.2611200117
1148 60.6942217113
1149 52.0382970733
1150 58.9128751481
1151 46.1915389006
1152 47.6995951264
1153 46.1600648904
1154 48.9176120366
1155 46.3525261749
1156 47.0266321169
1157 53.9423999665
1158 52.5234265041
1159 45.0597679747
1160 47.5914701189
1161 50.1267243686
1162 50.7717627403
1163 54.1068968394
1164 46.8614196471
1165 49.8080746045
1166 47.2627481737
1167 45.1930732004
1168 49.4815489563
1169 48.8868497992
1170 46.6434430086
1171 47.1068574418
1172 48.6342397275
1173 62.1060072396
1174 55.680140815
1175 48.0196657937
1176 49.20201552
1177 51.4768833401
1178 51.6925362607
1179 48.0523780683
1180 49.6267319684
1181 53.2444152496
1182 53.7803455566
1183 48.2440317302
1184 45.0059718514
1185 41.8905517455
1186 43.6593483622
1187 49.7309560008
1188 48.4402031732
1189 45.7110123759
1190 50.297879847
1191 42.9375191415
1192 48.7032036471
1193 61.3669562925
1194 50.9060542336
1195 52.1314175842
1196 45.6314794433
1197 53.1821284547
1198 49.6028769127
1199 50.5408876798
1200 51.8455276739
1201 43.3709718179
1202 49.5170412626
1203 47.2676638547
1204 47.7818412191
1205 40.4215830571
1206 49.2838710808
1207 70.299412527
1208 55.4386405534
1209 53.1626807196
1210 51.6727283185
1211 48.6587501024
1212 51.659753782
1213 48.5018822
1214 57.1509790836
1215 48.0521417539
1216 49.9334305525
1217 44.4905661536
1218 56.9810934756
1219 48.9914147291
1220 48.8581160791
1221 51.6312275359
1222 64.3531238457
1223 49.030406354
1224 50.4040396918
1225 53.2960920249
1226 41.0044862285
1227 57.5892073806
1228 49.1246827165
1229 46.6105064623
1230 53.8289744285
1231 43.9717679183
1232 50.7404065802
1233 55.7164477928
1234 54.6155377213
1235 49.6367171269
1236 53.956768129
1237 41.8500077194
1238 57.7653232999
1239 50.9130700737
1240 52.0485124657
1241 46.0706302319
1242 52.013289963
1243 43.005252744
1244 52.46267362
1245 54.1268629957
1246 53.9140615093
1247 51.8421543616
1248 49.9471649061
1249 50.2456501902
1250 53.38150345
1251 53.3926684384
1252 53.0338953996
1253 53.4167474455
1254 56.6374943093
1255 52.4427225976
1256 57.1379079016
1257 52.3274323859
1258 50.9917032809
1259 46.5372592654
1260 57.9194752689
1261 50.288512238
1262 53.5986096177
1263 50.3748721647
1264 55.3094728046
1265 72.7855328206
1266 52.0318922277
1267 46.4764615326
1268 57.8501123499
1269 50.9721850765
1270 62.8278433062
1271 51.8767427583
1272 55.1680184916
1273 45.3605865404
1274 51.0777624759
1275 55.9530926491
1276 51.5753651456
1277 48.8689816934
1278 68.0485589332
1279 53.8024319282
1280 69.1118297765
1281 57.1045847207
1282 67.0730731284
1283 50.3744660692
1284 66.7588262539
1285 54.6187785955
1286 52.6596254005
1287 51.8201265517
1288 50.9191538576
1289 51.0531113409
1290 52.3330375661
1291 45.2713889688
1292 77.1207816718
1293 55.8683974282
1294 53.7680753698
1295 55.074168624
1296 49.923308404
1297 59.0766443079
1298 39.7322775985
1299 54.313653075
1300 53.7012065103
1301 50.5929123049
1302 51.0139836175
1303 67.3512100473
1304 53.8909089168
1305 58.0182257695
1306 58.2649097487
1307 54.0893486618
1308 50.3836837564
1309 53.4870796139
1310 58.9438708211
1311 48.9597704321
1312 57.3077352799
1313 54.5527311904
1314 51.1476090733
1315 50.7363958906
1316 48.0520772102
1317 50.1586718387
1318 49.2728961031
1319 49.0865270486
1320 52.7366326533
1321 51.5800980193
1322 49.5368727607
1323 54.6767844675
1324 53.7263455219
1325 53.6178975224
1326 77.297856371
1327 47.9642419912
1328 47.6519447085
1329 56.8287107025
1330 56.1464770546
1331 57.2485167876
1332 53.9705706618
1333 53.5152206766
1334 62.940355936
1335 63.5239445795
1336 67.1492231363
1337 56.6245422609
1338 50.4664505853
1339 58.8338380209
1340 46.3711859029
1341 52.6942133447
1342 55.8977152963
1343 52.8679650424
1344 48.390590051
1345 54.4316595019
1346 48.7104749174
1347 52.8305023232
1348 51.626364102
1349 59.6134761954
1350 59.5808910417
1351 52.3578222415
1352 49.895875615
1353 51.0240755414
1354 50.622660868
1355 49.3648553939
1356 72.9233826482
1357 49.6439531683
1358 55.988187611
1359 50.4152610084
1360 45.5831571105
1361 67.3759037252
1362 38.8296880242
1363 58.5014764492
1364 39.3800368694
1365 50.5518623471
1366 50.55370253
1367 47.3657238365
1368 76.817022358
1369 50.5441561313
1370 51.9827071157
1371 47.3356886563
1372 62.8312151189
1373 53.4901335325
1374 49.6446738447
1375 51.1891950351
1376 57.0509657379
1377 54.9544304927
1378 60.4867449681
1379 52.7246199635
1380 50.3532299379
1381 59.7594190158
1382 48.2435880592
1383 51.1362427452
1384 66.7018404714
1385 51.0853564713
1386 52.994457386
1387 52.2554717545
1388 59.3510189077
1389 43.9027288734
1390 53.864115178
1391 64.4455327439
1392 41.0126207333
1393 45.1854272997
1394 42.0137164252
1395 49.4616828109
1396 53.1627989728
1397 46.3444967328
1398 47.3710250483
1399 53.1082241651
1400 54.4445706384
1401 52.623261001
1402 51.5292651878
1403 43.6218020602
1404 52.3341384988
1405 53.9751227043
1406 49.728323735
1407 51.5248116997
1408 44.5669327651
1409 51.5325341572
1410 50.9049747847
1411 61.2350925961
1412 53.4395477265
1413 54.2024767574
1414 60.151766914
1415 48.591957284
1416 51.3399222466
1417 49.4223627432
1418 53.8180524513
1419 56.147239338
1420 52.1107762744
1421 51.744861803
1422 43.9651559313
1423 52.5611137061
1424 60.5517586989
1425 49.8168143031
1426 49.1816204052
1427 50.485422375
1428 55.5863875601
1429 74.9817530138
1430 56.0343206412
1431 41.8162678602
1432 57.9054926678
1433 50.3903236284
1434 52.1591381893
1435 49.6885628174
1436 53.7596867732
1437 50.6794527574
1438 49.5341455291
1439 51.0242526758
1440 51.6713500306
1441 45.6705812763
1442 53.5199632044
1443 51.0350335265
1444 50.3191206819
1445 42.5335751678
1446 52.2502555869
1447 50.6473982992
1448 52.2592880439
1449 55.1653898322
1450 51.6327014331
1451 65.5868296284
1452 47.8449846313
1453 75.0786797083
1454 51.7264974015
1455 55.6703011155
1456 52.2641277545
1457 51.7922808547
1458 53.802798923
1459 50.8935418626
1460 51.7631143719
1461 49.5261531686
1462 53.452816017
1463 81.683943359
1464 49.3327266477
1465 52.1470504452
1466 58.2351371287
1467 50.8282224664
1468 57.7085617658
1469 40.6022846141
1470 49.9599554446
1471 58.8707829969
1472 54.0622036194
1473 66.0056416076
1474 52.8847664134
1475 78.48362453
1476 51.8915331908
1477 52.0141871124
1478 46.3762765914
1479 50.2481667368
1480 54.2232004534
1481 45.0459258831
1482 55.134432106
1483 62.1489226636
1484 50.6961251732
1485 49.528256443
1486 50.6935058983
1487 50.8137765533
1488 51.8849363102
1489 43.0200084597
1490 42.1821210917
1491 50.9388680152
1492 60.7675061742
1493 56.7376250732
1494 63.2924097496
1495 43.3943089121
1496 60.0285545222
1497 42.4847367129
1498 53.9418343279
1499 52.4487084592
1500 56.379523717
1501 55.2316993548
1502 50.8014616874
1503 53.6528809633
1504 54.0206397417
1505 51.7522581209
1506 40.4978821997
1507 75.1280115831
1508 60.4410325207
1509 50.9014769983
1510 53.1207072536
1511 52.357127325
1512 46.5368992496
1513 55.7021423441
1514 53.3431282342
1515 62.7404092353
1516 62.8405614744
1517 56.9885361213
1518 24.4766197887
1519 47.5300516434
1520 46.6654663543
1521 63.0703101215
1522 53.1521231319
1523 52.1785580804
1524 54.0014375864
1525 55.0874269402
1526 54.9594668556
1527 53.7737018516
1528 55.3350069624
1529 38.9782681597
1530 61.9183314188
1531 50.4175403798
1532 55.381702075
1533 42.6679259516
1534 52.8559237826
1535 43.8397384502
1536 55.0487159341
1537 57.9080236587
1538 53.3227078178
1539 54.1051904067
1540 49.7854833297
1541 57.999471926
1542 43.2767663516
1543 46.7803571154
1544 53.883955975
1545 58.3998568188
1546 51.9733298832
1547 54.258257764
1548 56.031139529
1549 51.7193647498
1550 51.9700326746
1551 51.6953421654
1552 49.4152227575
1553 52.4569991926
1554 65.7008730253
1555 56.5607105861
1556 61.8148441724
1557 42.8955187189
1558 59.9802399656
1559 54.0363113097
1560 49.0564397472
1561 62.4614305103
1562 56.8833692697
1563 58.2774655069
1564 50.9467914695
1565 60.4575132055
1566 54.7064361011
1567 61.5775742816
1568 57.9678946391
1569 53.9864007807
1570 56.140626229
1571 49.3292312296
1572 46.9697798476
1573 54.0685055823
1574 44.4555023301
1575 54.0651735488
1576 53.7430728106
1577 56.444948088
1578 54.0918610702
1579 56.8742606274
1580 52.7015496161
1581 56.9512083817
1582 53.4097074032
1583 53.7797843213
1584 46.2502127015
1585 57.6261355895
1586 55.9676132839
1587 55.1527373534
1588 55.9457517888
1589 48.5029277637
1590 57.2553500889
1591 53.6982116385
1592 52.3616285272
1593 78.5056287376
1594 54.8326554679
1595 54.7419930033
1596 54.1054171165
1597 61.8120789042
1598 55.7116777843
1599 62.3808240771
1600 51.6459565417
1601 53.7569690366
1602 62.7369541919
1603 54.1185630262
1604 37.4707461022
1605 54.123785339
1606 56.9307588126
1607 60.3274335164
1608 55.9780519897
1609 53.2148217598
1610 77.3558089067
1611 59.6619914271
1612 55.3701657248
1613 51.6264423585
1614 58.9782663719
1615 45.6648107444
1616 55.2262976494
1617 54.3219063414
1618 75.942734832
1619 71.3847976703
1620 69.0706708514
1621 61.1675100277
1622 60.3638586224
1623 55.305201655
1624 63.561604441
1625 63.1987698697
1626 74.5461612574
1627 61.9627978714
1628 48.6125515332
1629 51.8830403669
1630 62.0365738865
1631 75.0320811754
1632 56.9365467253
1633 57.2592846775
1634 56.9503516889
1635 62.0981017664
1636 60.7532986954
1637 79.3298155703
1638 70.3621997001
1639 73.3111395599
1640 74.6118501693
1641 65.4143918176
1642 78.5697015759
1643 58.9953501736
1644 62.2466767111
1645 67.8282411908
1646 66.6948262528
1647 70.6244597498
1648 82.6403212383
1649 67.569767388
1650 63.5316460788
1651 72.6402465723
1652 65.199202324
1653 61.5034656598
1654 76.5361684967
1655 61.7558264998
1656 66.2260699746
1657 76.3355214098
1658 71.4357103327
1659 64.5999932734
1660 56.6698160653
1661 58.9251927857
1662 46.2776836172
1663 64.3516473691
1664 60.9352240779
1665 68.0262679153
1666 66.8014391299
1667 59.129450816
1668 67.4092297155
1669 72.0658968651
1670 62.6276249316
1671 59.6476039823
1672 79.8273401883
1673 71.8951069497
1674 62.8072757873
1675 78.2534554491
1676 62.2813881869
1677 72.7465589527
1678 80.8180226038
1679 43.309107159
1680 55.2180910447
1681 60.1643533665
1682 61.4873585025
1683 61.3132310514
1684 49.0528576748
1685 64.2247899189
1686 56.496668755
1687 58.7965481321
1688 53.5148167609
1689 49.7393215363
1690 59.630933027
1691 58.2396484746
1692 55.9084935258
1693 56.1814052804
1694 62.7347008379
1695 61.8421320213
1696 64.0320568276
1697 58.0757365992
1698 58.4588353449
1699 59.4193982664
1700 71.2660143362
1701 62.5736382396
1702 49.4383982852
1703 62.48853548
1704 56.7926864741
1705 60.5520889675
1706 60.3234730942
1707 64.534404481
1708 56.2055578538
1709 69.1823525401
1710 68.4590342845
1711 60.071683064
1712 57.3133497849
1713 57.7589555046
1714 58.7181874732
1715 45.924045491
1716 59.7520671531
1717 59.070877557
1718 60.7425205758
1719 63.9659513498
1720 59.1882306503
1721 30.3930524268
1722 57.6487530767
1723 62.1028492635
1724 76.7914127825
1725 63.9027810257
1726 64.6339004764
1727 60.4468745127
1728 59.4758237417
1729 56.8521641284
1730 60.9482975636
1731 50.2158017163
1732 49.4571803798
1733 65.2184451077
1734 48.977447515
1735 53.4655849039
1736 51.3681313711
1737 59.5211006943
1738 60.1707555482
1739 55.6387563774
1740 63.8916689373
1741 55.6680029879
1742 55.5395566855
1743 60.9981128042
1744 43.5060234226
1745 53.3861325671
1746 47.6443440982
1747 47.3560652226
1748 44.1281007611
1749 49.8794423239
1750 54.0382842468
1751 59.7101169223
1752 42.50904657
1753 46.1266780403
1754 44.0417974181
1755 55.8182766035
1756 46.2373212403
1757 49.9539003196
1758 50.2032949997
1759 53.2047549189
1760 44.1873137988
1761 46.7436965978
1762 45.2892822677
1763 45.2435720956
1764 45.0764175361
1765 58.5965288674
1766 39.8019732941
1767 46.1988237901
1768 42.5482261091
1769 47.7922442282
1770 50.3222971248
1771 68.3704677202
1772 46.725775407
1773 45.4024943473
1774 47.0489531261
1775 54.1622393949
1776 46.2470954562
1777 40.4665355297
1778 46.0593300886
1779 44.9881340746
1780 48.2590436642
1781 49.2894825789
1782 50.6695882678
1783 57.622812308
1784 45.6506884466
1785 55.4566484453
1786 45.3928184389
1787 57.3962640054
1788 47.8580005678
1789 53.4573364633
1790 45.8049292795
1791 55.3858902978
1792 47.9070146051
1793 45.2851761006
1794 52.4322238879
1795 52.5979076494
1796 51.6525940759
1797 47.244559309
1798 48.6686466755
1799 47.0484470673
1800 45.0586175407
1801 46.3165881063
1802 44.7168767855
1803 49.3583484566
1804 39.7395291041
1805 46.2779482107
1806 48.2762850393
1807 39.0788502784
1808 58.4853613924
1809 49.6874731316
1810 59.8190060082
1811 57.9272687203
1812 51.734471163
1813 62.0309009639
1814 66.1270092654
1815 51.8212475618
1816 51.9645833338
1817 53.3904509902
1818 49.6993963198
1819 61.1416550829
1820 60.9414107565
1821 51.5364884103
1822 50.8380235216
1823 59.1208174834
1824 52.5753407128
1825 45.0813886799
1826 52.7592279085
1827 53.1214387366
1828 51.5906955266
1829 50.4382122328
1830 61.3378449412
1831 50.7119526093
1832 58.1904305691
1833 49.5908283017
1834 53.3254215248
1835 50.8149651299
1836 52.5421622663
1837 37.5052859199
1838 53.492431161
1839 54.7401402019
1840 55.6845585953
1841 78.7720039634
1842 46.2019363223
1843 52.3006287016
1844 52.7712232127
1845 51.214179886
1846 50.1662603485
1847 52.7661168714
1848 43.3863828331
1849 52.9724491456
1850 50.2984334093
1851 50.9959864517
1852 56.7379908054
1853 55.7069888864
1854 48.2073521049
1855 51.8664215048
1856 55.0865840623
1857 77.0099612965
1858 56.8965268439
1859 50.314326887
1860 48.8366437375
1861 51.2199601299
1862 51.6169761505
1863 50.8952493874
1864 54.0440304173
1865 53.7870292109
1866 52.1959353812
1867 61.4262725705
1868 52.5582873987
1869 51.8441372656
1870 54.7990748299
1871 52.9943941057
1872 57.2459690657
1873 57.0959662622
1874 52.486984909
1875 55.2733772117
1876 55.9295659458
1877 56.7804064356
1878 59.2373356479
1879 54.5635673883
1880 49.8607027526
1881 55.1398748783
1882 53.2371851261
1883 55.8230249915
1884 66.2396451172
1885 61.5373971677
1886 61.9973583986
1887 57.1705998246
1888 47.5821928251
1889 55.4191785061
1890 57.1982663876
1891 53.1890329872
1892 52.701566385
1893 66.3473754942
1894 53.1800359918
1895 60.1566048445
1896 58.1586817105
1897 67.7140660426
1898 51.5102278203
1899 65.543914188
1900 53.6518824767
1901 66.0311212446
1902 64.3727093133
1903 56.7387187185
1904 46.9851542996
1905 51.0150374376
1906 74.2959681205
1907 56.1242853177
1908 59.1326795402
1909 64.8263817333
1910 48.6070286871
1911 56.3233312724
1912 59.3796239622
1913 51.6320052824
1914 51.4427799417
1915 71.8158866447
1916 66.4853945303
1917 52.3992085916
1918 62.98924133
1919 65.5103773987
1920 53.123983222
1921 53.3370973536
1922 54.9301808347
1923 56.6553760774
1924 51.4414755385
1925 48.4571574016
1926 58.880960541
1927 56.0678767711
1928 54.2711649587
1929 56.266280185
1930 55.2837722613
1931 56.079256703
1932 54.2464579488
1933 60.3237425167
1934 56.8270301347
1935 46.7421727991
1936 52.4178550455
1937 67.280476991
1938 51.8840489279
1939 66.2360563373
1940 53.5621946507
1941 51.7007684945
1942 47.2360790962
1943 23.4528320636
1944 48.8830183337
1945 52.3960269205
1946 54.2860309099
1947 47.2749338486
1948 49.0492749064
1949 45.3384264331
1950 49.7038675939
1951 51.8174128957
1952 51.377850983
1953 45.8470727413
1954 49.255532731
1955 67.4881733924
1956 45.2351724489
1957 50.5496620622
1958 49.6125332811
1959 58.1318473307
1960 51.6694983036
1961 44.3277036568
1962 49.734449644
1963 44.9833290066
1964 47.7971025664
1965 51.6972601479
1966 48.4199712547
1967 52.5477539393
1968 51.7016378311
1969 50.0876940102
1970 58.0320057531
1971 52.1638755216
1972 46.946869276
1973 55.4322251075
1974 42.4676048391
1975 57.5654534235
1976 53.0320512884
1977 49.9922971449
1978 43.054076327
1979 50.9534113461
1980 54.3707413399
1981 54.0973504082
1982 45.1950475423
1983 48.670334217
1984 51.4672190591
1985 62.6026568694
1986 50.5502787286
1987 51.1709818981
1988 58.7429840178
1989 51.2609946066
1990 49.4674247418
1991 51.3944176625
1992 50.1678826377
1993 74.3963342455
1994 43.1260816144
1995 52.7000196561
1996 47.3320359804
1997 47.113206719
1998 51.2036773622
1999 44.6278834852
2000 50.5159803607
2001 51.9094868532
2002 47.948710071
2003 58.6922178421
2004 56.1306831473
2005 52.6038351091
2006 54.2935733872
2007 37.5159967817
2008 52.0489919366
2009 49.2542984178
2010 60.1386560794
2011 54.4276896551
2012 51.7984377125
2013 53.3893306858
2014 48.8876210288
2015 56.4645775411
2016 56.3487515256
2017 56.2653895939
2018 63.7023346346
2019 51.0040179411
2020 52.8554844686
2021 56.1476051665
2022 54.0762361624
2023 59.3171899552
2024 56.5097697039
2025 53.2364455502
2026 62.3759682976
2027 47.9336300123
2028 45.2956517363
2029 52.9835991262
2030 41.6194273035
2031 63.7946238825
2032 29.402380454
2033 56.3889682618
2034 47.0966013456
2035 49.8788859134
2036 58.6385164853
2037 56.1595338812
2038 53.0975386456
2039 59.9685534755
2040 57.0612836103
2041 55.4858393039
2042 56.8076051856
2043 49.7335479532
2044 52.3033689891
2045 52.4945897294
2046 52.6195787825
2047 62.1629950821
2048 59.6906334292
2049 47.3585818174
2050 55.9721903585
2051 51.2243087644
2052 53.1296397
2053 44.900735727
2054 56.8715789293
2055 60.5095932346
2056 51.4482949984
2057 52.2112327005
2058 56.2207637982
2059 59.3508816676
2060 52.4527730515
2061 52.2925390989
2062 53.1825266723
2063 70.376685936
2064 46.6961480324
2065 70.2987323265
2066 46.5273409443
2067 44.1867271309
2068 52.9344387923
2069 59.9022436362
2070 47.0808249583
2071 42.7674525538
2072 52.9669035549
2073 60.9849583046
2074 55.7683519173
2075 52.0655165089
2076 51.2614400205
2077 50.4116527897
2078 48.4541715734
2079 50.9735750605
2080 50.7851186926
2081 65.6156830651
2082 50.8979907232
2083 50.4824683676
2084 49.1609099858
2085 51.4947688164
2086 55.7487547925
2087 41.9328106775
2088 47.9668027186
2089 49.1696257457
2090 58.3407132755
2091 52.1416259863
2092 51.9721496839
2093 44.8558709907
2094 62.1368541807
2095 47.2335113343
2096 56.4688883793
2097 46.2444141655
2098 53.7924102158
2099 54.254516354
2100 63.6398753405
2101 56.8807595234
2102 51.905577405
2103 52.5247916006
2104 54.2238519977
2105 54.535808192
2106 50.2281349103
2107 50.2563060315
2108 53.2458390107
2109 56.2732631779
2110 47.6444840894
2111 50.1511190127
2112 53.7510434196
2113 50.0089534505
2114 48.4098788943
2115 54.5145230504
2116 48.5614081266
2117 54.6295749453
2118 48.9341377776
2119 61.362491076
2120 51.3446440447
2121 53.708220504
2122 52.9503275097
2123 47.765212698
2124 48.2855630094
2125 53.8728892834
2126 48.2079766644
2127 26.6224074963
2128 56.844630433
2129 41.5250750732
2130 53.7748136949
2131 47.8577658667
2132 45.3946088116
2133 52.9714720576
2134 42.455035855
2135 48.5222519312
2136 48.2846060088
2137 48.1649003562
2138 39.3300564428
2139 41.4174958176
2140 52.5432069239
2141 54.00725377
2142 48.8832598007
2143 55.0622641586
2144 46.6457583257
2145 46.9584747786
2146 42.950100784
2147 63.0285954152
2148 59.6223826002
2149 47.6708708415
2150 51.5156288692
2151 39.7534611265
2152 46.1072555241
2153 49.8101585873
2154 48.1010827186
2155 60.9844191677
2156 59.7130291482
2157 50.4993100731
2158 51.1400606441
2159 53.677159569
2160 50.0812097975
2161 51.4039411867
2162 48.4536899992
2163 49.036431826
2164 51.5852127799
2165 57.3661676699
2166 55.4924902441
2167 50.2001340005
2168 60.532703477
2169 44.4283214699
2170 47.4224636617
2171 51.0209338423
2172 52.2757481214
2173 50.9259630368
2174 43.5189156462
2175 48.3597012521
2176 64.0614815362
2177 67.2281460684
2178 38.4459549643
2179 43.6227723944
2180 47.5973490224
2181 45.8510267869
2182 63.5936662868
2183 52.6754882203
2184 55.0208279913
2185 55.0202867852
2186 53.0432561203
2187 47.0870875433
2188 39.7645561133
2189 52.0558397622
2190 55.2736275055
2191 57.7384729899
2192 53.6321005545
2193 46.362740836
2194 49.6627806561
2195 42.4826952875
2196 52.4433606668
2197 49.1684346321
2198 64.917955946
2199 53.3394959901
2200 68.8712232591
2201 60.9258393505
2202 59.6937024178
2203 57.6692534584
2204 66.5214752989
2205 55.8978565254
2206 62.7782187385
2207 58.208809636
2208 56.3945817198
2209 72.6976210532
2210 68.9484207514
2211 65.0795228994
2212 52.3591065597
2213 61.3385401478
2214 61.1930992874
2215 58.4794660785
2216 58.1109142586
2217 65.0669795619
2218 54.2495605366
2219 55.7320351428
2220 63.3058976174
2221 56.6721719726
2222 57.7684489919
2223 38.2940765238
2224 59.0714187425
2225 56.3257149835
2226 53.1690872537
2227 59.0689782862
2228 57.1061633532
2229 56.4138303731
2230 68.4281826765
2231 54.8757105735
2232 60.4983087531
2233 63.9981119688
2234 62.6368970812
2235 53.9614440368
2236 61.2730472625
2237 57.6459538182
2238 56.3053913526
2239 59.1408637338
2240 50.9237717315
2241 57.6907493226
2242 57.6015611041
2243 68.6470428971
2244 55.6264657962
2245 57.3374207447
2246 55.6900127314
2247 54.6229765665
2248 73.5611862904
2249 55.9280701227
2250 60.3261220112
2251 58.4962032808
2252 61.8193712875
2253 53.9937169979
2254 61.2217498188
2255 56.1577029052
2256 56.2399977556
2257 64.834878388
2258 70.4240964834
2259 47.6145753936
2260 56.8063437241
2261 75.4741199034
2262 58.8959363491
2263 66.4838763165
2264 52.8374572043
2265 45.7427703026
2266 64.5142537359
2267 50.7597346256
2268 52.1722608145
2269 51.0434460297
2270 49.6948448756
2271 50.7187871862
2272 50.8479854423
2273 50.8901977804
2274 53.9709135633
2275 53.6643502396
2276 45.3496021462
2277 49.718107856
2278 62.5494670996
2279 51.9690072454
2280 45.4597996236
2281 47.2425060178
2282 66.4450341583
2283 56.5252987897
2284 51.203263868
2285 56.8454100638
2286 53.9364723725
2287 52.7459204674
2288 57.4425754384
2289 65.5897229639
2290 55.0080845589
2291 52.4849351244
2292 51.0819165704
2293 42.8571626629
2294 50.1781237807
2295 52.3156736951
2296 52.1156269579
2297 54.4857459239
2298 48.4860296212
2299 45.1787801027
2300 61.1969141169
2301 55.8117078132
2302 50.2220937259
2303 56.5231698584
2304 70.8280614205
2305 55.2642985035
2306 50.2915823378
2307 57.5379869478
2308 50.7048576388
2309 55.355542661
2310 53.3639243764
2311 50.7902509557
2312 44.827397229
2313 49.6599548662
2314 54.4092670046
2315 51.0757353644
2316 45.2047283931
2317 57.5419498182
2318 53.7112156564
2319 52.7298801933
2320 50.380744758
2321 56.5658729804
2322 54.0460282534
2323 51.2029086467
2324 53.0192463025
2325 47.8096932954
2326 50.5231727724
2327 55.8352012844
2328 64.3839792785
2329 47.0844445561
2330 41.0241100434
2331 52.8304173544
2332 51.3087723898
2333 52.5987972547
2334 45.4027635215
2335 56.0094607681
2336 46.1192002988
2337 56.2021323066
2338 53.7312167683
2339 53.4601318178
2340 45.621948194
2341 47.7791484284
2342 46.007837727
2343 45.3712840553
2344 56.9838751077
2345 42.346268213
2346 45.0419484519
2347 44.8277115063
2348 49.065771987
2349 45.8717390058
2350 45.7753960064
2351 52.1703150006
2352 46.6170625318
2353 51.3833799918
2354 46.2041373436
2355 50.7846378938
2356 42.9311557939
2357 49.8855578017
2358 61.9074554646
2359 56.3605801746
2360 48.6643576242
2361 46.1899313986
2362 56.1929072195
2363 44.7642347928
2364 48.2867975343
2365 51.9021156941
2366 43.4841799292
2367 45.4243925726
2368 58.7764077756
2369 44.9444503883
2370 42.6813523617
2371 46.1931692574
2372 46.5538232918
2373 42.2926588091
2374 53.278819182
2375 57.6268155801
2376 58.8694278382
2377 47.101941154
2378 48.0538619868
2379 46.5868844535
2380 52.2044312995
2381 49.8649022322
2382 45.2811675996
2383 51.8122090981
2384 68.3805284683
2385 49.6390607351
2386 48.3330597558
2387 52.2069056216
2388 46.2857220874
