u s
60 26.3261345717
120 38.8544937327
180 35.594365331
240 24.58812167
300 40.1396772916
360 41.7146175635
420 42.183521129
480 42.1161915463
540 48.033816809
600 67.3806920709
660 46.7608621161
720 24.7934537289
780 38.812494373
840 28.5107902704
900 43.9007535478
960 40.3995992207
1020 35.8779143887
1080 39.9993779586
1140 41.4719283518
1200 50.056682146
1260 33.3510477622
1320 38.7014451916
1380 28.1193669317
1440 38.0834134501
1500 32.1399329029
1560 55.9812372502
1620 37.1809901284
1680 50.5003685143
1740 66.0594778218
1800 26.3210665643
