u s
1 58.5417386989
2 68.7193206487
3 56.8188127042
4 65.545530627
5 63.21408765
6 48.6445574133
7 54.9592153975
8 56.0793975052
9 71.634031659
10 64.9257592577
11 50.9312657408
12 71.6324472321
13 72.6100412198
14 61.0431812206
15 77.662619451
16 61.0741480522
17 55.8367766008
18 59.9801194775
19 167.83662476
20 59.4379703579
21 63.4353778816
22 59.9426590489
23 78.4985591506
24 64.3055379289
25 67.9082579291
26 70.5022770252
27 68.6925086797
28 51.1284857448
29 56.2867310133
30 70.9137319673
31 67.1014495224
32 79.1588868337
33 63.9005460867
34 72.7441040195
35 52.9756662622
36 70.3149236305
37 74.6693931942
38 63.3627338701
39 48.4575429299
40 52.2291672019
41 66.4153682678
42 63.1316721032
43 63.6252079561
44 64.6041864063
45 76.5904570331
46 67.7070437255
47 62.845740207
48 52.6842980231
49 53.8163982823
50 62.2832383844
51 57.0467700527
52 66.7228345324
53 69.1505323355
54 66.1455317044
55 159.133538653
56 73.3170320346
57 82.0692310797
58 69.6775445098
59 64.3557245167
60 65.5356642865
61 68.9404727986
62 79.1277335928
63 65.3625453816
64 69.4426077124
65 83.8265228725
66 43.4392253065
67 55.8579056885
68 59.3242918992
69 34.1428394879
70 52.0811814217
71 49.2174002753
72 52.9214199431
73 50.4099324785
74 66.7600364099
75 59.9564227996
76 56.2475999711
77 55.8440653456
78 52.5455584813
79 55.7507320955
80 62.8300333418
81 50.9326725817
82 57.7197321386
83 44.62081362
84 57.0245689613
85 50.8509600923
86 55.8732213788
87 54.1660393759
88 43.3013070597
89 64.1879608347
90 48.9089067205
91 57.2759628801
92 53.1781048295
93 61.1583016004
94 59.2358053283
95 43.161424779
96 47.3894908576
97 55.1822764086
98 59.6188349036
99 52.0959100271
100 51.6502867574
101 54.5375114774
102 53.8168313826
103 54.7136042969
104 66.1721694701
105 55.032630377
106 61.4680537143
107 54.7224577809
108 60.0416274729
109 65.1251976682
110 48.0424012891
111 57.9514213793
112 68.3305712066
113 60.2457136433
114 62.9509107093
115 59.3436985325
116 55.942703331
117 54.1451109602
118 56.650962508
119 53.2933319719
120 63.8573591992
121 58.7995170106
122 56.7169689054
123 62.5259826364
124 57.8922796229
125 45.1081283026
126 52.0682510391
127 52.7988621954
128 48.4514906737
129 57.7527127814
130 51.2066498419
131 56.1828681144
132 54.6187574468
133 54.0472899703
134 56.654032093
135 56.3605458975
136 52.1220464287
137 48.65860475
138 44.71704142
139 48.2608188836
140 52.4706221232
141 52.9165843023
142 49.0413593535
143 59.8949777791
144 52.6174187301
145 48.766699107
146 49.7439162154
147 50.0618273376
148 50.9184864812
149 56.997336411
150 55.6280409214
151 50.5058052143
152 51.8943709765
153 45.0065691283
154 45.73754288
155 41.3734954996
156 45.033173721
157 52.630301726
158 47.7728317782
159 58.3845460757
160 49.7405836794
161 50.1907820281
162 46.3992146163
163 61.2799271525
164 49.170410064
165 43.1068218641
166 52.56116728
167 51.7607333308
168 44.5693574983
169 68.0573605367
170 47.5420014318
171 47.7817581841
172 46.2996865295
173 44.1631958197
174 53.6537200939
175 55.9987136608
176 54.3195744927
177 49.3163980224
178 48.7972163924
179 49.4551541019
180 49.8003267916
181 45.178734847
182 50.2485501925
183 54.1894800017
184 41.0808001167
185 46.3317820091
186 48.1415764106
187 48.8004170841
188 45.7008785778
189 48.5259814104
190 42.2506859651
191 42.0972888303
192 48.4076296224
193 47.8740121927
194 50.7655726886
195 45.4620309559
196 58.8784019387
197 57.6593405716
198 54.0397479667
199 70.1709718675
200 53.6942232225
201 46.6754584703
202 56.6802438086
203 58.2150832438
204 54.7939182321
205 57.407645977
206 55.7547210762
207 52.0517527311
208 56.9950451818
209 60.0865143132
210 60.5594329753
211 48.6641173739
212 51.8072723617
213 46.6936423466
214 42.6809577851
215 53.0989405701
216 42.0268577806
217 63.1738694
218 53.713273141
219 55.7340938235
220 48.9901915313
221 59.187227586
222 52.6162720071
223 63.3383099019
224 56.2295737135
225 60.7655642449
226 60.3717125692
227 53.685640993
228 45.6832158436
229 45.8847909462
230 61.5553131769
231 64.4493622202
232 56.5579244312
233 179.686592035
234 56.9769213915
235 55.3241342312
236 195.295331175
237 63.9125175976
238 51.9262197279
239 60.6296805507
240 48.9033422766
241 61.9623820479
242 58.060539738
243 53.084628078
244 57.2001629841
245 53.7467982968
246 50.8804388668
247 58.4914531258
248 49.4235203538
249 56.9132651122
250 63.3830683979
251 51.8381932311
252 57.1943231118
253 45.1118936453
254 49.5645990921
255 68.156294313
256 53.1498236511
257 55.2712892223
258 62.8933890566
259 48.6967231765
260 63.0934406179
261 41.9824804248
262 59.7875662118
263 21.2890810799
264 58.4945031955
265 52.6877112529
266 56.4732533948
267 58.0912628431
268 47.5575632614
269 54.1407826543
270 57.7085923008
271 63.8321230424
272 62.3414707038
273 54.2667012605
274 58.8368705724
275 54.2323315642
276 55.1555686956
277 62.1107941506
278 55.8115948351
279 53.2876782034
280 55.6731617927
281 60.9620151604
282 51.3246721827
283 48.5839449914
284 54.9348450012
285 55.6217939961
286 55.6463561053
287 69.7841041249
288 58.2878374294
289 58.4870851869
290 68.4912689185
291 54.8596552692
292 52.6017932726
293 57.4251883398
294 50.4558363984
295 50.9445224036
296 59.3950139535
297 52.5448564071
298 56.2188724252
299 50.5531264002
300 52.654846832
301 51.9434642851
302 53.0776747759
303 52.3199770238
304 50.9590323237
305 52.3106278027
306 56.1019877599
307 61.19517778
308 63.6020810983
309 52.000851462
310 55.6525272386
311 56.5255328624
312 50.4765360025
313 50.4217897901
314 51.1291737759
315 63.4654197197
316 72.7465895822
317 53.4979921418
318 50.838709217
319 59.3109324706
320 54.2922628502
321 53.8312582947
322 55.5391276127
323 59.5435028825
324 77.8997057283
325 52.9802292839
326 50.3837327131
327 44.6409487117
328 49.1569527048
329 46.6946505203
330 42.7225489624
331 47.2301578077
332 52.4083176386
333 51.8343661025
334 45.2165318752
335 43.9646547939
336 54.0097187314
337 51.0304447944
338 47.5185664969
339 45.2250868131
340 50.9419831809
341 48.5962985293
342 44.4126634624
343 48.3643164506
344 44.0360788541
345 51.0862331337
346 41.1894635892
347 49.6695772895
348 47.8022518291
349 49.0225584979
350 53.4017121456
351 43.7038464701
352 45.8356235369
353 46.7019789137
354 47.9416158737
355 43.7673224925
356 61.2109293568
357 48.03089911
358 46.2382170609
359 48.585003998
360 44.5878924559
361 40.3439365652
362 51.379895046
363 46.2010649397
364 48.1756828022
365 47.6658747956
366 46.1673183762
367 58.7730202979
368 49.9669219204
369 50.6523348026
370 35.2366005554
371 44.4737159603
372 62.1032775732
373 49.4931512404
374 50.2799199507
375 47.3861666252
376 49.2939523501
377 51.9304539778
378 47.7020635917
379 50.8817897885
380 45.1476236187
381 43.6111254815
382 45.1485497038
383 50.3845181883
384 47.6891743191
385 44.6423360846
386 49.7847673723
387 50.8681301591
388 45.2542272919
389 60.345905586
390 53.0551645423
391 54.3089352584
392 54.4795949583
393 52.0623372142
394 56.0133907045
395 51.2370725315
396 55.7028424448
397 63.2842308968
398 54.2583813447
399 65.6427486721
400 49.4749043088
401 54.3339752329
402 51.8277513668
403 52.5841289581
404 66.4444543445
405 59.0103607595
406 56.4204965281
407 50.3568447083
408 45.3288975895
409 55.7237593797
410 60.496300343
411 52.9703295562
412 55.7466308112
413 61.7167151625
414 57.7561193125
415 57.2063319369
416 58.4071138519
417 61.9782833757
418 47.6828174591
419 53.2244637915
420 56.8305302701
421 69.6695044474
422 49.7817160499
423 64.8112482406
424 62.1078203183
425 57.3104278967
426 55.4674086768
427 57.3662201991
428 51.7374327884
429 59.8546220385
430 47.0638293645
431 58.6882048984
432 43.8995984578
433 55.3654083116
434 58.223628757
435 69.2719305962
436 49.7114687907
437 59.5527562346
438 57.2675547248
439 53.5812374878
440 49.7583473822
441 56.5858713983
442 46.0274328117
443 58.2743423255
444 56.6858628528
445 62.467053804
446 50.6129076308
447 57.3985043514
448 53.2682336824
449 56.3699587308
450 61.868306436
451 53.737477268
452 51.0105081174
453 66.6901773806
454 43.6009296937
455 52.4891171978
456 55.8817069038
457 64.599100016
458 51.8148185368
459 43.5218709912
460 62.0110054015
461 52.9179442883
462 56.0112199046
463 60.149867627
464 45.8879778737
465 45.3193309089
466 59.7556164527
467 50.7964732805
468 60.0256755019
469 56.5037933895
470 60.5510961035
471 58.7893635849
472 60.2048005083
473 49.0434354569
474 49.5145588114
475 43.3037917219
476 59.8086166375
477 59.5159601941
478 52.6917924554
479 54.5768782878
480 48.124402852
481 54.511042103
482 50.9591939392
483 52.9108445366
484 50.5242506499
485 41.2479331079
486 42.9470423848
487 53.8649432565
488 47.5996705528
489 46.5317805951
490 36.7976646797
491 53.7334783493
492 50.3430439983
493 56.2118581064
494 52.6325180981
495 60.5307220325
496 56.5956105565
497 56.5619262342
498 56.8989966866
499 40.8724063969
500 53.3230595617
501 53.4233410028
502 49.3180819342
503 51.9828291015
504 51.64448885
505 65.9882701056
506 55.4359963164
507 50.7654704918
508 50.9265169117
509 51.4026829569
510 54.2630217626
511 49.3787433595
512 50.7250555852
513 53.1068828502
514 59.9020281709
515 56.2485512627
516 50.749756872
517 49.5287550629
518 47.0623844625
519 51.1302165315
520 56.8482026382
521 54.6763811781
522 52.5241354391
523 64.7340434917
524 50.4957625331
525 58.0420337544
526 67.2525147403
527 65.4155034378
528 48.4705873565
529 55.8432185213
530 40.7066066657
531 53.533373463
532 50.3447357632
533 57.3006466022
534 50.1709812137
535 47.5321463289
536 65.6545080587
537 51.9726318139
538 51.4991789033
539 53.9345637315
540 52.9214532084
541 53.5875484596
542 56.3476000123
543 50.1165693213
544 67.8746830548
545 60.8233648038
546 59.5701244532
547 48.0208159315
548 58.0921406324
549 62.1565581004
550 51.3446865801
551 51.3100502693
552 53.2466700414
553 55.9901727705
554 61.5217555851
555 43.0523091057
556 48.73795531
557 25.888457924
558 55.4564880378
559 54.5907611467
560 65.0936514515
561 54.6371567659
562 63.9703335208
563 45.0724684347
564 64.1274588114
565 51.1589754606
566 53.0029957283
567 58.9683258386
568 53.5062689398
569 49.4877736104
570 62.1923520345
571 62.3649168103
572 50.5290030901
573 51.9405662079
574 67.8015948856
575 54.6272758727
576 62.4122889804
577 59.4657968596
578 48.2593643854
579 48.7911114826
580 57.0077125713
581 60.1407615421
582 62.3168291284
583 53.1575102204
584 52.7029598475
585 61.3354295182
586 61.7978848561
587 84.5179103879
588 63.5047607383
589 70.0763633021
590 66.5533010775
591 55.6670456903
592 59.8688148472
593 54.8696318008
594 65.9485059283
595 56.7037263423
596 58.3142204238
597 67.743270791
598 55.5312388375
599 63.734658359
600 71.3757090604
601 55.4582225404
602 58.1748052843
603 55.9839387856
604 57.7158358753
605 58.4570123824
606 48.66096555
607 67.42777692
608 61.0591235136
609 67.7617432955
610 37.7269534124
611 59.3175041088
612 59.753608651
613 49.171537562
614 51.696032124
615 55.5891102255
616 60.3652354726
617 71.7335381211
618 59.3903390252
619 55.3409433367
620 56.0945302451
621 61.3147193062
622 61.3563707668
623 61.2317378698
624 59.0097634957
625 55.3792506656
626 53.355152734
627 53.5009387982
628 57.7618701522
629 55.1383126883
630 56.9583211905
631 64.0584094916
632 61.10945868
633 70.8001186964
634 54.4932336214
635 53.1857766094
636 62.398445757
637 69.7800091419
638 55.7012962335
639 57.2984183996
640 53.2110639623
641 57.3851724464
642 57.8939211368
643 58.3035271554
644 56.2871608702
645 66.1367331219
646 57.0468856386
647 53.5560029665
648 62.017347225
649 59.1423121851
650 55.7339562657
651 49.8196356508
652 45.363138303
653 56.5702682429
654 47.5590278527
655 51.5951782385
656 59.1497405616
657 55.6484458814
658 58.0575940638
659 48.5064203856
660 53.2597198085
661 55.7868652791
662 49.2339370095
663 52.7379139895
664 47.4862115897
665 49.8437904781
666 57.6363701169
667 61.7482297282
668 48.8930207863
669 49.6462184424
670 50.4212269814
671 55.3840617368
672 54.9603570594
673 49.2315795761
674 45.0228178279
675 51.0075435693
676 48.3526770896
677 57.9416000164
678 51.9853765831
679 45.9439666823
680 47.3990120831
681 51.6939977587
682 50.3637077652
683 47.3274530852
684 43.6015032033
685 45.1728303881
686 49.9945981953
687 46.7602431441
688 54.3077784239
689 48.2971998655
690 50.5436616699
691 46.023953849
692 52.008891054
693 52.7118961321
694 44.8968901332
695 44.7019308361
696 49.9003360748
697 47.5270446921
698 62.0642706443
699 45.02556273
700 58.1589539969
701 50.5219905774
702 55.4329409495
703 52.8655642001
704 46.2589001629
705 53.3362271289
706 47.72605249
707 58.4736143061
708 71.7220013736
709 62.3407247867
710 48.8783336784
711 47.4050473145
712 48.1342125719
713 57.4014124775
714 42.4522924429
715 63.3350451103
716 56.2084054318
717 59.0976889047
718 62.1910215439
719 62.2425707834
720 61.6895893789
721 68.0662194134
722 53.7330458594
723 53.8308159098
724 61.332517864
725 76.4355859081
726 66.7997108878
727 54.8701264406
728 55.528270762
729 67.0160174911
730 58.0606191927
731 56.4320608568
732 57.9762009589
733 52.6713551205
734 56.0244156255
735 59.8621439386
736 56.0993198687
737 57.4662269309
738 61.0025833155
739 56.5151333264
740 58.4150318325
741 62.3340280379
742 69.7573037147
743 55.339679323
744 50.8807400492
745 65.2945619902
746 59.6282358026
747 62.0835106281
748 64.3572464391
749 69.0379053515
750 60.8317451938
751 65.2817913325
752 65.2733177599
753 57.6249842123
754 58.1078306157
755 42.1543345181
756 55.9588457272
757 62.8810664718
758 68.7198176492
759 63.4275746806
760 54.7708289548
761 61.5874384282
762 62.3067202165
763 65.8874457441
764 62.0122395636
765 58.9278667815
766 58.4414036844
767 63.226513706
768 70.5410088858
769 61.6792644563
770 58.9527589319
771 66.9306973067
772 59.0394954529
773 73.1447825644
774 63.265155219
775 56.8137785974
776 56.519010041
777 58.3468559887
778 65.2612614361
779 56.4776170959
780 51.2201353193
781 65.2853287117
782 46.007609245
783 54.6861405797
784 60.727517926
785 47.8735576953
786 44.9651586377
787 43.7019186422
788 55.2685206048
789 63.0421169404
790 55.1504839317
791 56.8915865119
792 55.9162163858
793 45.4096941537
794 51.2368516481
795 59.8001344992
796 53.800306574
797 54.8298632943
798 64.228222816
799 42.9129648632
800 44.659400233
801 53.3150454161
802 53.6801868286
803 49.4724589582
804 52.0956238438
805 58.5437073345
806 55.9970969483
807 54.636926951
808 52.2132130281
809 52.4092996209
810 49.3360140736
811 59.6956255753
812 66.0321358439
813 61.8742437687
814 57.4587188423
815 57.5798682873
816 52.3893291225
817 56.9234318098
818 55.252436805
819 58.3358622176
820 58.4580709005
821 56.0172659235
822 54.5817036432
823 60.1632685528
824 53.3476953332
825 59.3426953496
826 59.0867300061
827 54.1959798336
828 57.225882487
829 57.130168391
830 61.3987217518
831 57.7818366794
832 48.5047466192
833 49.6434927854
834 56.0934849651
835 51.6796685306
836 56.8172177794
837 57.4659595192
838 53.2771089711
839 55.4542880241
840 63.593494763
841 66.2977866246
842 54.7129585172
843 52.044259233
844 46.2082944068
845 65.4509301016
846 52.0980587066
847 66.5752504898
848 64.4947158243
849 74.7411517157
850 59.4966464208
851 75.2969633346
852 55.2225675108
853 69.3890346623
854 62.6459274378
855 73.3868283954
856 64.6981989025
857 65.9325992946
858 55.1383739744
859 60.3837903068
860 66.187489701
861 59.5353687622
862 59.9948699859
863 64.5395105279
864 65.3668753427
865 62.066637708
866 49.9268109757
867 51.3373651953
868 75.5736312815
869 70.8491981939
870 52.9358050484
871 52.51305264
872 49.1742437529
873 74.3172252451
874 53.1622920437
875 59.1723347335
876 65.845578595
877 68.8663748056
878 63.4893837191
879 45.2755650486
880 58.6712414822
881 22.3136898974
882 64.6764116254
883 75.2867893831
884 62.4697885257
885 62.0398294353
886 46.6574754785
887 62.2007505989
888 65.7863509657
889 55.2540917708
890 69.4938553748
891 46.5409795743
892 53.3910125173
893 62.8019812341
894 70.4643126258
895 67.0456530616
896 71.8254530933
897 60.233477869
898 50.3924306651
899 66.3595640584
900 63.6137025725
901 57.5274447923
902 73.1228669314
903 59.3371921014
904 53.5047441009
905 64.5622470629
906 68.5076622229
907 65.5947267823
908 64.9255961574
909 76.1893319356
910 43.559128829
911 59.9365453703
912 53.949837421
913 61.2574951761
914 59.5018816155
915 41.3312142691
916 61.9649680663
917 56.5583434527
918 62.9918725198
919 73.0448434102
920 57.0333207898
921 54.6231757637
922 59.4679984492
923 55.1294836969
924 57.7799052885
925 57.3218082631
926 54.7194808525
927 60.1038216809
928 59.2723952791
929 52.115291499
930 63.5768166477
931 53.1123566842
932 63.3487204708
933 56.3900501884
934 57.0744277735
935 44.7512893067
936 57.3602487285
937 51.266068595
938 57.8241185082
939 58.4365379133
940 57.3861089035
941 58.6556937603
942 59.8905483433
943 58.8189584403
944 59.4443694578
945 72.4424021441
946 46.8060962264
947 51.3979598403
948 58.8299579025
949 51.4506025351
950 63.3059193248
951 54.7557626795
952 58.9297832064
953 51.5387128557
954 54.0859398979
955 59.6953342907
956 58.4001901951
957 66.6230171692
958 47.3499742699
959 56.5986847919
960 43.402437777
961 65.8775446813
962 45.4961876387
963 64.6737658317
964 55.786287792
965 47.2802957778
966 48.9582087919
967 60.6810692236
968 50.194490722
969 62.3836760031
970 64.3251977705
971 58.1269533037
972 58.0077710185
973 60.7137993945
974 49.8843575358
975 51.189537509
976 50.3600754393
977 57.1321190824
978 53.1094084691
979 51.6088173888
980 40.7216514997
981 48.6158347693
982 49.7537174628
983 47.5006548294
984 44.3311261227
985 51.4065361115
986 40.7319512082
987 46.6594428624
988 50.7094879383
989 52.9389246189
990 58.6080658196
991 59.7312814079
992 54.5954244981
993 58.7354088076
994 50.9789406642
995 50.4133216235
996 48.037452642
997 51.6972571849
998 45.3446815305
999 50.1189128727
1000 57.3822028397
1001 56.2636487365
1002 60.910987407
1003 51.4096902985
1004 58.3833700943
1005 50.7567813394
1006 49.381031881
1007 53.8040136005
1008 50.3557851686
1009 50.6568969962
1010 43.5556593923
1011 41.9943583383
1012 46.9567932407
1013 56.5979797255
1014 56.0166221095
1015 59.6986261452
1016 53.8872295583
1017 65.266549237
1018 49.2982960031
1019 41.7183908013
1020 57.8635286987
1021 58.5705500364
1022 52.6378568094
1023 53.8671522615
1024 50.7097835479
1025 50.3388656314
1026 49.786784776
1027 59.0334346295
1028 55.1197686182
1029 50.575878528
1030 46.4655753258
1031 57.0881699994
1032 43.0066915867
1033 49.6750647768
1034 51.7934983994
1035 57.2887069049
1036 51.8408879666
1037 57.2548514437
1038 49.539709266
1039 51.2086888237
1040 59.2922917284
1041 57.4999040428
1042 69.9254005968
1043 52.5326937679
1044 46.6369621341
1045 60.1949186433
1046 55.171542768
1047 61.9674050341
1048 51.5172286526
1049 51.1518855075
1050 46.8172289983
1051 61.8824255739
1052 44.9232640409
1053 47.5950547052
1054 63.6261147706
1055 59.2385111987
1056 59.0706949855
1057 50.5697478785
1058 46.0514968333
1059 55.428417345
1060 56.8022868352
1061 61.7030822763
1062 65.2652080031
1063 66.6456695884
1064 53.6759302732
1065 52.9741748149
1066 48.4103075593
1067 49.0092748712
1068 53.7646809127
1069 64.5423296305
1070 60.7806541488
1071 59.7198846845
1072 55.5287715159
1073 57.7170137279
1074 50.4002607305
1075 39.1748480556
1076 46.1739386574
1077 47.9453350292
1078 53.5131611035
1079 51.3299532487
1080 58.1954232486
1081 62.9820665814
1082 54.4750164441
1083 57.4894892351
1084 54.0930163357
1085 58.5594124973
1086 53.404770538
1087 61.6313493928
1088 49.0787488728
1089 50.2727444246
1090 53.9741016403
1091 56.4510891548
1092 56.3100460992
1093 62.5931644184
1094 56.2758462537
1095 50.972065618
1096 55.4593383633
1097 51.3641954929
1098 57.9420532421
1099 48.1899087899
1100 45.3873819683
1101 47.022659199
1102 49.6115572036
1103 51.5576557834
1104 55.9459612694
1105 52.0235980623
1106 57.7932749106
1107 51.616103662
1108 53.2948006591
1109 51.4544647151
1110 45.6102410192
1111 50.4362414431
1112 52.3753517922
1113 50.3123196171
1114 49.8644749915
1115 44.0108791585
1116 59.7787806394
1117 64.1669821427
1118 53.8275599435
1119 48.9787623445
1120 58.3269998874
1121 63.9459455852
1122 52.6939689786
1123 59.4131475459
1124 53.7440583103
1125 40.5728233916
1126 45.486796081
1127 62.4334514855
1128 51.1625427133
1129 60.3139867244
1130 53.012855168
1131 48.5598258761
1132 49.939558048
1133 64.3476224671
1134 64.3493871755
1135 49.970196768
1136 51.0585056882
1137 56.4471323824
1138 51.5441017458
1139 59.5509862887
1140 50.6238869387
1141 50.1450813716
1142 44.3056930809
1143 50.9260371884
1144 56.7688493325
1145 66.2689293397
1146 58.6789900853
1147 46.7576257922
1148 58.6483397568
1149 56.2656035111
1150 53.3027644192
1151 52.0044038146
1152 47.7112128475
1153 47.7873788169
1154 47.4482533615
1155 46.2969306604
1156 51.0426875775
1157 61.0925777142
1158 46.0066295427
1159 51.6694002542
1160 50.7792757166
1161 47.6879782389
1162 52.9654576072
1163 58.4798190872
1164 48.4018329207
1165 57.3155560137
1166 46.2378625554
1167 47.5733365247
1168 45.9907485111
1169 46.2554322099
1170 53.1961015657
1171 48.5045350146
1172 43.135136084
1173 51.2393644298
1174 51.4412566961
1175 46.7375094513
1176 42.9635135132
1177 53.8206958
1178 49.0907453601
1179 44.1689634957
1180 43.6203829899
1181 54.6467280785
1182 50.5659157652
1183 42.5938117884
1184 38.5350785926
1185 41.9889967297
1186 40.0815543921
1187 52.7404122231
1188 47.2134340464
1189 46.3154471384
1190 49.1944386785
1191 42.5512949758
1192 55.7441611223
1193 48.8214971211
1194 49.3998648806
1195 50.443351632
1196 43.1320077817
1197 41.9940325959
1198 47.9839155636
1199 49.2357956806
1200 43.6524705874
1201 40.9598928168
1202 49.2382412652
1203 55.2724388495
1204 50.012184943
1205 47.9904210234
1206 49.6987127205
1207 67.7415410331
1208 48.5090379957
1209 50.4190941795
1210 43.3049244558
1211 46.1232727148
1212 54.5562480648
1213 47.9672934929
1214 54.4307411492
1215 43.0292274423
1216 50.6253321457
1217 48.398903088
1218 45.1312662098
1219 41.6596003726
1220 48.6698623742
1221 45.7168243356
1222 63.518073837
1223 41.6200828317
1224 48.1879849862
1225 50.8911949489
1226 39.9641208243
1227 57.465407381
1228 46.5287368944
1229 46.0595529721
1230 49.0578265987
1231 55.8025555551
1232 55.9764348777
1233 51.7833936047
1234 65.0095552947
1235 60.0537087662
1236 59.5116447188
1237 42.9983358286
1238 48.9476500562
1239 52.0862281063
1240 62.9566360805
1241 50.7211814367
1242 59.4357391806
1243 44.2518434473
1244 55.1582842157
1245 60.0959506072
1246 58.8475114608
1247 55.2340354269
1248 55.2216505743
1249 51.2892875458
1250 51.5273861047
1251 55.3236590743
1252 54.2303366704
1253 55.2756016885
1254 63.8531420558
1255 52.5584226857
1256 47.8145894584
1257 55.2693236323
1258 53.6332358172
1259 57.2527057864
1260 51.8710341683
1261 47.440003208
1262 53.4079185567
1263 48.0973288592
1264 54.0305717677
1265 59.8102513588
1266 60.6303027659
1267 44.1842711202
1268 45.4720467476
1269 53.3001485003
1270 61.8444526579
1271 54.4720772012
1272 56.5956258371
1273 47.7733500003
1274 51.4024738029
1275 61.6517944283
1276 56.8907685538
1277 44.51026043
1278 52.8606358722
1279 52.3454333685
1280 71.016117854
1281 57.4987588556
1282 63.2837172815
1283 53.3273825163
1284 63.0421376251
1285 58.3843931472
1286 55.9444124311
1287 50.6273934193
1288 55.347168892
1289 50.6858258929
1290 55.7475438598
1291 48.1175376519
1292 72.5639661106
1293 66.3702712563
1294 57.299069972
1295 61.0912154283
1296 52.4451951688
1297 57.3031065982
1298 37.8150863684
1299 53.3615993725
1300 57.6742632776
1301 58.1897195445
1302 52.4263382807
1303 68.8049959435
1304 50.062133179
1305 62.7301250739
1306 53.799198581
1307 50.8687043335
1308 52.1489193894
1309 47.6359647972
1310 64.6870698846
1311 54.4236714166
1312 45.7726497133
1313 53.8166283592
1314 59.6786314516
1315 50.1141962657
1316 55.5871552049
1317 54.8905634204
1318 50.3412960614
1319 52.0038188176
1320 54.5964830398
1321 47.2357082891
1322 47.2514332645
1323 54.6928586819
1324 54.274700807
1325 40.4660769952
1326 69.6314452847
1327 48.8579978342
1328 52.1807115706
1329 50.886608376
1330 53.2519051158
1331 52.5500858633
1332 53.5443238438
1333 51.0615018975
1334 61.8002542227
1335 60.4375905695
1336 64.1447330302
1337 61.1994355487
1338 52.1483546562
1339 49.5364677357
1340 46.9056890205
1341 56.8425689967
1342 59.3843823863
1343 43.8125366182
1344 58.2915283779
1345 49.2479006681
1346 59.1973170854
1347 47.3509459476
1348 53.1051511713
1349 56.9594719759
1350 60.8288067476
1351 50.9234786844
1352 48.9392184859
1353 53.2154202149
1354 51.0055577075
1355 52.2045116875
1356 59.0445074186
1357 51.4970526355
1358 60.5107449116
1359 51.4815041333
1360 46.7226883378
1361 63.4437472495
1362 38.0281180544
1363 55.3365946782
1364 40.8133268966
1365 56.1720012403
1366 50.3869130221
1367 37.6557317073
1368 64.7520167332
1369 46.4959117244
1370 41.3320392177
1371 47.2592503003
1372 49.7206851329
1373 46.7526756071
1374 48.1124937849
1375 50.8349947036
1376 50.4433696149
1377 53.16726883
1378 57.1377145682
1379 46.1197778767
1380 59.1845273012
1381 55.8334994633
1382 54.868006702
1383 48.4436029941
1384 44.3561480626
1385 46.8523461246
1386 48.7516794348
1387 48.7956793366
1388 40.7716789749
1389 42.3726860568
1390 45.7193838849
1391 61.9178348423
1392 42.5759561155
1393 49.5097277984
1394 37.9397970677
1395 49.8985907427
1396 52.6137025539
1397 40.8097525556
1398 28.320875916
1399 48.8776909721
1400 47.6431518188
1401 47.41359301
1402 49.1995123271
1403 46.0810535903
1404 45.3726642195
1405 51.8046163356
1406 49.0706427521
1407 47.4849780567
1408 39.2409758337
1409 50.4886053793
1410 48.8662475945
1411 57.1517566517
1412 46.3421013048
1413 47.3410981411
1414 55.9447243853
1415 48.2701634609
1416 46.1804757681
1417 47.4866663404
1418 45.5857800275
1419 51.6207677995
1420 45.6934980273
1421 44.0212939808
1422 49.0952789013
1423 50.0946612242
1424 60.8663635577
1425 51.6723918917
1426 53.2285085948
1427 50.5496837144
1428 55.2764993365
1429 46.1072555241
1430 58.4870972396
1431 49.6379573875
1432 57.5790915259
1433 55.2736275055
1434 45.2029900688
1435 54.99770275
1436 47.0708021605
1437 47.5973490224
1438 49.7764990862
1439 48.4536899992
1440 47.5207624462
1441 39.3300564428
1442 50.0671871911
1443 39.7645561133
1444 47.7274429793
1445 48.8832598007
1446 51.3144165622
1447 53.3802535781
1448 53.7927908304
1449 43.5189156462
1450 50.4834426363
1451 51.1400606441
1452 45.4894489761
1453 52.5346183565
1454 48.9481224433
1455 42.455035855
1456 50.1044971276
1457 56.0461950991
1458 46.7418426423
1459 42.950100784
1460 47.6675113398
1461 51.2881057961
1462 45.6779569991
1463 51.5852127799
1464 41.1179843799
1465 38.4459549643
1466 51.6494012543
1467 51.6317443144
1468 42.8058572832
1469 48.0256040503
1470 56.7683282978
1471 47.4224636617
1472 50.9667411672
1473 50.0812097975
1474 49.0944695317
1475 52.2757481214
1476 67.9338103396
1477 55.4924902441
1478 49.2078336824
1479 48.2846060088
1480 47.539677533
1481 46.6457583257
1482 43.6163101787
1483 60.532703477
1484 47.2756516594
1485 57.8809735094
1486 47.1516496716
1487 53.6321005545
1488 54.3172059887
1489 52.7977810026
1490 51.0952340989
1491 54.935984996
1492 59.6532761484
1493 68.7729808721
1494 55.7763066896
1495 49.2404961527
1496 53.0894989634
1497 50.3345815512
1498 53.4310454913
1499 62.3250305031
1500 54.4772561054
1501 51.7048239461
1502 51.8904257731
1503 50.3204443054
1504 51.0491646674
1505 52.3895595832
1506 56.2754447332
1507 51.0640558158
1508 53.922826415
1509 50.2862082361
1510 50.2638151041
1511 51.2348477926
1512 56.2598493734
1513 53.494971869
1514 42.7774961635
1515 60.9863224194
1516 50.3562719588
1517 64.2811067273
1518 52.3839787615
1519 54.4631542905
1520 56.4960329574
1521 51.0694166942
1522 57.9541055519
1523 46.2447515374
1524 52.2773588258
1525 53.6919959427
1526 57.4290356425
1527 76.0954930865
1528 50.7494402112
1529 48.144197981
1530 57.0113787593
1531 49.6377753622
1532 49.2187968142
1533 43.8834791399
1534 53.7417943257
1535 54.8403313634
1536 52.3122300311
1537 61.8692682637
1538 54.7437953977
1539 83.6698424002
1540 50.2342945678
1541 52.6106142273
1542 45.0742848229
1543 50.0572158361
1544 52.8640559418
1545 44.5340480095
1546 59.555719786
1547 58.914021746
1548 55.6879753494
1549 53.8564208955
1550 54.9439988348
1551 55.3790593456
1552 54.1793162969
1553 40.0501891445
1554 47.3828354743
1555 57.9383272573
1556 66.3091693386
1557 68.9758371686
1558 64.8641115337
1559 47.2382582178
1560 73.2851082065
1561 44.2459482032
1562 55.287312891
1563 55.9280545544
1564 54.1521751681
1565 67.296585435
1566 60.1713967869
1567 57.3909703222
1568 58.7530699157
1569 53.1513124769
1570 43.6318710405
1571 70.6847898197
1572 61.0265386017
1573 48.7319318979
1574 56.4454879311
1575 54.4524631067
1576 45.1436953806
1577 61.1766568425
1578 59.0049977036
1579 55.7272812952
1580 59.5167693668
1581 53.7744834611
1582 38.7460984574
1583 53.294293391
1584 57.8132405373
1585 67.1514814811
1586 63.098514462
1587 52.8774568412
1588 63.80680494
1589 53.0643196689
1590 52.4678416481
1591 56.9504939016
1592 54.6225649174
1593 46.2168781483
1594 50.9104022483
1595 53.9616117007
1596 72.5045186637
1597 42.7255784435
1598 56.9945843496
1599 48.4848292437
1600 56.177540718
1601 44.6660703538
1602 60.6270463813
1603 56.6381973147
1604 56.6196352363
1605 71.6169527157
1606 52.0702273199
1607 58.788954477
1608 55.5921678702
1609 65.9291993
1610 53.0486276794
1611 61.4326222199
1612 55.6169126277
1613 61.3946706747
1614 50.8365501489
1615 58.5951613813
1616 49.0940733899
1617 48.5318961735
1618 59.9079455534
1619 52.9632764046
1620 57.964350573
1621 42.2872796161
1622 59.8132552579
1623 51.6678499119
1624 52.7815840389
1625 52.8140404042
1626 53.1117572144
1627 55.9979773824
1628 50.6230149109
1629 54.3088354091
1630 49.1944002848
1631 65.9261354354
1632 56.5760111013
1633 53.9205346745
1634 53.8117893506
1635 45.8263857615
1636 48.8542464284
1637 54.1611464034
1638 50.4523099417
1639 50.7865414498
1640 52.61936203
1641 51.7902828658
1642 49.3702043576
1643 55.4572862587
1644 55.6097338402
1645 52.2896207698
1646 53.2321328866
1647 49.622063039
1648 41.2909142866
1649 52.8173858282
1650 51.8567190493
1651 53.9296952962
1652 54.138405469
1653 50.0807779484
1654 50.369529557
1655 54.3033542328
1656 50.6200963215
1657 71.7700051242
1658 62.4805223426
1659 54.3856369242
1660 53.1635496396
1661 60.1854740296
1662 58.1898631032
1663 64.7895161708
1664 55.7716643315
1665 52.1802461831
1666 54.1236607709
1667 52.1340001594
1668 27.7778716447
1669 43.9293854927
1670 45.4403506295
1671 52.9370357824
1672 53.9636956615
1673 51.5042721083
1674 63.7694830234
1675 54.3898258075
1676 52.2181551893
1677 50.8502544498
1678 49.4306358276
1679 44.7994640375
1680 55.4418143292
1681 49.999536564
1682 79.3952978238
1683 70.9137747734
1684 71.4608957021
1685 71.3476021467
1686 73.0962089631
1687 54.9246858831
1688 65.5292134508
1689 66.4505871575
1690 75.1617703675
1691 63.4945069256
1692 48.6276024068
1693 53.2624996537
1694 64.2495079299
1695 82.1179900702
1696 58.0450344567
1697 57.0010199373
1698 55.4143572482
1699 75.1996318859
1700 58.4317029821
1701 78.127128085
1702 58.5943097873
1703 74.1535542157
1704 75.1851047034
1705 71.4151950423
1706 77.7753110809
1707 66.4827112893
1708 73.89354651
1709 70.6642404796
1710 67.7122352326
1711 67.0932505713
1712 73.5747421572
1713 74.4353141195
1714 70.5442757314
1715 62.1256595328
1716 61.4152408115
1717 59.1453521555
1718 83.0581970884
1719 64.1582315982
1720 66.8473831014
1721 76.4831628098
1722 72.7029720488
1723 62.679655281
1724 56.0786232316
1725 67.7559683526
1726 46.585821722
1727 66.2353282419
1728 71.1278690156
1729 50.0757357813
1730 68.0684895206
1731 71.697520134
1732 69.9906399531
1733 75.8109509098
1734 55.5569188007
1735 70.3283646057
1736 79.9760491105
1737 77.0625443066
1738 69.1563011467
1739 77.1635855543
1740 66.0562279103
1741 78.744609349
1742 78.5866480538
1743 50.0762050622
1744 56.42556089
1745 59.410156714
1746 68.1314124966
1747 68.7348454552
1748 48.7091014223
1749 72.8457203606
1750 60.6518295371
1751 60.0379214518
1752 50.8513275393
1753 54.0917372392
1754 61.5261711974
1755 59.8224997617
1756 60.4287124281
1757 62.1137561968
1758 60.8823864509
1759 62.1695587262
1760 64.418458447
1761 64.205856544
1762 57.8630188364
1763 55.1754103517
1764 64.9123418155
1765 63.8744038282
1766 51.0679603474
1767 64.6872781737
1768 58.6634964799
1769 59.6397459716
1770 62.7680603042
1771 64.9126463259
1772 58.449671246
1773 69.4250115454
1774 65.3433921978
1775 68.0638475865
1776 60.8934418526
1777 67.1491352009
1778 60.2096391803
1779 50.1095936636
1780 61.5463790917
1781 57.4838216031
1782 59.3475335453
1783 59.6868052084
1784 59.9787996565
1785 58.3722153334
1786 60.1556521997
1787 61.5057901
1788 72.6001034238
1789 62.8522545609
1790 66.4542200365
1791 68.1883946485
1792 60.0706268093
1793 62.5202356914
1794 67.6764604696
1795 57.7518715745
1796 53.1241723991
1797 48.4420169752
1798 52.8815231779
1799 51.0900063541
1800 54.2177412574
1801 65.7301142045
1802 65.5572180678
1803 58.5854418239
1804 61.1753837692
1805 58.0872567373
1806 53.9235776635
1807 67.9875576859
1808 45.9988152335
1809 52.6530298849
1810 49.4076194439
1811 47.670719729
1812 52.2574004029
1813 45.5044691522
1814 57.9395127493
1815 51.2100471929
1816 39.7992050663
1817 42.0342348656
1818 50.4134198532
1819 54.1607409997
1820 47.349398583
1821 54.6329023047
1822 58.2929311003
1823 49.4748591474
1824 49.9905137169
1825 55.9727914508
1826 42.8971422824
1827 57.1278226577
1828 51.8460178228
1829 29.1288847647
1830 40.1620939958
1831 52.0649933038
1832 45.332889241
1833 43.6505947597
1834 47.0483399288
1835 66.1966043046
1836 45.7446158151
1837 45.3224609387
1838 48.9167828186
1839 59.1075673446
1840 51.5247671005
1841 48.8084148321
1842 49.3894775815
1843 51.4427317144
1844 51.6980291792
1845 52.549783111
1846 60.9682206011
1847 47.5897071618
1848 49.1452309631
1849 43.2598772881
1850 48.3508103666
1851 57.8337339307
1852 55.2658263298
1853 51.9505101401
1854 48.8735199967
1855 46.6975462765
1856 49.6877412471
1857 46.1388182089
1858 55.877278654
1859 57.1584690473
1860 49.717626581
1861 48.8221118143
1862 48.8344951186
1863 49.1305053277
1864 51.0500777603
1865 47.0247718566
1866 46.0095994517
1867 54.0266939628
1868 39.0789972387
1869 52.1353402132
1870 56.0557376891
1871 40.7583366825
1872 50.86813395
1873 54.2028311235
1874 64.8026222477
1875 52.4402251595
1876 57.3315506573
1877 59.6766069792
1878 62.9946995135
1879 54.3519976967
1880 60.3293201967
1881 57.4480717968
1882 53.1594183418
1883 59.3577594389
1884 54.3818867129
1885 54.3625018769
1886 47.7836352308
1887 59.3931869196
1888 51.9624550643
1889 48.2654514083
1890 51.4261254342
1891 61.0960807178
1892 51.9473740065
1893 52.6161001086
1894 56.5946004386
1895 57.4204883576
1896 57.0925806364
1897 55.8352699872
1898 54.5799446533
1899 58.2897410775
1900 55.8533176794
1901 33.5595670317
1902 61.6716721032
1903 56.3646726287
1904 49.3199723817
1905 62.151226411
1906 48.2480993285
1907 57.5761613927
1908 49.2744410495
1909 52.5850566061
1910 59.4400907356
1911 57.4361006135
1912 46.6797864883
1913 52.8327869818
1914 57.0187909411
1915 56.2686780338
1916 60.9760246269
1917 56.0881851232
1918 52.701982605
1919 54.1060374958
1920 56.3936459426
1921 71.5247628596
1922 50.0166894484
1923 55.2684030553
1924 53.3359396516
1925 51.4485906717
1926 54.4421940465
1927 61.7412004786
1928 54.1722006509
1929 57.8189638647
1930 52.7525252709
1931 58.105609483
1932 56.213681773
1933 53.8397985995
1934 58.5181904296
1935 59.8114490806
1936 59.3774626658
1937 59.259663135
1938 56.4493175117
1939 55.4023367232
1940 59.8483252572
1941 62.0933764623
1942 64.8400564536
1943 57.4809795906
1944 56.8724791882
1945 53.0956302251
1946 54.1582739569
1947 54.7966555931
1948 61.8391529533
1949 64.4852837267
1950 64.9604954701
1951 55.9263360388
1952 53.6401159253
1953 55.1603238005
1954 58.9350072247
1955 51.3100960914
1956 56.4681176674
1957 67.0591908691
1958 56.8107312405
1959 47.0937662937
1960 60.9476349272
1961 69.6793304433
1962 50.7709002302
1963 65.2255319711
1964 55.7889879878
1965 66.7292996825
1966 69.2358652376
1967 56.9605219619
1968 52.5364154829
1969 51.3065208438
1970 73.0138395549
1971 59.3819106213
1972 57.8736425289
1973 65.732966785
1974 59.8304704767
1975 64.7049679426
1976 62.2218219479
1977 55.0042176212
1978 48.6536431825
1979 72.1887329505
1980 66.1998117868
1981 59.7239799924
1982 64.8556291403
1983 71.9858751917
1984 52.7543339632
1985 54.014713184
1986 55.8588715371
1987 50.7408768242
1988 55.1047683687
1989 49.3340126578
1990 38.236580677
1991 55.8014300787
1992 59.3324359107
1993 58.0601360069
1994 56.3427852461
1995 56.7278076966
1996 61.8827187575
1997 57.8337130396
1998 59.6237840531
1999 54.2320233921
2000 52.3694064743
2001 67.3192489433
2002 49.5849031327
2003 62.5563123969
2004 51.1375349007
2005 45.6078584577
2006 49.0216320751
2007 45.3485427524
2008 49.7053322787
2009 48.9988688999
2010 54.9109037296
2011 44.7348664851
2012 54.7142634611
2013 47.6506395179
2014 47.853652295
2015 47.9617513838
2016 51.0399074191
2017 49.9567524721
2018 47.9427361242
2019 50.183004657
2020 41.8800579838
2021 50.3156724514
2022 46.6979733898
2023 49.4723060788
2024 56.0443591778
2025 46.0858865402
2026 46.8458210509
2027 47.5067313381
2028 41.3921301468
2029 51.5370408773
2030 57.0721139598
2031 47.5789409219
2032 50.109314956
2033 50.1758537107
2034 56.8359702682
2035 52.7131375683
2036 45.8921623978
2037 51.6832657195
2038 42.5555898082
2039 45.0426981617
2040 48.278190427
2041 47.2455822484
2042 40.5062915634
2043 48.4698635743
2044 60.0686978887
2045 44.0520505451
2046 39.5439968158
2047 53.0427602877
2048 55.4894429947
2049 51.0229995397
2050 46.0338490374
2051 48.5638565824
2052 49.6482476051
2053 50.3991616896
2054 46.7448423432
2055 45.641228349
2056 48.6292011029
2057 64.5484678375
2058 39.5068692518
2059 46.1825834248
2060 50.7999475593
2061 40.0916753465
2062 45.0438828951
2063 38.5854991754
2064 43.5075982749
2065 49.7362673535
2066 49.3665885326
2067 40.0922906238
2068 61.5760800088
2069 50.6503535512
2070 59.8347838859
2071 39.5224922039
2072 53.3709656675
2073 49.4439575948
2074 61.3714940953
2075 48.2702403386
2076 50.4055170442
2077 56.0799976917
2078 58.6906630606
2079 60.1131886415
2080 57.9851455891
2081 57.0115750858
2082 60.9509248385
2083 53.5687657054
2084 54.5301156183
2085 49.5270850552
2086 53.4028093614
2087 67.3919537745
2088 55.3724939844
2089 56.9112642972
2090 60.1000998413
2091 53.9090715163
2092 50.8696249784
2093 65.3763897663
2094 44.6625445995
2095 59.8317811439
2096 39.387545354
2097 57.3142719006
2098 50.3458102006
2099 53.8000548636
2100 53.0417465556
2101 62.6572373175
2102 59.382167792
2103 59.1499001012
2104 54.1697523194
2105 46.7997235004
2106 50.8135190153
2107 46.9834290897
2108 58.2620387596
2109 54.3467151982
2110 54.2512364467
2111 62.7030125301
2112 53.0611604249
2113 49.1936601207
2114 51.5008866337
2115 53.5598160348
2116 55.0782875436
2117 48.1713651095
2118 60.5520698165
2119 55.0093969076
2120 52.7789269951
2121 57.0617150663
2122 58.0197806835
2123 52.0175912364
2124 54.2223378065
2125 50.9669025207
2126 53.0566917899
2127 69.2602730332
2128 53.513716726
2129 68.9328885748
2130 45.9460948789
2131 48.7597323506
2132 51.5779311887
2133 62.3640085659
2134 57.3500850024
2135 47.8494336723
2136 48.7580948033
2137 66.0446801591
2138 60.1663029684
2139 57.5663871808
2140 55.6369007225
2141 57.6584220059
2142 58.6363254858
2143 58.0411752554
2144 52.2930967436
2145 65.0026336539
2146 60.4514045161
2147 57.5317469485
2148 64.3109495247
2149 58.6232119771
2150 55.8234329364
2151 46.270450374
2152 57.9087691843
2153 61.883148531
2154 54.3179073633
2155 65.6625691964
2156 55.481196403
2157 52.437667818
2158 60.6224299069
2159 46.3421800481
2160 56.6682028089
2161 53.6739753711
2162 57.4380390879
2163 55.9324875926
2164 68.3075056716
2165 64.985944339
2166 60.1264643149
2167 63.2049844017
2168 56.5001583889
2169 54.391974104
2170 58.9444970525
2171 58.9076435733
2172 65.7293332727
2173 55.7256722792
2174 48.630867605
2175 61.5302708995
2176 64.3000123198
2177 67.6724569277
2178 59.3290822532
2179 59.4628273275
2180 59.7057311345
2181 60.3429720003
2182 61.1592988656
2183 63.5022437731
2184 55.4991006334
2185 67.2727551744
2186 52.8030357278
2187 48.8602195883
2188 54.6810835754
2189 57.9676928092
2190 52.6460373672
2191 37.8455304912
2192 61.9722653187
2193 45.3948332098
2194 66.1124344031
2195 47.590996937
2196 55.2594840332
2197 60.5804126504
2198 54.5753915757
2199 70.9977373737
2200 59.8019375605
2201 57.5434129775
2202 60.9308867611
2203 68.6945722486
2204 60.7062393317
2205 64.6304279542
2206 60.7188902057
2207 64.7261566122
2208 62.2001371273
2209 74.4976155624
2210 64.8757479977
2211 52.5428738304
2212 60.405705406
2213 67.6587424324
2214 58.3336834242
2215 58.4407075778
2216 61.8975756776
2217 60.4160416792
2218 64.2817786277
2219 68.6885041289
2220 59.4950228768
2221 62.7211671956
2222 18.7440543504
2223 59.2294171664
2224 58.134543184
2225 57.2763540852
2226 66.0251983295
2227 58.6058172662
2228 67.3411403753
2229 73.5282857042
2230 53.6017311302
2231 70.6942460696
2232 60.2338895598
2233 59.6234530349
2234 57.6037915427
2235 70.4211724046
2236 57.9630763272
2237 52.1960367641
2238 62.6568258355
2239 61.766954138
2240 68.1670734048
2241 62.918959323
2242 59.114930869
2243 63.463354627
2244 63.8844160715
2245 58.5297596674
2246 60.985307026
2247 71.3504100458
2248 57.7080996697
2249 56.8995812381
2250 59.337518572
2251 60.027876935
2252 56.2799940374
2253 65.9779556212
2254 54.0223888822
2255 59.1332195319
2256 66.2932714527
2257 60.6236322992
2258 47.0506624894
2259 67.8610504431
2260 65.5887399849
2261 58.2211431603
2262 70.0469387832
2263 46.7810031703
2264 53.2091791733
2265 47.9414683148
2266 44.8979856963
2267 45.07530327
2268 47.8111697861
2269 44.566338378
2270 49.5517910409
2271 49.3906107558
2272 47.7813115471
2273 51.6150658076
2274 45.2230885627
2275 43.037878756
2276 45.668598374
2277 58.2036565037
2278 44.5232232402
2279 62.7513858165
2280 41.6676630305
2281 48.0016014792
2282 55.1497110642
2283 50.1168148726
2284 58.9994182794
2285 45.2322349124
2286 49.2330440267
2287 47.0161084385
2288 49.6993165053
2289 54.2344374164
2290 47.4029175301
2291 46.3465175147
2292 42.902813939
2293 48.2987794783
2294 47.6593886891
2295 50.5862229898
2296 61.3493996243
2297 45.033781189
2298 46.2706012963
2299 57.2593921763
2300 45.2305058616
2301 50.9004486062
2302 51.8569712935
2303 66.2278976478
2304 46.0446621061
2305 43.9246985363
2306 56.095455318
2307 48.8324390011
2308 51.2451899258
2309 61.4467602839
2310 48.4279636573
2311 47.1739829167
2312 43.6060361419
2313 49.6784445961
2314 46.6246669317
2315 46.1416020294
2316 53.1506963853
2317 48.8913440098
2318 48.5560936009
2319 48.2108505422
2320 54.1268820806
2321 41.844749324
2322 46.2338566802
2323 55.2107273105
2324 57.6867017704
2325 61.7462966714
2326 58.5876790593
2327 69.8487959235
2328 50.4751654908
2329 42.5757264775
2330 57.6020709754
2331 47.8579247873
2332 54.3754444967
2333 50.4425828317
2334 55.94213145
2335 55.2402427494
2336 65.7784552991
2337 53.0272933848
2338 48.92415763
2339 47.2489924902
2340 51.5900453552
2341 45.0034418873
2342 48.2618071061
2343 53.1500040963
2344 53.6207856549
2345 53.3798210325
2346 47.5837842505
2347 58.8792183392
2348 52.1589474866
2349 49.807788609
2350 56.3521674143
2351 49.8791915795
2352 63.7893295138
2353 45.6622935446
2354 51.6998817558
2355 44.2929909884
2356 51.289852716
2357 50.8857928778
2358 68.3750915289
2359 48.9776723592
2360 46.9626453759
2361 61.8238139347
2362 51.6665127186
2363 44.961491319
2364 50.7202417144
2365 48.6636230684
2366 50.5766707252
2367 58.4406572741
2368 54.3251135839
2369 41.6010514454
2370 51.501463277
2371 47.6483589271
2372 37.5157958744
2373 53.791621435
2374 62.4267857739
2375 45.6039695087
2376 46.2980218952
2377 52.6845069516
2378 52.7600324383
2379 45.6145217508
2380 55.1823620661
2381 49.6223957997
2382 60.9506836261
2383 68.8001230052
2384 48.4118515737
2385 55.3354449751
2386 62.6749665611
2387 45.4147727468
