u s
1 53.1968313577
2 63.7728276794
3 56.949805889
4 57.5664443128
5 57.8054835784
6 46.3411830939
7 50.9808797496
8 53.4220343772
9 65.4020165456
10 57.2032615309
11 52.1219933118
12 62.013593883
13 64.2332144142
14 57.3776980711
15 71.0923449624
16 55.2419690157
17 59.2061631693
18 56.6763021777
19 171.217206791
20 56.4970519331
21 55.751578159
22 51.7697247647
23 62.2104946013
24 59.7526179547
25 62.2722232276
26 43.561272885
27 62.3459108543
28 48.8074813766
29 50.6906582392
30 57.645211799
31 60.6636972898
32 70.6089485348
33 56.0894533344
34 62.7235582498
35 56.4717069766
36 65.5357466473
37 71.5007216979
38 57.2500775328
39 46.052579989
40 49.624853949
41 62.3391664578
42 57.621469259
43 57.8370319312
44 59.29353994
45 63.5471948891
46 62.8099434244
47 56.6918672285
48 56.9941256561
49 47.0430742071
50 55.7230048538
51 60.4548954305
52 57.1122198524
53 62.4211678399
54 61.6074402676
55 152.583988814
56 62.2424064343
57 75.2923664857
58 61.4383754707
59 57.5583266025
60 59.4476000258
61 53.3616815641
62 76.8608864053
63 60.3076740845
64 64.9974096471
65 73.9621163795
66 46.4986122569
67 50.5359387067
68 53.4357547534
69 59.9141633885
70 53.6493181365
71 48.6661456249
72 43.3298214062
73 44.1176278265
74 52.9482179956
75 55.5963130862
76 55.9772102603
77 53.4603348021
78 51.4531625898
79 53.4177504094
80 60.6942719177
81 48.8026768683
82 53.1725656202
83 45.4041823209
84 51.8289874552
85 47.7760267061
86 49.8569803324
87 52.4976825561
88 53.2627016334
89 59.8945303338
90 55.1129412238
91 53.8190066015
92 54.4450449661
93 61.8717031608
94 72.9349871343
95 42.2369865575
96 47.6317717169
97 45.6291862576
98 47.8374766999
99 44.7198533244
100 50.6814166306
101 55.1555218985
102 54.0214770003
103 54.4601661754
104 57.9945153838
105 52.5599165141
106 62.3708368892
107 50.7566029169
108 57.8336962385
109 55.2705509249
110 53.1398174434
111 57.5739895474
112 60.3196830513
113 58.2771742792
114 58.200966284
115 49.5304032629
116 58.0968899874
117 53.120033609
118 56.6971102008
119 54.2601384665
120 57.5063319798
121 59.9785973769
122 53.9270978386
123 61.3054974576
124 54.6903375163
125 45.9149582235
126 54.145501172
127 42.728927031
128 51.0602149231
129 53.4150604341
130 47.7929002568
131 42.1481001543
132 42.8383144742
133 47.8841320559
134 48.9469933946
135 44.9923024641
136 49.0996047697
137 48.6257869789
138 44.9501421768
139 51.1107961426
140 45.0609458234
141 52.2328149341
142 46.1753960192
143 57.5481984199
144 47.9035939276
145 43.385589217
146 43.0115039748
147 49.1718989118
148 44.9828873525
149 50.254959393
150 44.2351652891
151 59.8566108401
152 44.9619421788
153 47.3514250393
154 46.506184077
155 59.4820911048
156 48.674021961
157 44.6682918668
158 46.5044582842
159 43.5144947702
160 45.068087217
161 43.9662575004
162 58.775188513
163 46.0249160632
164 43.1096348333
165 50.799050633
166 50.2961316331
167 46.4467432609
168 43.8320235043
169 50.7801610353
170 50.5040606617
171 46.5373149464
172 43.8214170062
173 45.4067290132
174 42.7757312422
175 45.1424415513
176 59.1413854329
177 47.2500739289
178 48.9284836226
179 43.8714473736
180 52.8821461719
181 48.1437093263
182 50.6893839377
183 49.2196363249
184 37.3909304683
185 39.9989287023
186 58.317001503
187 50.7473709246
188 53.9487238907
189 52.1334760207
190 38.9879315934
191 44.7226288245
192 39.7576136894
193 49.1787235547
194 44.4745710817
195 47.1679798342
196 61.1721959154
197 57.6248592185
198 49.5088436436
199 63.2614689628
200 51.8036405064
201 53.4895102276
202 55.220250453
203 65.5194027333
204 52.325073403
205 57.0274182791
206 54.0017718929
207 55.4144326852
208 54.821502488
209 62.350379235
210 55.3856494564
211 45.0553518606
212 52.6554764346
213 44.2607817596
214 47.0301360461
215 53.8963483856
216 42.3390841061
217 55.3588924401
218 63.4680804653
219 55.6351704039
220 46.856706848
221 55.8292534171
222 53.3862692721
223 61.7515404282
224 56.7374990547
225 62.3899496997
226 61.7538140359
227 58.5092090731
228 52.3029993256
229 39.6961383376
230 58.7789871197
231 74.1437259628
232 53.2567654312
233 174.274298713
234 55.4957877485
235 51.8397563739
236 191.664927775
237 64.5900929615
238 50.019826673
239 58.0795361348
240 45.9072961757
241 26.4910722527
242 55.5260531348
243 62.9361838811
244 53.7101745633
245 49.7458162182
246 51.1727808722
247 60.2307196199
248 45.7255495197
249 52.9199334174
250 27.016405573
251 53.092478979
252 51.839277382
253 45.8908623445
254 50.1118473397
255 65.4152025121
256 54.935253168
257 55.4742348279
258 57.1207285076
259 47.8235604848
260 57.7812379295
261 47.6837709453
262 55.9649609181
263 67.3289378646
264 53.6201140494
265 52.8175139958
266 52.5058742833
267 56.0323712679
268 45.6730512678
269 54.3797545759
270 55.4867849672
271 73.5307904393
272 59.7679113312
273 53.052551541
274 57.9426779435
275 47.9293030014
276 58.0714713156
277 75.0805778395
278 50.9109050515
279 55.7039599777
280 52.6935255592
281 57.6035757223
282 58.2499298764
283 57.7734951417
284 65.1353237446
285 52.7422484149
286 55.0169870619
287 65.477385886
288 54.6365610592
289 59.7857950628
290 61.0610283437
291 58.7258237613
292 60.7115320025
293 56.9474636966
294 56.8161562908
295 50.8342515937
296 50.6972322212
297 55.5164863158
298 54.9430501924
299 50.7142343064
300 58.4305176614
301 50.9688628574
302 51.2201977883
303 54.315159829
304 53.9234847306
305 64.0366603394
306 57.0541482982
307 63.8647171351
308 63.4913293109
309 51.8404647294
310 46.942884608
311 58.1486382923
312 49.3239070026
313 57.2647505336
314 50.3987303024
315 53.5550552756
316 61.6772356251
317 52.0678751459
318 49.4155481069
319 58.5722985945
320 48.9059113761
321 50.5975366713
322 59.5221433804
323 67.7424018773
324 59.8316448317
325 53.4768018464
326 55.5622847789
327 47.8769732063
328 48.3868092418
329 46.7113199387
330 47.1193247568
331 50.3141911477
332 48.0924228467
333 51.9097621056
334 46.238772682
335 47.7270207016
336 50.7552479402
337 44.0135082427
338 41.2485003814
339 48.8243628489
340 54.8489541579
341 58.2027917667
342 55.7176395696
343 46.8113485147
344 44.6228713645
345 47.8378441685
346 51.2513007121
347 49.9277671324
348 59.1258023711
349 44.923493968
350 56.4712149397
351 48.0592628976
352 51.1168486269
353 45.6636823198
354 47.8363157242
355 58.1643836066
356 63.4569072456
357 54.6025143668
358 46.9396826523
359 44.9163069046
360 46.8848405436
361 42.6229214376
362 48.396781617
363 48.2365092533
364 51.626706471
365 45.3216573907
366 52.91773147
367 48.7854886359
368 54.2119149141
369 49.5612083772
370 61.9265488419
371 71.0415959871
372 47.8429910626
373 58.2373371442
374 54.5964172712
375 45.5565517418
376 47.411755741
377 49.2509078073
378 47.1537231706
379 50.2343222485
380 46.7581586814
381 47.3629663626
382 46.6537179987
383 51.6739477406
384 46.9961907168
385 43.6066517712
386 45.4945245721
387 50.2362512473
388 59.4694269326
389 49.0802835741
390 46.8701871989
391 49.4314483651
392 51.1052382242
393 49.2807436459
394 49.4933268602
395 51.0412271712
396 50.6474820266
397 55.9089725036
398 61.9436360201
399 55.9698405441
400 49.9617658865
401 50.0325242365
402 54.059057304
403 53.478026413
404 50.8441095442
405 54.7645591642
406 50.2782796943
407 50.68007163
408 51.8504445348
409 50.7584846531
410 52.6050913838
411 50.1230879092
412 51.6910395879
413 66.0801065834
414 50.6467690491
415 49.1519384463
416 46.4011280361
417 60.3036785739
418 54.5565894923
419 45.1146023638
420 49.5577337678
421 56.7851924555
422 44.8989091128
423 75.2015934625
424 52.8491314773
425 49.7796280532
426 52.2272767495
427 52.9204517319
428 51.0347075418
429 54.5873469875
430 53.1726603016
431 57.1204376211
432 49.1940981998
433 62.1935353563
434 58.7671526932
435 64.4728667617
436 57.1817542409
437 62.4752992841
438 54.43593243
439 46.8023336464
440 49.0794432368
441 55.2041091039
442 56.2499333851
443 53.1779094136
444 53.5677203413
445 64.4341870794
446 50.2336931057
447 53.3618781664
448 51.9000582177
449 50.4147195622
450 51.5880473019
451 51.4725587727
452 43.9364253592
453 61.0556100935
454 67.0644590727
455 49.1890475865
456 54.4910909287
457 55.7940785215
458 46.8800781606
459 47.0055681519
460 63.2128433996
461 47.3140251293
462 54.9691700691
463 51.7916699439
464 48.4142255589
465 39.6178125628
466 55.8355888477
467 47.2729566992
468 50.9045809695
469 49.8371748866
470 50.7666831223
471 73.1589128798
472 55.8302585991
473 47.0716677494
474 46.7140835385
475 56.5641802357
476 50.4263909509
477 57.8637402878
478 47.302072626
479 57.3058527175
480 50.486187356
481 47.9496744541
482 48.6319383755
483 54.9037095422
484 45.9480292411
485 57.9522316335
486 48.0892433913
487 49.5287034651
488 45.7482535125
489 52.5151070442
490 68.9583908793
491 53.5971961214
492 47.1904038562
493 59.8518332121
494 48.0062500881
495 60.6696682013
496 51.9192863705
497 49.8804271689
498 48.4044400173
499 41.1382334349
500 62.5656491568
501 53.5662414257
502 50.2436967221
503 47.7418782545
504 49.9664004578
505 56.3185038386
506 51.2100575129
507 46.4960628227
508 55.5608874858
509 47.8021568663
510 46.0835095204
511 48.9557012084
512 46.3756495761
513 46.5747253539
514 63.5565448508
515 61.9963742523
516 51.6949860791
517 47.8935275666
518 52.1230850805
519 50.9526845646
520 46.6976748315
521 49.7844732404
522 51.6031937483
523 47.4492726286
524 45.5249896943
525 46.4830370164
526 47.0680286562
527 51.1127777829
528 44.5197481965
529 47.7886325447
530 40.2608763554
531 54.8251026839
532 49.8068508369
533 62.0652500249
534 44.7481721877
535 57.4522366604
536 55.0515401836
537 42.6271087826
538 45.5447360571
539 47.7327192321
540 42.0035557462
541 42.9959853137
542 43.3983004382
543 43.8613157553
544 49.6775977613
545 44.785909958
546 44.9142161486
547 46.083401726
548 50.2331923989
549 44.2653844469
550 45.0156403554
551 44.2696570404
552 46.9290085709
553 44.9541259078
554 48.0436454293
555 46.1661265102
556 39.1522929955
557 64.9552830953
558 45.6118347441
559 42.5370874044
560 50.6278815721
561 51.8853126115
562 34.3426494808
563 44.2076501847
564 57.5196471053
565 47.7590988716
566 43.4195660282
567 46.4684945265
568 46.5099246916
569 57.9667020166
570 45.9657924037
571 45.1559389328
572 45.2502778702
573 48.9514870003
574 49.7794271968
575 43.6013894628
576 59.8861548932
577 50.3357176191
578 42.5903994562
579 43.4584357211
580 49.7836656725
581 61.0844913721
582 46.3889434488
583 46.3997257217
584 43.5852709382
585 57.7658353065
586 56.6657520229
587 65.2879478884
588 54.2310200234
589 61.4828139629
590 61.0670528087
591 57.407892396
592 52.8238331667
593 52.671327876
594 56.295583081
595 51.7615830746
596 51.9038653842
597 60.8701603822
598 52.2903426481
599 54.2923768812
600 57.0905575363
601 54.1991163973
602 51.0602339447
603 52.5040389849
604 54.4868604621
605 52.6432266682
606 43.7533287437
607 58.7555885825
608 57.6990972154
609 56.1067385033
610 69.8801943691
611 52.4281963053
612 49.9016169149
613 40.1260912437
614 48.1029169511
615 53.6958869143
616 55.9469515425
617 75.1257927802
618 54.3808069048
619 44.4515132255
620 53.754265062
621 53.6033881837
622 61.850480876
623 53.5290861976
624 53.759823908
625 54.4404616963
626 47.6062695423
627 52.980497793
628 48.2456347689
629 53.5218090824
630 52.1352343421
631 55.0457080154
632 56.3665440388
633 63.4950189108
634 49.7057745485
635 53.8203094782
636 53.0654469428
637 57.0987211656
638 54.3442985025
639 54.4616665695
640 50.21952607
641 52.9477160001
642 54.5050020318
643 54.4130231789
644 52.8789385898
645 64.7051597933
646 56.1848863781
647 58.1543688609
648 58.062838973
649 52.6678278352
650 62.0771855238
651 47.601217525
652 44.6440434453
653 45.8550128257
654 46.5725141731
655 50.8055931144
656 48.1852785171
657 48.384590397
658 49.2190549409
659 47.9632428698
660 50.674300808
661 54.3456388943
662 48.0505382436
663 43.6175695894
664 44.9421426225
665 46.9990835887
666 50.4592946714
667 64.2357424328
668 45.484681527
669 53.080404304
670 42.1302811738
671 50.7514469546
672 56.0130558909
673 44.6034162948
674 40.3696327846
675 46.811077119
676 45.1007072669
677 69.6762149512
678 47.3348260291
679 45.6759594337
680 46.8666419064
681 45.8911781309
682 47.1910251598
683 45.4948875868
684 69.4888168566
685 47.9240130113
686 45.3812856584
687 46.2996649725
688 48.4806546449
689 45.0268303661
690 47.9028692743
691 53.8537087643
692 45.9450808701
693 42.8800152208
694 44.2973754355
695 45.3534147994
696 59.5017426178
697 47.2898589188
698 46.7335022664
699 45.1859529021
700 55.4186167048
701 44.9202127646
702 46.8986718041
703 43.3351652256
704 45.0882238335
705 50.5111471872
706 55.4716121997
707 44.9621543112
708 53.6830350869
709 53.2956019063
710 45.1935221929
711 44.4554904089
712 43.7328666233
713 60.7638217529
714 38.6077589564
715 62.4902817359
716 52.9936648002
717 52.5259954946
718 60.0436828457
719 57.4225482721
720 54.2368107467
721 61.4204932134
722 51.8007860165
723 61.201976305
724 57.9866000941
725 69.4782660512
726 60.0306469927
727 55.5823168292
728 57.3307129772
729 67.0175346467
730 60.1345144695
731 57.285353578
732 52.3832265644
733 63.9748892306
734 55.3775978492
735 58.5416414263
736 62.866504141
737 53.1160408733
738 67.5464654327
739 50.3717614182
740 65.4000234763
741 59.023854403
742 72.3356240637
743 51.0328408348
744 54.0193316749
745 60.5817533391
746 54.3902963004
747 56.1718511269
748 59.3555897426
749 69.445390692
750 54.9829716651
751 70.0418279692
752 59.9723165566
753 60.6245512153
754 55.0703361966
755 57.3364735301
756 68.434205928
757 54.538218981
758 78.0521554251
759 52.2806878655
760 63.0947597928
761 56.84475084
762 62.7882022831
763 53.4396145143
764 52.3106605154
765 61.2498043139
766 53.0192718502
767 62.4857812528
768 71.2359288985
769 59.8086791369
770 58.0066542732
771 61.9117995169
772 50.4785181961
773 67.7655602539
774 55.9217279115
775 58.8797042724
776 51.4464390884
777 52.6504259041
778 60.9983407757
779 54.3619661332
780 46.9583718278
781 58.0368287823
782 54.2344063139
783 55.5757864716
784 51.6417765079
785 48.5373689364
786 40.0614069375
787 41.7098464723
788 52.3046000211
789 48.034357123
790 48.9443914085
791 53.6037355681
792 53.0147128459
793 43.9845791915
794 48.1272352643
795 46.8403142646
796 49.5200040995
797 50.5541050656
798 53.3291478877
799 36.5751596019
800 48.3030804467
801 49.2208078153
802 49.079073297
803 48.036479072
804 44.6936431242
805 43.2557060818
806 50.9063922085
807 48.2455316026
808 50.5526886349
809 48.7279316492
810 43.1373164434
811 67.5739792903
812 35.5466937749
813 57.967146338
814 53.2494216804
815 52.924067582
816 49.0253496725
817 49.7138637408
818 54.078627331
819 46.6329609871
820 49.2337013808
821 49.3508097264
822 61.7134545854
823 55.9840782995
824 50.6204314903
825 49.9034833731
826 52.8640350646
827 48.6771517552
828 48.5566940927
829 50.2664842665
830 51.6798142126
831 50.1725631351
832 52.5028482445
833 44.8685394274
834 48.4386463375
835 47.8230074276
836 50.0112923921
837 50.8446005125
838 60.3892101287
839 49.6051137003
840 65.9510741028
841 52.6013182522
842 49.820840758
843 47.333294732
844 52.2726798618
845 67.09070741
846 47.1477268884
847 63.8040971184
848 65.2896660969
849 67.4678617224
850 58.948186129
851 63.349173109
852 49.1501418872
853 70.6366152919
854 54.6188870873
855 70.9104366289
856 63.7654491821
857 65.431513441
858 59.8911325467
859 58.1481004196
860 62.6820722565
861 58.5450044732
862 58.9366262523
863 67.5263460635
864 67.1497534527
865 60.4442161194
866 44.0386703055
867 48.3021729648
868 66.2257395985
869 63.7071154491
870 45.526529211
871 53.407904639
872 44.744120897
873 62.3060399214
874 55.1502877045
875 57.8330746754
876 66.3940757949
877 68.2683969732
878 64.1884960667
879 40.4571696078
880 53.5738200318
881 65.823401576
882 62.6773136791
883 71.541522416
884 61.5562861508
885 60.4975369538
886 44.6615110869
887 62.5550721688
888 65.6164879215
889 57.9165214103
890 54.9750305714
891 45.6803046694
892 54.2552098728
893 52.9540458778
894 63.2822510361
895 64.9985914549
896 65.4785278657
897 58.3326667548
898 45.3337175598
899 63.4582943072
900 63.2466721559
901 57.8210471351
902 69.3421745354
903 55.0684449665
904 48.497690712
905 62.9968459715
906 65.7293767407
907 64.8148687016
908 65.1474710382
909 72.0418323509
910 52.8220864682
911 56.0729705792
912 51.5572679604
913 49.4145530179
914 51.2856021826
915 40.8723217484
916 52.5345607938
917 55.0640384837
918 48.835962027
919 27.8657950989
920 50.4133012018
921 61.3781016749
922 50.1781222169
923 44.4415399096
924 62.9338751522
925 48.2393491
926 47.7757250808
927 50.2209476538
928 50.8619563813
929 47.3225656759
930 55.1838063995
931 44.1104942267
932 54.3015521719
933 48.4990133516
934 50.080157103
935 44.5021453092
936 49.124814522
937 42.5498528679
938 51.015491176
939 49.1970399585
940 50.2263674144
941 52.5980837037
942 50.4589164632
943 49.0643636689
944 49.2889193879
945 61.257163736
946 46.2831514078
947 44.7100192763
948 49.9302656591
949 45.4508077238
950 58.3425066555
951 51.1629141129
952 50.0853797957
953 48.0627567877
954 50.6854394297
955 53.9950753724
956 50.4515581789
957 69.7329720836
958 47.0206447458
959 48.9688355955
960 49.5812014509
961 67.587016104
962 41.2978600448
963 52.6080149141
964 50.4829844525
965 48.1688905069
966 46.7938270357
967 49.0078631305
968 52.8276809268
969 52.4296528048
970 55.4103078958
971 51.1492606843
972 52.4002520461
973 51.2067226771
974 42.3385507652
975 51.0474728507
976 48.443606975
977 71.5412079347
978 50.0947381808
979 47.7710070644
980 44.6422493009
981 48.5880855134
982 50.0596118053
983 44.3099451394
984 51.4837868146
985 50.0565711955
986 40.3890892478
987 46.4183038169
988 49.9384530683
989 54.7564026525
990 55.4449946298
991 55.1373106941
992 57.162281406
993 62.2030483021
994 47.7387075379
995 46.1660358266
996 52.7431415792
997 50.0569784833
998 46.8523142749
999 50.0385249755
1000 57.1541523329
1001 60.749171383
1002 53.8909512995
1003 56.5212685953
1004 64.5752701594
1005 55.3232017999
1006 49.3924195766
1007 50.0761169927
1008 55.382669622
1009 47.7148066831
1010 43.1531549086
1011 58.4770996189
1012 50.5219302503
1013 55.3624528282
1014 48.2306031707
1015 62.6184568624
1016 47.3843155085
1017 56.1163424413
1018 48.9296997064
1019 55.2264713055
1020 53.2918008886
1021 68.3437377478
1022 55.5389578773
1023 47.211139325
1024 49.8287272343
1025 63.1480974065
1026 55.2288176558
1027 57.0942777329
1028 55.3966710523
1029 50.8751817601
1030 49.7729754896
1031 51.4530192293
1032 48.3788497774
1033 51.5188506294
1034 48.5797156101
1035 51.795383856
1036 48.4192549264
1037 47.1502050353
1038 49.1227018134
1039 48.1471395882
1040 46.5610643971
1041 54.3675286373
1042 66.1999982869
1043 49.0813717623
1044 59.1155189261
1045 60.11193194
1046 47.5639718474
1047 55.0521358646
1048 49.8632713812
1049 49.5685095198
1050 40.6972895334
1051 49.2143090519
1052 50.801976342
1053 43.86233804
1054 54.0742265245
1055 48.7218816974
1056 65.4129608381
1057 47.6343922572
1058 48.9334360022
1059 47.8632626788
1060 47.7721687558
1061 72.6012423538
1062 63.1979840635
1063 57.9028245655
1064 45.6412838889
1065 47.8712220907
1066 53.8568879279
1067 48.3598422185
1068 48.0371582572
1069 59.357680593
1070 55.4817712904
1071 60.5507205579
1072 48.0996585602
1073 60.4880608122
1074 52.3525762567
1075 62.4204982466
1076 50.8027416087
1077 61.579104206
1078 49.6294955916
1079 51.1212460467
1080 61.361889023
1081 61.2031364858
1082 48.8749451992
1083 52.0460413998
1084 47.3231271185
1085 57.296733944
1086 47.7760152173
1087 58.0344928939
1088 51.1898519731
1089 52.5732956169
1090 46.3271160518
1091 48.8548153584
1092 46.8680993845
1093 58.6781654287
1094 51.924665669
1095 51.0182319026
1096 53.1710991535
1097 51.393986714
1098 47.7625191206
1099 55.9180444641
1100 43.3804332993
1101 45.2671436376
1102 43.695072379
1103 45.6543390761
1104 48.1766661753
1105 55.9868474323
1106 46.8607347831
1107 47.3768056835
1108 63.1680120966
1109 51.6748680814
1110 49.5913594514
1111 45.8987819825
1112 48.9242141059
1113 47.685888639
1114 48.2111632126
1115 47.5029839636
1116 48.1280286508
1117 52.2969769938
1118 48.2700454464
1119 43.3597006746
1120 54.4234600036
1121 43.012374238
1122 52.5054300768
1123 46.9457536611
1124 46.8798036438
1125 48.6016066521
1126 43.0342090243
1127 59.0068376227
1128 70.2426500549
1129 47.1344252209
1130 50.5881884054
1131 51.8650458144
1132 44.8331622825
1133 47.1010983548
1134 48.3592697659
1135 55.601826327
1136 48.8594866335
1137 48.1288492474
1138 50.7201021063
1139 47.568160425
1140 46.7628939097
1141 46.4597906544
1142 23.0477487356
1143 46.174617194
1144 56.1204392008
1145 50.4312514234
1146 47.2998094348
1147 52.3333560839
1148 48.4569954904
1149 46.4243350737
1150 46.0999685026
1151 48.9405565467
1152 49.5590394311
1153 50.4292019703
1154 46.6403222153
1155 47.3127600731
1156 49.6094332718
1157 56.1501411811
1158 44.6648959366
1159 42.5967962599
1160 58.9538482972
1161 47.1636574589
1162 49.6374718075
1163 55.7663678016
1164 47.0398348643
1165 45.5166769658
1166 48.3568897415
1167 49.3888406192
1168 63.5354810104
1169 60.0679679037
1170 59.4884703528
1171 50.2948831591
1172 43.5532717392
1173 50.8814145658
1174 52.5681867514
1175 61.7416978416
1176 49.8313408228
1177 58.0269964496
1178 50.659199481
1179 54.9278216507
1180 62.0378511945
1181 66.9880389906
1182 48.87599658
1183 50.1491022303
1184 49.5449336726
1185 53.0622645869
1186 55.1013658313
1187 48.4478011088
1188 52.0664154223
1189 58.0146502067
1190 50.5576095102
1191 59.4094542518
1192 51.7733068786
1193 48.2438745047
1194 46.6272317033
1195 62.2300688159
1196 52.7639734195
1197 51.7333143817
1198 52.81963454
1199 53.7344280407
1200 75.7200048292
1201 47.9295851327
1202 46.9920350064
1203 42.8707537084
1204 49.8463860713
1205 64.1100028958
1206 49.9482144039
1207 52.7114203606
1208 56.7192281324
1209 52.5521430913
1210 51.0869905312
1211 52.1166948533
1212 52.9724463606
1213 64.3112363307
1214 55.5875730845
1215 60.0521572507
1216 55.6812366928
1217 27.1128287591
1218 48.4928241737
1219 27.0064336207
1220 52.9159322136
1221 51.437614449
1222 49.7339068437
1223 49.6897159884
1224 50.2544542935
1225 51.1837578441
1226 57.6549370433
1227 59.0243685156
1228 50.347876238
1229 52.6180195505
1230 54.52839962
1231 57.4488710917
1232 61.9581196464
1233 40.4602983496
1234 56.6008206659
1235 59.8045707978
1236 54.8774571694
1237 53.7621902247
1238 61.293463536
1239 55.7474045666
1240 64.9169785792
1241 52.8831785744
1242 53.9097482189
1243 50.2080728488
1244 52.7556879135
1245 57.6531517974
1246 56.2275833973
1247 40.8345926231
1248 53.4337246039
1249 54.9428847889
1250 50.3122444762
1251 53.50710689
1252 54.6649207863
1253 52.7623692746
1254 53.236976654
1255 61.0993756654
1256 53.3139080505
1257 52.0343197298
1258 51.8020821141
1259 53.7637442568
1260 65.2834554381
1261 62.830919029
1262 60.8636197818
1263 48.1695523157
1264 66.3698366614
1265 54.0012168456
1266 53.6452011642
1267 58.6610331462
1268 51.9968701705
1269 71.5806828858
1270 54.9717040134
1271 53.463493134
1272 63.2196418193
1273 52.5550899751
1274 66.9312271674
1275 64.9092612598
1276 65.2440146284
1277 54.7193740951
1278 52.4680109654
1279 63.058913394
1280 57.3927945923
1281 55.1741177202
1282 52.0157134517
1283 50.055026651
1284 58.0850132983
1285 71.0593897243
1286 51.8008986335
1287 51.6994583231
1288 53.1744918255
1289 58.2184723834
1290 51.3422517037
1291 76.2682416402
1292 49.6943452445
1293 63.5462261996
1294 52.6295914618
1295 51.4426727111
1296 63.0636941642
1297 39.837248496
1298 54.97057345
1299 55.3308176167
1300 49.5558911944
1301 47.5192904218
1302 53.2167868544
1303 36.0030141531
1304 52.3273853621
1305 59.5024254424
1306 45.3981633578
1307 59.4490264837
1308 49.1800134454
1309 46.9997629597
1310 45.1511711448
1311 49.0091397892
1312 49.8453815292
1313 51.9516710955
1314 54.2102198897
1315 58.0029538325
1316 58.7671876841
1317 66.5079543164
1318 49.9683058609
1319 75.6314827279
1320 54.7088867129
1321 52.6996030296
1322 49.5957787102
1323 39.8753947231
1324 45.9994849074
1325 49.762199383
1326 55.3788933098
1327 50.9197575901
1328 55.2557878293
1329 47.5625553749
1330 49.7184334407
1331 55.54391157
1332 48.1506252312
1333 56.035291597
1334 51.5859870971
1335 53.9730955677
1336 46.0056192776
1337 54.2923439988
1338 45.3752600186
1339 50.749521227
1340 54.3577530658
1341 45.1475275499
1342 52.5705420184
1343 45.2356655016
1344 45.7510410699
1345 51.4994283028
1346 63.5657841487
1347 54.9180649439
1348 55.1337355938
1349 47.5376949434
1350 56.2742807526
1351 53.3089074634
1352 46.0823549588
1353 50.6350347625
1354 60.8367713911
1355 52.8082298673
1356 52.6607276226
1357 50.2729716885
1358 53.5227418726
1359 49.5973568131
1360 46.7850844075
1361 51.1909241745
1362 45.0597679747
1363 46.9846724824
1364 45.5860173246
1365 60.3781268562
1366 46.8933057539
1367 53.5897742654
1368 52.6856773096
1369 49.784756395
1370 54.0262876874
1371 48.6511060411
1372 47.8771643468
1373 70.4661462328
1374 58.2163059381
1375 46.5589699422
1376 66.3997097448
1377 55.6820597439
1378 56.1557664867
1379 47.9720389983
1380 49.2105436829
1381 49.7493841264
1382 54.0007538162
1383 55.97593562
1384 46.1600648904
1385 47.3896034166
1386 48.5436612194
1387 50.5110555063
1388 47.755364225
1389 51.7426954003
1390 48.3292893439
1391 46.7751909919
1392 58.4359900596
1393 50.3567953504
1394 57.0511495337
1395 48.2547367558
1396 49.2142118361
1397 52.9377487786
1398 51.4899987231
1399 38.9377978235
1400 43.4184285118
1401 47.5647659133
1402 47.3071660114
1403 47.3965937851
1404 47.2611200117
1405 53.5338720246
1406 48.3408013261
1407 57.8976804943
1408 52.0382970733
1409 52.5474370472
1410 49.8080746045
1411 59.8347581488
1412 58.9831447829
1413 48.4740934768
1414 53.1904426303
1415 53.5804542911
1416 46.1915389006
1417 53.6830323928
1418 62.8402324375
1419 47.8493064835
1420 60.4191722819
1421 51.4029190704
1422 50.3194511407
1423 52.6005568285
1424 49.1691743179
1425 47.5665636234
1426 48.2500873747
1427 54.3225663779
1428 49.9845659975
1429 51.9172498529
1430 52.6081785571
1431 50.3175562076
1432 46.3464994237
1433 48.8027446869
1434 63.6447958126
1435 47.693116057
1436 47.9194777188
1437 48.8851642933
1438 48.0202147868
1439 48.4852831591
1440 46.3308708188
1441 51.8498132341
1442 48.6727257169
1443 53.363669925
1444 47.3451327603
1445 60.9741923501
1446 46.7441574491
1447 51.2937560014
1448 50.2223468339
1449 44.6786440879
1450 69.9329133144
1451 55.2364661451
1452 28.7112718772
1453 50.9061832048
1454 54.6407875905
1455 46.3263410635
1456 57.6907699334
1457 52.112784973
1458 47.6953217594
1459 49.1958925656
1460 47.5771667119
1461 49.9285645122
1462 82.025203317
1463 52.273837164
1464 51.0676859544
1465 48.3528951127
1466 44.7587127944
1467 42.2681658112
1468 56.8430702289
1469 49.804859661
1470 60.0389455113
1471 50.2118570786
1472 53.1216211632
1473 50.5102450523
1474 73.6647421145
1475 47.8090847647
1476 54.8903952979
1477 55.5472504812
1478 48.6816322828
1479 48.2609240333
1480 48.5868164159
1481 55.2899501679
1482 49.6354195818
1483 49.7415486281
1484 46.5404389484
1485 49.4684792217
1486 49.974501625
1487 50.6776692977
1488 38.9975053014
1489 44.4287459267
1490 52.2757900498
1491 51.6187636262
1492 58.7243117052
1493 52.9262483794
1494 46.1029418242
1495 60.8355852912
1496 56.780749552
1497 52.3750544539
1498 52.7523811945
1499 49.0642433482
1500 53.8172397041
1501 54.1132305283
1502 52.4252032699
1503 47.3073291971
1504 49.7540814398
1505 44.7868365011
1506 51.5199028484
1507 57.3006535801
1508 46.968222838
1509 52.5131464555
1510 49.417012976
1511 57.1320375361
1512 51.0532208109
1513 48.1643703082
1514 55.3801845002
1515 67.3973064115
1516 50.8854976274
1517 58.016817888
1518 51.7025755758
1519 48.0653967688
1520 54.2664352871
1521 50.1262812091
1522 58.6348363223
1523 64.0233750634
1524 51.0275015321
1525 50.772266972
1526 51.4249327925
1527 50.5007585526
1528 39.4117896348
1529 49.1158005572
1530 47.7687479682
1531 50.1287554724
1532 43.4670032683
1533 51.9346045058
1534 39.7791884697
1535 51.2602448351
1536 36.9574412622
1537 52.3433694903
1538 52.5439027755
1539 53.737511267
1540 52.3648643971
1541 43.9656838448
1542 44.66654245
1543 50.5984742753
1544 48.150723636
1545 51.1080659677
1546 52.4823889384
1547 52.8016384767
1548 56.5319232228
1549 51.2262315187
1550 51.4647067483
1551 46.0380083707
1552 56.1035603445
1553 57.6232092121
1554 53.4107767836
1555 54.6202080917
1556 43.5328281372
1557 64.0320109954
1558 51.3841739191
1559 51.3603156467
1560 59.3588452145
1561 54.6003531843
1562 54.7276488978
1563 50.7012762282
1564 56.5383100334
1565 49.5589635592
1566 57.0018424503
1567 52.3806056223
1568 53.5462710239
1569 52.1625122902
1570 45.0901378286
1571 42.5198356344
1572 54.1128532539
1573 47.4012455273
1574 49.6236811003
1575 47.3161658316
1576 54.858049658
1577 52.0362576952
1578 61.7684443719
1579 52.4601652753
1580 55.2799156064
1581 56.5263202532
1582 52.9962180876
1583 42.0113646105
1584 53.7212297234
1585 51.9112780658
1586 55.5527469677
1587 56.3795136422
1588 43.2605500296
1589 50.1382592855
1590 53.2251532455
1591 47.7277596056
1592 59.2224152877
1593 65.500532974
1594 52.790868664
1595 52.0371365027
1596 53.2719610835
1597 57.6390607168
1598 52.4236327164
1599 50.0443026191
1600 51.9391136724
1601 58.5087768904
1602 50.6104630726
1603 65.2950453792
1604 53.794423761
1605 41.5808729429
1606 53.2183813376
1607 52.159398768
1608 50.6011047962
1609 38.1823108325
1610 57.8515213575
1611 52.2416133709
1612 47.2989815413
1613 52.9951263701
1614 54.2236541727
1615 49.9719439951
1616 51.8695039559
1617 78.6947722893
1618 74.2857874065
1619 73.572723026
1620 68.8500454714
1621 69.8273106891
1622 56.5050585706
1623 62.7449554307
1624 63.0582862622
1625 75.6138236898
1626 65.1044458901
1627 51.1039653586
1628 53.7171048525
1629 59.3218238039
1630 82.2001235803
1631 55.8430406475
1632 68.2895156275
1633 65.2477896953
1634 76.328562044
1635 68.076775433
1636 79.9721645059
1637 69.4928125102
1638 77.4679513864
1639 75.2226923108
1640 70.0452443331
1641 80.5098686919
1642 60.032225239
1643 69.9754704889
1644 71.8993176606
1645 63.36360982
1646 66.3184412462
1647 84.2636546904
1648 69.2899909761
1649 64.3128538937
1650 68.5286081724
1651 64.3511489837
1652 60.3203595421
1653 81.1406346764
1654 59.6923279093
1655 66.310962121
1656 84.7027431042
1657 73.7851104684
1658 65.3189141913
1659 57.8021014096
1660 69.2009674369
1661 47.4479399577
1662 64.5695549016
1663 71.9696416937
1664 47.8505192706
1665 61.2165580349
1666 62.1054818509
1667 73.3021287828
1668 76.0970088046
1669 55.6497976884
1670 69.6722967983
1671 85.4642802079
1672 81.4467822359
1673 70.5140533631
1674 75.5835611127
1675 63.8997426937
1676 76.8828524541
1677 82.9331862306
1678 44.5303974782
1679 54.8224995903
1680 55.7004795447
1681 62.4213546389
1682 64.6681397772
1683 48.9900065074
1684 67.8263230803
1685 51.6274725673
1686 53.4246658643
1687 51.2490906333
1688 46.0179073387
1689 54.9482404128
1690 52.6070152342
1691 52.4018502388
1692 53.7769318383
1693 50.4956594012
1694 57.646574971
1695 56.9993347048
1696 59.5312725032
1697 52.2998218043
1698 58.7686475237
1699 73.034196054
1700 59.1963601255
1701 56.0412103194
1702 65.0756429064
1703 53.0062068056
1704 54.5683343689
1705 71.3837094663
1706 57.6207191939
1707 54.1606287213
1708 62.7473856647
1709 63.8820837581
1710 57.3893854892
1711 54.19835592
1712 54.1154116228
1713 55.3928124952
1714 51.3005035834
1715 55.0830298932
1716 65.1068838774
1717 53.6264965514
1718 57.3489113432
1719 57.0450656207
1720 67.3042146261
1721 53.1032904073
1722 59.9549006618
1723 63.3289112741
1724 57.7107359665
1725 59.8909329742
1726 63.4687764493
1727 54.3103466784
1728 54.034531654
1729 57.0812502609
1730 53.3345852875
1731 58.6270918589
1732 41.9800479802
1733 50.828184879
1734 48.9910272793
1735 51.1290677195
1736 67.2377245407
1737 61.32473038
1738 53.6558542808
1739 55.643433341
1740 53.8202544322
1741 56.959289372
1742 56.4559725112
1743 49.0914779678
1744 55.5879913138
1745 49.5747600867
1746 52.0941224387
1747 49.5787809432
1748 53.6082878564
1749 62.5084933519
1750 69.0217107783
1751 50.203720268
1752 45.9908330884
1753 48.3635284185
1754 56.651024378
1755 45.1848291135
1756 53.6529447722
1757 58.0335977387
1758 53.8460903963
1759 44.8716429063
1760 64.2755653934
1761 56.053185538
1762 58.2772663371
1763 49.3738957298
1764 63.1035996616
1765 41.5305934523
1766 50.8737798516
1767 47.5461550109
1768 50.5196266749
1769 51.8083453717
1770 57.3423438856
1771 54.4659389335
1772 43.8289349095
1773 47.8930359133
1774 57.2963120943
1775 50.5650273652
1776 49.2614290534
1777 46.7736067922
1778 46.8589426492
1779 49.2843607346
1780 54.3063657883
1781 56.8984927935
1782 54.1103103432
1783 46.1667701164
1784 39.7771906685
1785 51.9704831425
1786 59.2278223596
1787 56.8477614866
1788 52.6093248078
1789 48.6103923415
1790 45.8954723841
1791 49.4435450944
1792 44.7800883587
1793 54.0395867105
1794 52.303491024
1795 51.7515109043
1796 51.7003006202
1797 59.8912526062
1798 51.8992232455
1799 48.0081503812
1800 45.3972112629
1801 43.972638797
1802 60.2469331122
1803 48.3264915464
1804 50.7997633619
1805 54.4941413928
1806 56.4752132101
1807 51.5451848898
1808 62.9432533123
1809 70.5660643275
1810 69.7913024128
1811 76.2932355567
1812 85.7798083652
1813 59.3065463024
1814 64.7507110746
1815 75.707464561
1816 71.6524517156
1817 75.5720893861
1818 70.6506008629
1819 81.7254637428
1820 61.8870165138
1821 66.0002294001
1822 64.536051901
1823 62.3938478696
1824 75.9195299379
1825 63.682761175
1826 66.7232371151
1827 66.7162166872
1828 73.974203811
1829 64.9424873202
1830 67.4990705868
1831 71.1163087588
1832 59.9282456024
1833 76.4726625011
1834 74.7217394795
1835 68.1880615429
1836 73.98236745
1837 66.6392890789
1838 76.6559541198
1839 59.1797147082
1840 63.5975652668
1841 73.2979069548
1842 72.5642562338
1843 63.9718650885
1844 59.9548131825
1845 69.1768471515
1846 62.8285143048
1847 70.4636857823
1848 73.0637534901
1849 94.271816509
1850 64.0103406873
1851 71.1181408508
1852 58.5081517027
1853 66.9406214324
1854 68.4099610134
1855 60.2484947324
1856 63.9236451254
1857 60.1507341669
1858 82.1810515965
1859 79.1054914903
1860 63.9589317093
1861 76.1966018545
1862 67.4322356191
1863 66.0048288099
1864 65.1764414149
1865 51.4381313665
1866 69.033388878
1867 60.4572704959
1868 88.8486586411
1869 77.7456004711
1870 70.4832964082
1871 69.341291646
1872 70.27758693
1873 72.6508967984
1874 74.5305280678
1875 70.3533964096
1876 60.9647488584
1877 66.633252054
1878 78.1762521555
1879 69.0338005606
1880 84.708054747
1881 67.7454193746
1882 63.5133568066
1883 85.7916194479
1884 83.3092359591
1885 57.6824481041
1886 65.7053865192
1887 70.5093197629
1888 68.3074432256
1889 81.6366979169
1890 65.9649741932
1891 80.3677125746
1892 73.8364604256
1893 60.8633594593
1894 66.5741533141
1895 63.5856095207
1896 62.1292317726
1897 82.486527621
1898 72.0823381357
1899 50.5181364698
1900 66.125624016
1901 54.1132818815
1902 57.938484273
1903 46.0528041021
1904 54.2431406076
1905 64.3575107141
1906 60.1024602285
1907 57.0014598194
1908 51.5206847622
1909 68.4985205064
1910 54.0983992524
1911 53.8492323792
1912 45.037121885
1913 63.8860211733
1914 64.6844240701
1915 64.0885043019
1916 53.1946549873
1917 54.4499075207
1918 53.6796299887
1919 51.3057253051
1920 54.2154376482
1921 51.7991629255
1922 64.7856255954
1923 51.1595635054
1924 51.9759041918
1925 52.8362410199
1926 53.1421077862
1927 68.1490753188
1928 58.224899972
1929 53.5473047473
1930 60.480153537
1931 48.1637480322
1932 53.5886285464
1933 54.8711115188
1934 51.4355928569
1935 68.221672157
1936 58.453566729
1937 60.4440743795
1938 53.3481950822
1939 51.1719502745
1940 50.6279887532
1941 51.8006955618
1942 60.8221309254
1943 53.4261451451
1944 54.4493312307
1945 54.0257489901
1946 53.8666325744
1947 84.7856812198
1948 57.8380605502
1949 62.7124001835
1950 52.7859292384
1951 65.6660281855
1952 52.942949619
1953 52.5467689927
1954 53.2391437075
1955 59.1153757474
1956 62.3312951392
1957 58.1527342295
1958 53.3087054295
1959 58.5134236517
1960 62.3210853008
1961 59.0797335633
1962 67.9783502733
1963 67.4998999077
1964 61.6551877362
1965 54.4190206097
1966 48.9866837362
1967 59.5344003444
1968 55.821064945
1969 57.4758582057
1970 55.4793129151
1971 50.8777362213
1972 47.5963237473
1973 50.3440501747
1974 64.9691080823
1975 62.6860808879
1976 54.9581915607
1977 52.6028294355
1978 49.958464015
1979 49.9833472695
1980 51.0560211779
1981 47.965201474
1982 48.1959537736
1983 57.5381741363
1984 59.3727057073
1985 36.6365805956
1986 49.4053587139
1987 63.2815835415
1988 47.7297584849
1989 58.0862044137
1990 56.9556925312
1991 74.434812606
1992 59.6321178468
1993 52.0945656433
1994 44.5415270417
1995 50.9015603326
1996 53.344454542
1997 50.2048829799
1998 53.2038068647
1999 62.2189286939
2000 58.3897831586
2001 62.0766611148
2002 55.2281727574
2003 46.3381963875
2004 47.6884067247
2005 34.7882485616
2006 58.9007364623
2007 53.1757004159
2008 56.2581617756
2009 54.7669186892
2010 47.6987851825
2011 45.764238307
2012 54.6793920379
2013 47.2741954637
2014 48.6735943222
2015 42.0546409562
2016 73.2177555746
2017 48.7968448109
2018 57.9630336123
2019 54.6759546383
2020 48.7878750509
2021 53.7338357848
2022 55.1251198903
2023 56.2229315281
2024 52.1271026079
2025 55.6537417854
2026 49.3881586649
2027 54.881900753
2028 49.732406374
2029 61.2356503695
2030 53.692856343
2031 50.9591273161
2032 48.246074896
2033 62.419497908
2034 49.3114942914
2035 53.3850332206
2036 66.057228282
2037 55.4855583729
2038 49.9901263045
2039 54.4020465558
2040 49.1406969061
2041 53.6185668074
2042 51.3483929943
2043 47.3061710879
2044 50.7560103393
2045 67.730634985
2046 58.6967463507
2047 50.8756764306
2048 51.3425132023
2049 53.3523190403
2050 56.5272119004
2051 48.3824247839
2052 55.887322695
2053 48.2031324334
2054 50.1385663664
2055 54.655790779
2056 64.5425794062
2057 64.6066675787
2058 50.4761527918
2059 53.6530715913
2060 52.0465147475
2061 58.5359306812
2062 45.5347487474
2063 61.3634040322
2064 52.198679629
2065 51.9948428227
2066 54.6729183941
2067 51.1287339821
2068 59.1273382301
2069 50.8338313734
2070 66.9146113982
2071 52.4596136877
2072 49.4920476455
2073 57.0765335239
2074 53.6664237448
2075 66.5123104641
2076 49.4730407761
2077 49.0459963333
2078 50.1327822751
2079 61.4460428424
2080 55.9994838319
2081 51.8675268397
2082 50.8513250598
2083 56.9544895709
2084 41.7652370798
2085 49.7694778416
2086 51.9516062076
2087 50.5277000938
2088 51.8090811395
2089 45.6027883749
2090 54.2258954142
2091 59.135728249
2092 52.1254736267
2093 39.5455436493
2094 47.0225517041
2095 45.7124399783
2096 48.519089606
2097 39.0900238544
2098 48.5490826522
2099 49.6720428914
2100 57.0285806738
2101 47.0773567439
2102 52.0270045152
2103 51.9172425314
2104 49.0912333393
2105 55.6585227687
2106 53.4085100714
2107 54.6823468755
2108 65.4025415847
2109 51.4435413837
2110 49.7507101266
2111 48.9134522562
2112 44.4758121288
2113 58.1653062281
2114 48.0232191686
2115 49.6532498642
2116 53.0428578321
2117 50.2298022742
2118 50.412294706
2119 65.0170902297
2120 49.8429843415
2121 60.3676359503
2122 52.5500311595
2123 53.1984417505
2124 43.0124428778
2125 42.4161914973
2126 51.7380440795
2127 52.2618336711
2128 51.0706080936
2129 51.7536011325
2130 51.3982026934
2131 39.8779130762
2132 51.593428194
2133 50.6886635893
2134 58.7479246147
2135 51.6260139243
2136 47.8029659837
2137 65.9377098462
2138 50.6394034109
2139 56.0515377002
2140 52.1111669121
2141 46.8595590244
2142 48.3387952125
2143 56.6531778911
2144 49.0363948616
2145 52.391883175
2146 46.7909471951
2147 47.651655125
2148 52.9652961741
2149 51.9047861258
2150 53.2035154919
2151 47.4545326085
2152 46.7010719693
2153 57.6263629967
2154 46.5648256123
2155 58.8895073663
2156 47.4248583409
2157 44.5391861315
2158 45.769794811
2159 63.5943341074
2160 52.3527574395
2161 54.9182102266
2162 45.3094504268
2163 55.5540683244
2164 58.5532935747
2165 56.6753035221
2166 53.0040241723
2167 52.555996802
2168 51.0068577694
2169 54.8583019775
2170 50.1899680112
2171 75.6713150453
2172 56.7337073016
2173 51.729035807
2174 54.3200284342
2175 53.7904160364
2176 50.9316043174
2177 51.4304762665
2178 52.0592346414
2179 54.3997222626
2180 51.7861665333
2181 54.7583831677
2182 52.1495446249
2183 47.1583506087
2184 65.4578185989
2185 51.0604903979
2186 55.336980098
2187 51.4117588629
2188 48.6650744865
2189 63.3523667133
2190 67.5803851265
2191 60.2122469647
2192 57.0070220793
2193 53.4467020412
2194 52.4373426877
2195 59.6322268856
2196 55.9382125379
2197 52.8942908784
2198 57.7305187874
2199 46.5526108633
2200 58.079436428
2201 51.7118115081
2202 57.9187835
2203 70.2570219318
2204 53.5556841254
2205 58.1936354413
2206 54.1586091688
2207 58.164246606
2208 51.8628952535
2209 60.4680706542
2210 51.7150506599
2211 62.2242571127
2212 48.7276765412
2213 56.208525686
2214 45.0867744477
2215 53.1325025686
2216 48.9558234863
2217 55.9926768115
2218 52.69733956
2219 41.4069782447
2220 56.1643029114
2221 49.5707999988
2222 52.9697855877
2223 56.0026008009
2224 47.4187724562
2225 55.2705998681
2226 55.7989141038
2227 49.6337625783
2228 64.1669821427
2229 54.6110527368
2230 54.1753339234
2231 53.0503303711
2232 50.1450813716
2233 53.1135509221
2234 52.0044038146
2235 51.142367379
2236 53.7747318711
2237 56.1580397521
2238 44.0108791585
2239 46.5228345166
2240 50.8722100778
2241 41.5415021605
2242 51.6694002542
2243 52.5256582481
2244 47.8586592284
2245 57.7397083635
2246 65.3300196773
2247 51.386525471
2248 51.5576557834
2249 55.2412702745
2250 56.4765347913
2251 51.4444828134
2252 63.4235263926
2253 60.5633806512
2254 56.1691323405
2255 61.4604012215
2256 65.8093732346
2257 48.1150907368
2258 61.252921316
2259 48.7287318774
2260 49.970196768
2261 68.2205885244
2262 50.3123196171
2263 52.157868762
2264 47.7873788169
2265 50.5406866889
2266 60.016213096
2267 60.9382429583
2268 40.5728233916
2269 50.0789521534
2270 46.7576257922
2271 50.7140006353
2272 60.5677422248
2273 54.0633905352
2274 56.3703286024
2275 60.0303909056
2276 53.5766019403
2277 45.765430609
2278 55.6467047348
2279 49.2186498666
2280 59.3850520147
2281 57.4222668884
2282 50.4362414431
2283 47.9299124933
2284 47.022659199
2285 54.2386058259
2286 58.7427400777
2287 49.3479041078
2288 65.6397834167
2289 62.3065281612
2290 61.2957302295
2291 56.8329871983
2292 53.6382333867
2293 56.5350484715
2294 69.2424569146
2295 50.6302986118
2296 58.7118784814
2297 53.8889873287
2298 63.28975775
2299 64.5188504076
2300 60.1891778717
2301 65.6265566698
2302 50.5284235045
2303 54.9969171063
2304 64.3254661592
2305 54.924692603
2306 66.512104913
2307 62.8527136724
2308 51.1832055265
2309 53.7682656036
2310 61.7353140618
2311 53.422543797
2312 54.2475171674
2313 68.6484548813
2314 56.7604651794
2315 50.8759744277
2316 51.0293035397
2317 66.5059794666
2318 54.9574302869
2319 65.7117780773
2320 59.4568657098
2321 57.0839061522
2322 68.9928171034
2323 63.1803576011
2324 63.6574882262
2325 52.1132987316
2326 69.4814387596
2327 55.3101916627
2328 60.4715003342
2329 56.204464204
2330 52.5935914819
2331 69.5158557707
2332 63.376088751
2333 52.6764447328
2334 52.8708851158
2335 56.5949103417
2336 55.0409176184
2337 56.6290443627
2338 62.7170636658
2339 53.5479819903
2340 57.6459001095
2341 60.7159974404
2342 59.6232765569
2343 49.2242669721
2344 56.3256635201
2345 55.6728272192
2346 58.7899406402
2347 63.3543135515
2348 64.9267892979
2349 47.3957078337
2350 53.9508626152
2351 80.4090011878
2352 60.7901791655
2353 62.6417182245
2354 46.9886621929
2355 46.6483856335
2356 70.3661450383
2357 46.9142807897
2358 47.5556853382
2359 47.4385291069
2360 51.7003078488
2361 45.6824601772
2362 50.8070284352
2363 49.4732689084
2364 52.7592731609
2365 46.1445568503
2366 50.5869216233
2367 49.1327547259
2368 52.0299321014
2369 45.6329311327
2370 73.5062053126
2371 47.6439986232
2372 57.802104022
2373 49.9541079388
2374 44.9896578885
2375 52.4526234209
2376 46.7286664033
2377 50.5011602053
2378 48.8675267391
2379 61.073201528
2380 50.8143414022
2381 49.2257627426
2382 49.9205406736
2383 55.1647192053
2384 46.8050430425
2385 46.0465937807
2386 50.3699232623
2387 53.3203589216
2388 45.3437736686
2389 44.1531578509
2390 51.8941219645
2391 46.6265960675
2392 62.8644963505
2393 51.8710687778
2394 54.9016258421
2395 46.3541986277
2396 59.255736525
2397 47.0098018763
2398 46.7944791762
2399 54.4353920939
2400 61.5788921318
2401 48.6381810174
2402 46.4452877571
2403 52.6838461853
2404 50.2933457356
2405 45.9772606366
2406 44.2611775951
2407 52.2194405021
2408 49.405081863
2409 47.6420813464
2410 45.9496141109
2411 56.4482877001
2412 42.2930297685
2413 44.0274888802
2414 42.6135295194
2415 52.4824813754
2416 46.1212135059
2417 49.7551300215
2418 55.5824799842
2419 42.3608444079
2420 38.4803209145
2421 42.7866682554
2422 45.9367651929
2423 47.8246178232
2424 41.9628225795
2425 47.5083018976
2426 39.5547011382
2427 54.5696109633
2428 46.2932292017
2429 56.8089552799
2430 42.4071726368
2431 44.0728630997
2432 51.204628285
2433 37.5917080418
2434 44.3498170803
2435 47.177792429
2436 42.2886932713
2437 42.4653561386
2438 43.5505464837
2439 42.9878121548
2440 41.6873504543
2441 49.6355055791
2442 42.1185503332
2443 43.3488156727
2444 42.6371273551
2445 42.1521067624
2446 43.503561006
2447 48.1445743012
2448 54.5759976049
2449 45.6573363321
2450 47.1113029619
2451 43.3255707944
2452 51.3356372236
2453 41.6977774722
2454 44.7360424039
2455 45.9713347535
2456 41.0111927063
2457 43.3637884735
2458 67.6073872575
2459 40.4580078639
2460 42.2070375191
2461 42.6258428452
2462 42.4369083941
2463 35.1560487572
2464 41.3773162562
2465 43.4392218797
2466 33.8885882842
2467 42.4400408676
2468 40.0142210683
2469 42.3490959575
2470 51.695086363
2471 47.7252592562
2472 42.7873748854
2473 57.7527200529
2474 21.3562517842
2475 43.6697395878
2476 41.2611410054
2477 42.4964900573
2478 43.2361946117
