u s
60 53.5560571617
120 37.3034218688
180 25.615741275
240 33.6043224628
300 34.9397722535
360 38.3968616858
420 40.7328804061
480 41.0816129593
540 33.6064660597
600 34.7172600243
660 48.7160686446
720 23.3320123908
780 26.2652602081
840 36.3854268154
900 37.8414891445
960 43.0522438926
1020 46.6236006479
1080 43.4689372594
1140 24.3974528825
1200 24.2751590586
1260 40.5677777378
1320 31.8732380479
1380 32.8153320331
1440 25.7305345055
1500 37.1157386663
1560 52.4724614363
1620 27.0250196633
1680 24.0843969823
1740 35.5842794927
1800 48.6576798559
1860 30.3575083776
1920 32.3689882624
