u s
60 37.8956390863
120 37.1346047695
180 40.8266949408
240 39.6467755427
300 37.3168978161
360 38.790481367
420 39.812324893
480 36.9673460612
540 49.1895121993
600 36.0701984749
660 49.7176290553
720 26.6337688245
780 34.7951693044
840 57.5731172424
900 26.2926379889
960 26.0529796746
1020 25.8973762006
1080 35.0635067212
1140 27.3283597808
1200 26.1262120722
1260 38.5436169046
1320 41.3596507378
1380 39.9456896745
1440 26.1053972961
1500 27.9393343775
1560 35.5441390574
1620 33.2678944831
1680 39.746820666
1740 34.9090582629
1800 37.9694014489
1860 28.9246259443
1920 44.8999354834
