u s
1 62.1730633818
2 73.9051120683
3 63.2144162781
4 52.8826877493
5 53.9749484716
6 53.9918319291
7 55.5750149403
8 63.1846392569
9 65.3052265661
10 53.8624923425
11 52.8987225294
12 63.1170551716
13 60.9313755563
14 66.6237927236
15 65.9971913938
16 51.2905017874
17 58.0841348867
18 63.0463763423
19 168.627581228
20 60.2715939967
21 52.5806225071
22 59.6489924718
23 64.7984824502
24 54.0234051496
25 58.467275888
26 74.3738102371
27 55.5683986956
28 57.7215251685
29 58.0433448191
30 58.8447508241
31 56.091600027
32 77.0164948788
33 51.1793090901
34 60.4537137265
35 61.0478437835
36 64.1158511148
37 71.3422398904
38 51.1568137784
39 49.4334343117
40 55.6207899452
41 56.1825981287
42 61.0045075745
43 53.5607937228
44 56.2175546359
45 72.6705718087
46 57.4120971014
47 53.3073790934
48 63.1175804557
49 56.758109066
50 50.6405724394
51 64.2533225548
52 54.3869885841
53 59.9719120043
54 62.5029427016
55 156.937332736
56 60.4153195769
57 76.7485886908
58 63.4727765034
59 55.3409896229
60 56.0168489909
61 68.8474787138
62 76.3015885554
63 55.6868387601
64 68.0772456698
65 82.5246802694
66 54.7390340741
67 55.3375576244
68 49.0634380659
69 31.7615832075
70 48.8873558723
71 59.5185756971
72 47.8046361129
73 53.9973874321
74 59.965522558
75 54.6634215512
76 51.3346482913
77 50.0414887022
78 49.0198410993
79 51.1653083104
80 65.5471500444
81 61.1637495582
82 51.2522882931
83 38.0874451855
84 48.5817936826
85 50.5427784685
86 58.5804800515
87 47.7611636986
88 51.296943126
89 57.9520298751
90 57.6995172257
91 49.3197902727
92 48.9139572171
93 55.5229963157
94 56.0077206296
95 46.5781609845
96 55.8120411971
97 55.5413954401
98 63.1864167325
99 56.638576752
100 48.1881891734
101 48.6328248645
102 48.7627141546
103 49.0998474911
104 66.1713148974
105 50.9328467848
106 62.7011883152
107 56.9253868017
108 55.630472017
109 62.9747553405
110 59.5680155992
111 50.2920504946
112 67.41769432
113 62.356102974
114 55.2451438322
115 61.581344862
116 62.9391216531
117 49.5144545882
118 57.3105636148
119 48.4563253139
120 66.7093141479
121 50.5421936767
122 58.9382180136
123 57.4729183278
124 50.9071670595
125 51.8908043662
126 48.0581249736
127 51.0114305294
128 54.6259738279
129 51.501643047
130 60.8663601094
131 61.3953581571
132 55.9843684816
133 66.530227221
134 59.7974120186
135 60.4837567795
136 61.7646279493
137 55.4787094313
138 51.6883481112
139 57.7050901364
140 58.8244427395
141 69.6960905573
142 54.9046097397
143 65.2714505364
144 61.6009612696
145 62.8791787826
146 60.6748736598
147 59.2404421658
148 54.5626957827
149 79.5294295045
150 62.6332321815
151 63.0298902268
152 53.8348504859
153 53.5458023167
154 64.7341615626
155 61.255094424
156 62.0982853776
157 65.1721617848
158 51.9141403055
159 74.300072594
160 53.9510050376
161 54.6074399918
162 54.5702478639
163 62.2903774494
164 52.9141645498
165 64.22387926
166 58.1261579751
167 57.1606569028
168 50.3657345583
169 74.7620916569
170 48.7424292515
171 53.2731210035
172 52.3478846824
173 60.2081911136
174 64.1622195096
175 60.4372710815
176 60.3626485659
177 54.5925125484
178 58.0983145545
179 65.2537042463
180 58.6054957246
181 60.8898076576
182 56.3997001727
183 61.7767935469
184 61.2810784762
185 62.8516293475
186 57.8277459822
187 48.3675590084
188 67.8479211848
189 59.7770093009
190 49.3632517473
191 60.8116420323
192 63.8186177196
193 58.6184267394
194 55.9631199566
195 55.9488122915
196 68.1444955907
197 64.9286568451
198 69.4511054245
199 73.8502358968
200 64.4052704845
201 57.2935361625
202 63.1654724755
203 65.3411212442
204 69.2634261486
205 64.9625189283
206 66.1439796766
207 61.6402754433
208 63.8028442974
209 79.2661448739
210 67.0191298751
211 52.4470642755
212 65.012155826
213 45.353655184
214 53.7053937789
215 63.6423539707
216 42.2204638049
217 81.6199588212
218 66.1902541794
219 62.3621029153
220 61.8490614648
221 65.8540683929
222 62.5232294979
223 70.3641520411
224 64.5169883544
225 68.7864294338
226 61.1422533562
227 69.1594406666
228 58.649470396
229 55.6024625551
230 68.1446113947
231 72.2961395503
232 63.0217244869
233 179.826577849
234 63.0221546357
235 63.2694450953
236 196.385781224
237 65.4161992168
238 64.190265087
239 70.1637066528
240 64.1339752296
241 70.0899655423
242 63.2112259077
243 69.1978408104
244 64.6204540496
245 65.5215197625
246 62.5132428591
247 64.4062542346
248 64.1361924374
249 62.5229767082
250 71.8141645734
251 61.6501130273
252 64.9504964807
253 54.4892731552
254 66.4936502535
255 79.8287795311
256 62.4571481805
257 65.5523318524
258 69.9013033799
259 52.6482237066
260 67.2324524909
261 46.350868019
262 67.8895083318
263 13.1762936553
264 57.0100280666
265 57.0635774925
266 61.7000790716
267 51.799859177
268 55.8600024953
269 54.8444565972
270 71.1811729323
271 65.9066979968
272 54.497550429
273 53.8045275797
274 60.0687678536
275 65.8647450139
276 53.7789251038
277 64.0553700712
278 65.4558526303
279 59.9856282966
280 53.5418157702
281 53.6137686839
282 52.2470679926
283 57.9487582562
284 67.9404534727
285 65.1209633011
286 59.9378395083
287 62.7727123472
288 52.4365473505
289 69.1046678185
290 63.7654897833
291 60.6943880373
292 59.2411349416
293 56.150245693
294 55.7452167653
295 59.9840021201
296 65.1138576026
297 56.018600618
298 63.2520479633
299 65.6034043076
300 63.164419738
301 56.4565331863
302 56.777270109
303 53.0325881469
304 55.6846827035
305 60.177922639
306 62.7195757123
307 63.1278349565
308 61.4128515252
309 56.3791682237
310 55.0737350666
311 72.3558483708
312 56.000265996
313 56.9826081819
314 62.7015015708
315 60.9256189695
316 68.1569777165
317 55.0617439374
318 56.9804143861
319 52.846908039
320 60.7321129576
321 54.3279753537
322 58.402171375
323 55.785226803
324 72.6912251025
325 53.9594266261
326 68.9179831475
327 56.1065054839
328 66.817180051
329 68.7791575398
330 56.3941721506
331 57.7144724435
332 57.2233920269
333 70.363848365
334 55.1816675504
335 58.2407070962
336 68.6204915841
337 59.2969632237
338 50.240612275
339 56.8275478443
340 63.7659056685
341 72.042087905
342 60.770066879
343 57.2055751059
344 54.1550018908
345 55.8166632251
346 58.4474919535
347 58.966320509
348 65.4008740693
349 55.0201687333
350 61.6295260508
351 54.6018676749
352 64.8753079478
353 55.5609551841
354 58.0922919918
355 57.2788471136
356 61.9573733115
357 58.1780950501
358 53.9888876056
359 56.3579401275
360 57.6065961989
361 49.1311613911
362 61.7472498698
363 58.8384110155
364 65.9299467705
365 57.2442457916
366 60.9189416018
367 70.7089836014
368 61.7226973971
369 60.1181747033
370 40.5839010367
371 64.5685953087
372 77.0159332318
373 57.4096903788
374 65.1952794579
375 56.0866102568
376 64.5482450677
377 60.9124028118
378 59.6894374134
379 65.8549747725
380 57.302040657
381 54.502735045
382 56.7907409796
383 73.9003682138
384 56.2489238303
385 56.3584419314
386 67.3054442139
387 59.2634410053
388 64.7319398809
389 69.7064825306
390 63.2341238196
391 61.5565173825
392 69.5261727019
393 60.7712158568
394 60.4187977112
395 61.0385323932
396 66.5924233637
397 71.4817753129
398 59.7080688147
399 68.2558348782
400 54.2621085733
401 56.5276247294
402 64.2344196919
403 57.9268843958
404 74.7847973869
405 69.2766101908
406 61.5567804347
407 64.134319807
408 56.8110855187
409 62.8161296022
410 76.5366537426
411 57.0007015392
412 64.9424436733
413 70.8220110365
414 58.0989537754
415 67.1039009194
416 66.1872226279
417 65.635950421
418 60.6593982251
419 70.9262316814
420 60.1315810183
421 75.9744618044
422 63.1539981522
423 70.7997275273
424 76.3951010578
425 72.9111522962
426 63.8305461484
427 63.1406764652
428 54.8141761749
429 61.484333469
430 56.6720730491
431 67.8337358841
432 50.0410822322
433 69.1544637081
434 65.8477211342
435 75.6362006975
436 60.7970578341
437 72.8669192545
438 72.8831187045
439 69.1050562278
440 54.7526685974
441 76.2400133924
442 58.1176937844
443 65.6810468138
444 66.9569712525
445 59.4200296933
446 58.2570525674
447 64.3893564499
448 59.7321809467
449 71.0795974265
450 67.198400139
451 60.8327621094
452 57.9461957291
453 76.8380045195
454 41.7906536048
455 47.0367586338
456 52.7168738369
457 78.758211614
458 49.3961477726
459 57.1368251895
460 59.4387851629
461 60.7358746571
462 51.8269526248
463 58.1018945866
464 58.4729779655
465 52.9464888784
466 57.0547382227
467 51.323742303
468 58.4259546196
469 60.0812994169
470 56.122985156
471 63.6947032256
472 76.2207377601
473 48.4250891803
474 50.4091987569
475 57.7362126187
476 59.9663304124
477 64.4303253966
478 49.1795428827
479 57.5524231705
480 54.0305258145
481 49.6430293454
482 49.3320069586
483 56.9078026597
484 51.9060527977
485 51.2082836333
486 57.4535029706
487 52.4006076442
488 44.7350670758
489 56.8502801249
490 37.5907596551
491 52.3129102389
492 47.2962875989
493 58.9053289775
494 50.3899359855
495 67.6078114236
496 54.589634496
497 57.7347730299
498 53.4142924152
499 49.5156471631
500 65.0421295942
501 56.2453978166
502 62.391327741
503 50.8472707943
504 50.7554979813
505 63.946629485
506 49.9602239914
507 45.6453839167
508 53.302971202
509 47.0094345345
510 49.919415074
511 60.7348636067
512 51.7192320798
513 49.8703436356
514 63.3214938893
515 54.7847491325
516 55.4915071214
517 49.2108561815
518 59.3357988907
519 58.7363458399
520 56.7595456095
521 58.9699658913
522 53.4781381599
523 66.9457812537
524 52.7128259698
525 59.8326646982
526 65.4206309644
527 61.1647989831
528 48.8425687745
529 64.1129457648
530 45.2984049157
531 63.947497651
532 58.584960469
533 65.5943795752
534 64.1804675679
535 55.7148287727
536 69.2602827391
537 51.5741680768
538 54.5587861861
539 53.6471811615
540 54.4519258642
541 52.3139947377
542 56.2245351827
543 48.1076785574
544 74.5837281461
545 64.9238125679
546 70.269552755
547 59.5052873272
548 67.8766276467
549 57.2088074618
550 54.1899967316
551 52.2449844227
552 52.888199541
553 52.9710791915
554 64.0903959452
555 51.9682008121
556 51.1737498238
557 30.0924285362
558 61.9122240309
559 56.8088532149
560 64.8816185263
561 57.1383316659
562 67.6761655744
563 52.6421112724
564 63.5504658404
565 56.1576472111
566 55.2575954268
567 58.5585161391
568 53.5506174463
569 59.9573368072
570 59.5404593421
571 62.8499011653
572 54.8344145954
573 62.4606338337
574 69.0111007458
575 49.7316138334
576 65.8349586739
577 62.0776310298
578 48.8564052859
579 50.7506643889
580 61.0501553601
581 51.3579413521
582 58.6126358302
583 51.7186118169
584 52.2231062204
585 69.7931688802
586 65.3558013037
587 75.2551642372
588 64.8049450431
589 85.1418520865
590 71.9672686228
591 60.4568801441
592 59.9251077827
593 65.3558413084
594 67.8498396092
595 57.5116822642
596 58.7943040085
597 68.6822570321
598 63.9696210565
599 72.2826229397
600 76.8042856504
601 61.0345078184
602 64.6681579642
603 69.69082028
604 62.0425030427
605 69.5150844949
606 52.1317509414
607 68.5532065607
608 72.2175860784
609 72.2034974416
610 36.5439308633
611 63.6817364805
612 67.3289259872
613 54.5230601918
614 60.7292190042
615 62.8293637813
616 76.557199955
617 71.7387033099
618 61.257770466
619 51.2309243766
620 64.5153939447
621 59.5568265685
622 74.8009300838
623 58.8187626171
624 59.4031995788
625 61.3777469348
626 64.8459649835
627 64.2571413241
628 70.6670269897
629 56.8809425305
630 57.2812181001
631 73.8130350681
632 61.771974407
633 73.460096515
634 56.1552653766
635 61.8938635453
636 58.7620829853
637 67.7848738828
638 59.7932821107
639 61.0598819086
640 73.1349954469
641 56.363517476
642 69.9622870598
643 60.472417411
644 60.4569847188
645 62.0938030486
646 66.2957820306
647 66.6232929458
648 77.2760602257
649 57.8350529508
650 64.2013181688
651 62.381845381
652 56.5098959383
653 72.1787607799
654 54.5814002823
655 59.5179574159
656 68.0841766053
657 55.8469202893
658 61.6257025087
659 58.7825299319
660 60.7558318232
661 62.2467153032
662 58.9123508681
663 60.1178575666
664 56.6070164651
665 54.003120905
666 56.5309840754
667 70.7682801139
668 58.5470727539
669 63.1632722903
670 61.0684605746
671 73.8243675842
672 60.9079963536
673 58.4500583719
674 50.2464541844
675 67.9571825585
676 57.2400876916
677 57.1856698019
678 58.0691561651
679 53.4029734171
680 53.5509538128
681 55.780950388
682 57.024332152
683 52.9494860685
684 44.6577364303
685 55.8337230396
686 55.1308796187
687 59.6412854784
688 70.9141533638
689 52.4315428609
690 63.2918205443
691 53.059693328
692 55.4503144505
693 67.0988807634
694 51.8721387057
695 61.1667768395
696 64.8281657772
697 49.229911528
698 68.4330174198
699 52.0368483291
700 73.8627736586
701 57.3696433139
702 64.9899158502
703 63.7627991649
704 50.8901311507
705 59.6351002937
706 61.9639166583
707 62.7256390936
708 70.4849014524
709 63.5347537604
710 54.5279836846
711 57.3896802937
712 56.2855606916
713 51.9813461035
714 57.5409893396
715 57.5465696715
716 65.0933347823
717 50.459945104
718 52.0211172781
719 55.4944439916
720 55.7449955491
721 69.7809612081
722 52.4157198969
723 58.9944450073
724 49.9937004929
725 78.7334620409
726 61.4298922308
727 58.9985130665
728 58.0620855656
729 62.3075902433
730 56.2670965218
731 53.9001255064
732 52.0437165393
733 60.6174846353
734 53.223189046
735 53.368647248
736 60.1448171093
737 49.6609336204
738 59.9113867711
739 50.441677928
740 57.0597607138
741 50.1932324598
742 72.0880729792
743 53.9251988645
744 43.2029998298
745 53.2766939805
746 49.7498303222
747 59.524799433
748 52.9137859301
749 54.0813589894
750 52.9641283494
751 66.9535330658
752 57.5251427136
753 58.5557240436
754 53.0178355968
755 37.4825281973
756 66.7757420497
757 59.6931596737
758 67.2150046465
759 60.0645108798
760 57.7081114706
761 56.0804353842
762 59.0243619207
763 76.5879840165
764 53.9466940536
765 61.5659982097
766 53.5454370299
767 59.4922404046
768 62.1607964976
769 62.2489838241
770 54.2856455184
771 68.1441840084
772 51.4172756737
773 62.4985773928
774 52.3114027117
775 50.5263173448
776 52.1797902827
777 50.1643152069
778 60.6818498495
779 50.0352909008
780 53.7204551617
781 62.5469185686
782 50.9186622144
783 55.4421178146
784 63.6254054234
785 59.5410735642
786 46.7249029422
787 51.5774169765
788 51.7807403149
789 76.780501473
790 54.3349439514
791 68.2794854641
792 53.7501479602
793 53.4627500122
794 53.9061855882
795 61.9127833814
796 66.1539395613
797 54.542350467
798 60.8852936942
799 54.435131858
800 60.7962929702
801 50.0090762264
802 51.3758291171
803 55.8173776144
804 60.8206765301
805 58.2804500825
806 51.7132001512
807 53.1779426931
808 54.2392374968
809 54.2062396859
810 63.3006583597
811 54.1480485823
812 62.0414715891
813 62.4418367281
814 59.5588229892
815 56.9604364613
816 58.6223419155
817 54.0399695327
818 59.6077175624
819 62.1645820311
820 57.8912559011
821 57.9615459459
822 62.9148369319
823 63.9765676767
824 52.1813345374
825 70.5157862506
826 62.9228767594
827 50.3952688769
828 53.0296776161
829 51.7286811859
830 57.625767557
831 53.700256972
832 62.4090755092
833 64.5558963315
834 52.5933252961
835 59.9859986061
836 52.0411918943
837 51.3484505491
838 63.5015962208
839 55.2015077173
840 55.3727252724
841 75.9279574231
842 51.188335345
843 63.8354724532
844 56.4996481133
845 53.5662345418
846 48.7417094137
847 51.235561061
848 49.0316911836
849 69.8930106232
850 46.7832279719
851 66.0734328975
852 57.2000382262
853 63.2802314687
854 52.8767260404
855 59.0374483468
856 49.6934876271
857 51.5001791896
858 57.5625799838
859 56.8100421429
860 51.589201506
861 48.6813777932
862 62.2110993842
863 50.539148756
864 51.084580408
865 47.2517224582
866 55.2076419357
867 58.8905493803
868 59.4950375783
869 66.9875173608
870 51.5658176302
871 60.0074683626
872 53.1282467926
873 74.2786323053
874 61.5313291864
875 59.1109828526
876 49.9849772041
877 52.9543905091
878 49.9456100004
879 48.3233087704
880 57.0629632924
881 24.664589004
882 52.1385240637
883 63.142621035
884 48.51566583
885 47.2593170833
886 47.615850782
887 49.0208425714
888 49.5863627126
889 62.7329441693
890 63.8366785438
891 44.0190088699
892 58.7475345269
893 65.1881326052
894 55.463721966
895 57.2597292923
896 67.2377026017
897 49.8872496497
898 55.5601485825
899 50.752510636
900 49.9171517501
901 64.2194414139
902 61.8303965667
903 59.4431445552
904 60.2686246631
905 52.5967875907
906 58.7749141818
907 52.2320435293
908 50.0619908884
909 66.9760858786
910 53.457128955
911 56.238338682
912 66.3864995919
913 58.2685581315
914 56.0486142192
915 51.0337301466
916 69.9690814736
917 56.3984828335
918 69.6816554117
919 72.3251178273
920 59.1851186455
921 59.3964550657
922 57.0765921955
923 58.603186546
924 66.1496993056
925 57.1114214627
926 63.437810069
927 60.1904951733
928 70.6841133298
929 59.5535284577
930 71.4287137505
931 65.0787752082
932 57.7765712143
933 61.239267573
934 58.533003582
935 53.8661667978
936 57.2180045683
937 61.7112307983
938 56.4043281209
939 56.3941060659
940 58.3759480425
941 60.0907153207
942 57.2197827178
943 58.4902335228
944 57.1384021052
945 67.1708435223
946 58.7990510698
947 63.1075150409
948 58.8533659588
949 54.5834137957
950 71.5254002976
951 55.3410566136
952 56.2126887124
953 59.9800138622
954 56.8545586299
955 61.3634051526
956 56.6814496987
957 58.0861204454
958 54.8080596845
959 54.0226850108
960 57.1767489205
961 54.2050885589
962 41.359964479
963 70.020239208
964 53.8425229998
965 55.1909402576
966 55.877951521
967 54.9659279911
968 65.1800981983
969 68.157151214
970 60.2234237831
971 60.9154737992
972 57.0557454221
973 61.0526548533
974 59.587092382
975 59.7948171411
976 52.2019337112
977 55.4447455406
978 56.9196564969
979 59.3601129128
980 58.6355034864
981 61.2756225468
982 55.7212099339
983 60.0739236599
984 54.7578728649
985 55.4786460479
986 48.143558575
987 62.322355096
988 52.2294986204
989 55.3525344629
990 68.5076109137
991 64.5509296618
992 65.9984273646
993 67.2859390655
994 57.0894690086
995 59.4922797847
996 62.3875807772
997 59.5365899236
998 54.3749077132
999 54.4503293372
1000 62.496215331
1001 62.9535269548
1002 67.4759181351
1003 63.2194637816
1004 54.1366798738
1005 57.9269727805
1006 55.2760906992
1007 58.5321737815
1008 53.3379301892
1009 57.2361386017
1010 60.45366831
1011 51.2090324847
1012 61.2943250864
1013 59.5765852475
1014 61.0788085163
1015 62.4335814526
1016 55.6010039548
1017 73.6283141512
1018 56.9434796061
1019 57.1346234293
1020 56.2157216222
1021 66.1612634797
1022 58.7668727512
1023 59.1028329315
1024 54.0288581819
1025 60.4829013184
1026 62.4177637583
1027 68.1771609238
1028 53.8508152136
1029 53.2749907748
1030 58.4968520516
1031 62.134685731
1032 59.0137368222
1033 57.8904893031
1034 54.6024318031
1035 65.2650830677
1036 49.2878635457
1037 54.9513102627
1038 53.2923248738
1039 49.0439314399
1040 62.7852683591
1041 70.2993674513
1042 69.3334273127
1043 46.0530980228
1044 54.818450868
1045 57.8170042635
1046 53.6589430029
1047 73.0118846762
1048 57.7337722927
1049 56.4320243966
1050 59.4161894627
1051 69.6218001311
1052 60.3726266718
1053 62.3138432725
1054 67.4679705794
1055 57.408678722
1056 67.9340099549
1057 47.250762737
1058 56.7306881313
1059 54.1836283339
1060 55.5331201864
1061 58.4967847607
1062 67.223577037
1063 73.4724090006
1064 51.8752989844
1065 51.7732617639
1066 60.7774143284
1067 65.0732349845
1068 51.3451439513
1069 71.3589486795
1070 64.6963639202
1071 64.5551874381
1072 60.3050781396
1073 63.9836452566
1074 60.4891603128
1075 39.0941549346
1076 58.4386032063
1077 59.3092915957
1078 47.2507278217
1079 65.2099635354
1080 52.3448138178
1081 64.5491584977
1082 53.0103096409
1083 53.5127157023
1084 64.4147768072
1085 73.5477846582
1086 51.5553524989
1087 56.1414740098
1088 58.6653403709
1089 51.3505643187
1090 49.7558312425
1091 54.3183874684
1092 55.3768309622
1093 56.4927589328
1094 55.972374169
1095 65.2271416214
1096 51.5999373049
1097 62.7309722682
1098 55.375736335
1099 60.2111646102
1100 51.9085949594
1101 53.5479819903
1102 54.5904406699
1103 52.5792539681
1104 65.9510669356
1105 53.7682656036
1106 64.1990653793
1107 54.4732855474
1108 55.2715610014
1109 53.8873905279
1110 41.9869387755
1111 66.5725097087
1112 63.1062366753
1113 62.485246126
1114 44.6063184333
1115 52.6764447328
1116 64.8499616616
1117 68.6484548813
1118 68.7440236035
1119 51.5238742369
1120 62.3161817616
1121 80.4090011878
1122 56.3823657068
1123 63.3543135515
1124 56.9873314747
1125 47.3957078337
1126 53.5480844033
1127 67.9264423803
1128 55.8305976845
1129 62.6417182245
1130 59.0339563679
1131 50.6302986118
1132 54.163810497
1133 75.4419735935
1134 70.7879630367
1135 53.8889873287
1136 54.9241549053
1137 60.1843328278
1138 56.1485236174
1139 66.5449231348
1140 57.2655688935
1141 53.9913954305
1142 60.084353715
1143 56.1369674579
1144 69.2556050767
1145 67.6831809723
1146 57.0625981178
1147 49.2242669721
1148 68.299011045
1149 56.5350484715
1150 63.6649318593
1151 49.2958738284
1152 51.3427212293
1153 60.7159974404
1154 55.6143916202
1155 54.6837078719
1156 57.5135918129
1157 60.3773980375
1158 59.3600728488
1159 60.4203571102
1160 62.0867775585
1161 56.1848859334
1162 64.2803749417
1163 56.8329871983
1164 54.5608429982
1165 65.7117780773
1166 52.4925693236
1167 59.9876732784
1168 53.4844669483
1169 56.1500402118
1170 61.6323961519
1171 62.832837427
1172 50.9434872053
1173 63.0271022962
1174 55.2325248875
1175 53.1488265908
1176 52.4113871692
1177 62.2575592552
1178 58.6129405424
1179 55.0489806866
1180 50.7164691008
1181 72.1896609318
1182 58.6254192463
1183 63.3727265127
1184 58.7887190633
1185 50.8539991731
1186 54.0529468217
1187 64.6979010973
1188 53.9517187804
1189 57.3460946461
1190 62.679025323
1191 51.2575244092
1192 54.1086003406
1193 55.1697635506
1194 58.3708776273
1195 54.7762384276
1196 55.9445534892
1197 62.2359626802
1198 55.5694631672
1199 59.0139585553
1200 58.5167324056
1201 55.381036771
1202 56.9250126223
1203 59.4801641343
1204 53.3759337604
1205 55.6059689825
1206 54.9080887346
1207 74.0338003482
1208 58.0631952877
1209 63.7919497068
1210 65.6995814358
1211 53.2593205228
1212 66.6524466193
1213 57.1786301346
1214 64.1784324367
1215 51.0918213354
1216 57.52173126
1217 57.9963601114
1218 56.1381335898
1219 50.94228157
1220 59.790881661
1221 59.9763287785
1222 72.1974952531
1223 58.3968838353
1224 54.1533942288
1225 71.919957175
1226 54.5226394821
1227 67.8514889662
1228 63.0496796047
1229 53.2655273544
1230 60.82676064
1231 57.3620997468
1232 53.2425498025
1233 65.844297812
1234 64.2381440656
1235 54.7359269269
1236 58.9621583939
1237 45.7517216655
1238 56.2147176617
1239 55.9596476904
1240 59.2111316903
1241 59.028344636
1242 53.2492002021
1243 53.6051730981
1244 65.9268899611
1245 65.4608720997
1246 53.1618208339
1247 52.665389762
1248 53.835960701
1249 52.4764647334
1250 58.4923921986
1251 58.6028518208
1252 51.2071698663
1253 51.1192066641
1254 62.1332627975
1255 50.649137317
1256 54.0670995377
1257 51.2313017805
1258 52.6460143062
1259 64.2757457002
1260 58.3623288081
1261 52.501764369
1262 49.3615661501
1263 59.1759527552
1264 58.0962141368
1265 51.62026826
1266 58.2435838175
1267 54.7095272826
1268 54.3808597915
1269 51.7512320344
1270 64.5984031464
1271 51.0328867041
1272 51.149409742
1273 57.4311008779
1274 55.9674091498
1275 60.4387833395
1276 52.3156005187
1277 54.9720622619
1278 59.2415941822
1279 62.4345589765
1280 65.9105950791
1281 54.9834745706
1282 67.6964037366
1283 51.0394892391
1284 67.3282692327
1285 55.424854522
1286 52.0797352485
1287 50.2368529939
1288 53.1841254055
1289 63.1907656189
1290 53.3418521012
1291 52.49269789
1292 71.723911423
1293 76.8731935274
1294 52.8193620206
1295 61.2410082934
1296 62.1766775769
1297 73.4875128064
1298 47.4823464521
1299 65.7472495835
1300 82.4297339042
1301 69.7006929765
1302 61.6305843162
1303 80.0693297772
1304 67.1864232603
1305 80.439349115
1306 57.4183523723
1307 60.0511364296
1308 71.5970648186
1309 56.4624703154
1310 74.1104780845
1311 76.3749632535
1312 60.2101372439
1313 62.8891112563
1314 69.2061140223
1315 57.2558732143
1316 58.3145509569
1317 63.2353422673
1318 56.6567491726
1319 57.1416694022
1320 68.955673785
1321 64.7203347713
1322 56.1146307409
1323 66.3061894689
1324 66.885860725
1325 34.1436261123
1326 67.331347361
1327 67.2851586682
1328 66.7182359338
1329 70.1138020512
1330 60.4650692151
1331 65.5803519116
1332 66.87740039
1333 59.4289156262
1334 74.4440421017
1335 77.4875787013
1336 73.1343738336
1337 70.5826977869
1338 57.6390510934
1339 71.743779032
1340 62.0834268838
1341 61.4962379102
1342 67.5269676301
1343 60.7746860554
1344 67.9526494644
1345 69.5198060702
1346 78.0325177758
1347 58.6309158601
1348 66.7267885084
1349 66.2132459841
1350 76.4274832049
1351 64.7428485926
1352 56.9104735653
1353 61.2221178684
1354 63.3094608997
1355 57.1383836488
1356 65.1778590598
1357 61.7859491792
1358 64.1530160117
1359 58.641068377
1360 58.4512392929
1361 75.3230051787
1362 44.9005175165
1363 72.0637316694
1364 57.4172750372
1365 64.7536682511
1366 61.0983579108
1367 62.1020791092
1368 71.4467778592
1369 62.5252829401
1370 69.0393442178
1371 55.5248068244
1372 65.1494910185
1373 57.540650497
1374 57.4859459466
1375 72.2757033407
1376 66.5773220514
1377 67.5101899957
1378 64.8421124671
1379 62.8674615571
1380 63.6371191925
1381 74.1784260324
1382 58.3328421984
1383 56.8867578421
1384 62.3089807862
1385 60.872745504
1386 58.0555178915
1387 59.1780671894
1388 55.5100228945
1389 69.1649264366
1390 56.3622627441
1391 77.2172697498
1392 59.766434522
1393 62.9066156474
1394 56.8931282894
1395 57.2727914871
1396 77.6656502882
1397 60.024503462
1398 32.0661522466
1399 59.9768584584
1400 57.0596250384
1401 58.4689323849
1402 58.7591565021
1403 60.4362670382
1404 56.1118944179
1405 62.5100257143
1406 56.2516493435
1407 59.7845481128
1408 54.5072895675
1409 64.5597533839
1410 61.2922714535
1411 79.6313226771
1412 62.9061626844
1413 62.0742241086
1414 71.9009474679
1415 64.0252016273
1416 63.6812782087
1417 55.7831865178
1418 56.0373558429
1419 71.0152267014
1420 60.3770585274
1421 75.1920196638
1422 57.2215193988
1423 63.6092334466
1424 69.2357314126
1425 57.6860681882
1426 64.6809419523
1427 64.0720200227
1428 58.8779868409
1429 53.4125384528
1430 63.3181092006
1431 56.0118273979
1432 69.5859763561
1433 65.2264211808
1434 62.5667533977
1435 70.1057456434
1436 52.859713345
1437 53.9614440368
1438 60.9281260161
1439 68.286581688
1440 53.2977837293
1441 38.2940765238
1442 61.1899660388
1443 53.3394959901
1444 57.5133847766
1445 59.1408637338
1446 62.5565778597
1447 59.0689782862
1448 59.1661516603
1449 58.4962032808
1450 55.269282055
1451 55.7320351428
1452 57.8217702369
1453 56.6138652708
1454 53.4349662224
1455 54.8757105735
1456 56.5334344018
1457 62.8934127739
1458 62.0104556362
1459 56.1577029052
1460 55.2782788692
1461 54.6229765665
1462 53.9736537497
1463 58.3563021167
1464 53.2624824492
1465 47.6145753936
1466 58.8086132759
1467 57.5871493606
1468 56.8849634796
1469 55.8978565254
1470 69.4358994678
1471 57.4354513064
1472 63.0302106273
1473 57.6692534584
1474 55.9418036962
1475 56.4138303731
1476 73.9943912828
1477 67.5672726243
1478 55.7640719041
1479 57.6432699459
1480 57.0447735423
1481 54.4880022461
1482 58.5602757025
1483 57.6907493226
1484 65.5532813371
1485 64.2861216077
1486 56.1358659832
1487 70.2928709383
1488 59.9060363432
1489 58.0413298971
1490 63.9896236083
1491 60.7407125097
1492 71.5515791814
1493 72.5945487396
1494 60.2266688708
1495 56.6838022889
1496 65.02442699
1497 60.8490564478
1498 60.8785396777
1499 61.8993555922
1500 69.1969755793
1501 57.7319667119
1502 59.8607327997
1503 57.336465752
1504 57.8741886424
1505 52.1209995851
1506 77.648773733
1507 57.0973782791
1508 58.4809470172
1509 63.4438049915
1510 73.8599891167
1511 59.4215279754
1512 65.032380677
1513 61.2442001999
1514 53.5397742756
1515 71.4505811366
1516 60.4687144402
1517 68.7474737029
1518 51.3183184879
1519 69.0426648517
1520 66.9017975124
1521 62.3926469354
1522 63.8747209655
1523 65.5733719313
1524 60.4276562513
1525 59.9004740179
1526 64.1602875185
1527 86.2421979812
1528 60.8498820293
1529 61.7109801706
1530 66.0593787732
1531 66.4079641151
1532 54.8759491834
1533 55.9600287487
1534 59.8200727702
1535 65.8860417301
1536 64.0868227557
1537 71.6895286031
1538 62.6317933371
1539 93.4228148825
1540 57.5642236723
1541 61.91284214
1542 59.3942762081
1543 57.2875658269
1544 67.1500837136
1545 58.2637559455
1546 69.0201191373
1547 76.4320008468
1548 62.5772045143
1549 51.1648899849
1550 62.7354394157
1551 64.1299101988
1552 63.5542241
1553 41.9191199703
1554 54.7910246269
1555 50.5540657002
1556 54.8835829636
1557 61.9236107668
1558 56.2663279339
1559 55.0942084434
1560 70.8352706497
1561 52.2844918209
1562 46.3950480888
1563 47.8839136912
1564 59.8287063772
1565 58.2132795834
1566 53.2746122826
1567 49.6105419624
1568 51.1894332266
1569 45.3526790491
1570 54.8530792786
1571 72.3170970769
1572 58.3868926268
1573 55.2449493846
1574 53.420823695
1575 47.1012021102
1576 60.5045199972
1577 60.707016324
1578 68.705530003
1579 52.8509049772
1580 55.9712312651
1581 44.4065354644
1582 42.356177434
1583 54.3503148163
1584 56.4092712215
1585 66.9283458142
1586 47.906437035
1587 59.4621966952
1588 44.1518328013
1589 46.0700317448
1590 47.6628414084
1591 47.7573520903
1592 45.4228968693
1593 47.5502768845
1594 53.324947171
1595 51.6556488622
1596 76.3851019513
1597 55.5416645994
1598 51.8196812352
1599 45.7640035373
1600 51.1917937572
1601 47.9815751134
1602 51.9283464941
1603 48.1405234376
1604 57.9415090592
1605 62.2133721078
1606 56.543809301
1607 64.2416170964
1608 47.1116076841
1609 59.1426361448
1610 53.3466596759
1611 50.6881732461
1612 48.485865725
1613 53.497369973
1614 54.5393909075
1615 47.7321663275
1616 50.4806109799
1617 60.0866470482
1618 72.8061950682
1619 53.8644290532
1620 60.8182847121
1621 44.598444388
1622 62.8870759739
1623 52.5462766566
1624 56.879195592
1625 65.6420715547
1626 57.7488002206
1627 60.1237617537
1628 65.1890557753
1629 59.4351692529
1630 64.9309766311
1631 71.5426081492
1632 64.2236727193
1633 55.7502168595
1634 55.5915780402
1635 55.9078604233
1636 45.1991636873
1637 65.3501397654
1638 57.2035556873
1639 52.4637421856
1640 49.1172944147
1641 54.7371082438
1642 53.0353149869
1643 66.9189087197
1644 62.2537238827
1645 55.8319244029
1646 63.9437936521
1647 59.7316712342
1648 50.5539622321
1649 56.8332484278
1650 54.9094855288
1651 57.710000508
1652 56.6878348495
1653 64.4664459898
1654 58.9407059052
1655 56.9847011232
1656 54.9214825864
1657 73.6817591253
1658 59.3567016497
1659 55.4019063849
1660 54.1957018221
1661 64.3019549086
1662 60.5326313472
1663 65.2641828035
1664 61.8592171022
1665 52.5015472463
1666 63.8547687077
1667 52.4085187045
1668 22.1380417889
1669 59.8077135471
1670 51.5806458024
1671 56.9051212606
1672 54.5435895921
1673 52.2601384834
1674 69.4580867267
1675 70.0920790091
1676 52.0052695175
1677 47.6534008775
1678 62.33843737
1679 56.9840254827
1680 64.4371440318
1681 53.5898562472
1682 76.8488868651
1683 70.306224203
1684 69.766204244
1685 65.9726708327
1686 71.6749270302
1687 69.8977352919
1688 76.9254453658
1689 67.400786908
1690 81.7578043402
1691 69.5365824297
1692 53.7308357016
1693 49.9381533459
1694 66.8274295302
1695 78.7136202643
1696 73.1769526011
1697 67.3403047917
1698 68.4976136208
1699 68.9733991348
1700 71.7024290555
1701 87.9006614029
1702 67.2229547349
1703 76.879787745
1704 73.2855789312
1705 69.3909446371
1706 74.3102077915
1707 62.8711454009
1708 77.1582430155
1709 67.4847456453
1710 77.2482954627
1711 80.9961051795
1712 83.9791869366
1713 75.9777393763
1714 65.0151134206
1715 73.3643944542
1716 65.5918475237
1717 65.4033485135
1718 81.4170295683
1719 61.9780394618
1720 68.8762162935
1721 82.045845511
1722 72.2671946378
1723 78.2125118642
1724 66.5432627182
1725 69.5190584176
1726 47.1852311705
1727 66.3316371065
1728 81.6125866213
1729 64.5198936737
1730 72.5976389979
1731 65.5125644965
1732 75.2921260289
1733 84.2177808222
1734 66.01930532
1735 74.4682557048
1736 80.9443808038
1737 81.7274455963
1738 70.2192515939
1739 83.3556568887
1740 67.1170738966
1741 75.9922842382
1742 76.2701488687
1743 51.0824728591
1744 56.5454048817
1745 59.3728375027
1746 60.9533455179
1747 57.5922148001
1748 54.3833207957
1749 67.6118567781
1750 55.9600426873
1751 55.7500851768
1752 54.9924367846
1753 54.9953157528
1754 55.8157751099
1755 54.2422057103
1756 56.4519412554
1757 58.2098781711
1758 54.8658798452
1759 55.2943259198
1760 54.7306496903
1761 56.3899315841
1762 52.1732283516
1763 52.0812841739
1764 57.4091325804
1765 56.1237226746
1766 55.0233547236
1767 58.8136291819
1768 55.4942890053
1769 54.2925374742
1770 54.8345405994
1771 58.1382691704
1772 61.0946900314
1773 63.3642956072
1774 65.8282561718
1775 58.13901546
1776 55.3837930822
1777 57.7203255648
1778 52.7320694569
1779 52.1929365178
1780 55.2654145584
1781 65.5103251385
1782 54.2731193943
1783 57.7570711871
1784 55.0267371188
1785 55.8421304083
1786 56.0544098537
1787 55.1253478624
1788 67.1259336819
1789 54.1164487663
1790 65.3477793609
1791 69.2354604002
1792 51.1291048672
1793 59.6354708411
1794 58.3482804599
1795 51.3254367909
1796 49.7415574495
1797 49.1068847016
1798 57.5003225212
1799 51.2140151688
1800 54.4280833193
1801 62.8499355521
1802 61.3306738928
1803 61.6187200854
1804 52.8932138828
1805 57.7623457534
1806 54.9821436152
1807 67.6752057499
1808 54.8154971845
1809 57.2361708895
1810 53.1805800615
1811 56.5829359075
1812 62.8083722119
1813 55.8364359545
1814 56.4426291659
1815 58.088629241
1816 53.7692088528
1817 53.5272766337
1818 52.8027443683
1819 60.4428053171
1820 52.0590261131
1821 69.3183707158
1822 61.799914355
1823 53.250241906
1824 53.5861327372
1825 52.2910044403
1826 59.7904214274
1827 59.8853353556
1828 53.2260589397
1829 32.9899122306
1830 47.101522142
1831 51.152484441
1832 49.6877236802
1833 52.6654735301
1834 65.1495760848
1835 71.8343509974
1836 51.405359664
1837 51.9997523668
1838 51.0790001279
1839 58.1425418812
1840 54.4909559754
1841 52.6295228276
1842 52.0132582867
1843 51.5374553291
1844 53.1016872746
1845 55.7813819401
1846 71.4186948593
1847 60.9018157234
1848 53.7671136591
1849 52.6733679259
1850 54.7607103521
1851 63.5332005287
1852 53.6064532693
1853 54.905742434
1854 54.7623528663
1855 56.1364729226
1856 54.165346214
1857 50.9543819715
1858 60.1197145204
1859 60.4234321812
1860 60.4200232768
1861 60.473210296
1862 62.6485314209
1863 51.8305738978
1864 54.2367845862
1865 51.6482701392
1866 51.2997173215
1867 57.67186322
1868 54.0557158427
1869 53.2589297081
1870 58.5350855909
1871 49.5811360194
1872 53.5980056251
1873 74.453678859
1874 79.4889917235
1875 80.2835892902
1876 89.0544414785
1877 95.5169986818
1878 73.483936055
1879 75.699599033
1880 82.7976093959
1881 80.4923898067
1882 82.9722328938
1883 78.9809745922
1884 90.3876787017
1885 75.5567061222
1886 75.2896195046
1887 73.6689264536
1888 77.6774552512
1889 87.3288043013
1890 75.8103624211
1891 81.1559619639
1892 82.2624137091
1893 82.3504414362
1894 77.5215923676
1895 75.9829198422
1896 81.1353642731
1897 72.7126100754
1898 85.0322183978
1899 81.2996208193
1900 76.5104183181
1901 82.8296143592
1902 74.9715030993
1903 86.9855995934
1904 73.2925186553
1905 75.5140599284
1906 76.3949011056
1907 83.0151116656
1908 78.2214991279
1909 73.4792104172
1910 72.4761603988
1911 76.5179847928
1912 77.3067533588
1913 81.3922575659
1914 101.377102923
1915 72.5678849142
1916 86.1263953528
1917 74.8597763925
1918 78.3794693535
1919 80.7029902439
1920 73.7191409125
1921 75.960665718
1922 68.7718013627
1923 92.4830026399
1924 89.5080349604
1925 79.6774733315
1926 84.1950995253
1927 76.717133471
1928 75.8103159701
1929 80.0455617156
1930 64.872765962
1931 78.0012207672
1932 74.0602797057
1933 94.5993878958
1934 88.7057783422
1935 78.5437591471
1936 78.6745324645
1937 80.9336823618
1938 80.1858111139
1939 81.8600594058
1940 79.3599168914
1941 74.1286157899
1942 76.2819001799
1943 86.8567969929
1944 73.333727858
1945 96.36383521
1946 77.6050385625
1947 73.9459719033
1948 90.0180274386
1949 90.005941245
1950 73.3156213512
1951 73.4359521735
1952 81.1645083062
1953 81.9036877194
1954 92.930044026
1955 74.8336819769
1956 91.7258402992
1957 84.2947325159
1958 75.5514812773
1959 77.7634539346
1960 75.7686576967
1961 75.2011133234
1962 90.1685505175
1963 82.5800027215
1964 57.3739258473
1965 63.3339281589
1966 55.2741224317
1967 64.8908538455
1968 60.5465754697
1969 75.7925793926
1970 63.6211669093
1971 70.1944472897
1972 63.8177172168
1973 57.6197266838
1974 69.5980619801
1975 59.2330160584
1976 57.2441709806
1977 46.3857062811
1978 67.5852288913
1979 67.6796653673
1980 60.7376240668
1981 69.2111522818
1982 67.6403693285
1983 61.580805193
1984 56.7638224849
1985 62.4390545088
1986 61.1549751699
1987 67.2268055783
1988 60.3061094332
1989 58.9800069081
1990 61.4386848846
1991 59.0238571517
1992 27.5327727763
1993 61.7886640803
1994 58.1411198108
1995 56.6262171031
1996 66.6904723422
1997 62.6074040151
1998 60.6668602275
1999 58.3138221366
2000 69.5420514562
2001 66.6933493167
2002 58.615330842
2003 54.220261222
2004 55.3080807184
2005 61.0701572582
2006 59.285716026
2007 68.7600202729
2008 64.6785641194
2009 59.1270418037
2010 58.1010101607
2011 56.363539308
2012 62.9045046689
2013 66.1653889521
2014 63.9294004986
2015 69.0627257519
2016 67.5791677224
2017 59.1053271032
2018 64.3377403618
2019 58.2192841712
2020 73.1452057281
2021 67.3312025366
2022 62.4433423289
2023 57.5125504199
2024 61.2249874108
2025 60.7251953241
2026 59.0507833887
2027 67.6110970526
2028 65.561667513
2029 60.974122865
2030 68.0416454015
2031 65.3673660705
2032 65.7470200661
2033 70.6082311471
2034 76.9537515758
2035 56.4743522171
2036 56.7309885292
2037 56.7774031668
2038 57.2391734187
2039 65.9536935495
2040 66.0776861748
2041 73.7803700559
2042 59.7872374205
2043 61.8116331785
2044 56.9297278883
2045 61.0226418707
2046 55.200652647
2047 53.0196541527
2048 73.2082199435
2049 56.1692182443
2050 54.0652110336
2051 61.2422159466
2052 75.3032738981
2053 53.3542031135
2054 69.5556390465
2055 63.3034196155
2056 56.4875939676
2057 64.4226941457
2058 59.7078008097
2059 63.6546236853
2060 62.434126843
2061 72.5065157837
2062 61.2337829022
2063 60.7419289315
2064 75.3511346013
2065 59.7466756047
2066 71.277900855
2067 59.5123411971
2068 54.5743044855
2069 61.5614492265
2070 74.7431903445
2071 69.7961875206
2072 57.9442531895
2073 66.2851376616
2074 72.2073358731
2075 57.639989932
2076 55.3980259528
2077 60.9860889837
2078 55.826425146
2079 51.7550178472
2080 55.5957058239
2081 46.7589305909
2082 59.4573402242
2083 62.902749453
2084 73.1610132983
2085 59.722394575
2086 74.5941006473
2087 66.6206943295
2088 64.2065991204
2089 61.263002114
2090 59.9152716694
2091 52.0678857175
2092 71.7853901971
2093 61.8273101215
2094 65.491084477
2095 53.6732587049
2096 53.6620248618
2097 52.3318267236
2098 47.7045035748
2099 50.9149338816
2100 56.4193324711
2101 56.3067832945
2102 56.1411485007
2103 59.8599105861
2104 57.6455075836
2105 50.7600683442
2106 55.4810976184
2107 64.3169299954
2108 51.6241486493
2109 50.5014102223
2110 68.1309681765
2111 60.8857231275
2112 56.3542693191
2113 48.8780926416
2114 62.3856357762
2115 59.7048430049
2116 59.6296058448
2117 56.8560271524
2118 62.4814119132
2119 56.531030849
2120 59.7312235423
2121 58.6989045624
2122 66.0675597312
2123 50.6781732041
2124 55.656058121
2125 64.8603441778
2126 57.2626398796
2127 53.2265566409
2128 52.2348895228
2129 55.1777504612
2130 55.871563469
2131 54.523293912
2132 54.9078917452
2133 54.0861864904
2134 51.718980987
2135 66.1642967673
2136 60.6889717965
2137 56.757310222
2138 61.7637972558
2139 75.0330520777
2140 66.8386520631
2141 60.1425233309
2142 59.6049899765
2143 60.9444658798
2144 59.0612764607
2145 51.3020161219
2146 51.2768062514
2147 54.1361424137
2148 74.5446256525
2149 47.1849015683
2150 51.3282177281
2151 53.5663010371
2152 56.4722096023
2153 50.6589806694
2154 53.4306910302
2155 58.93774326
2156 62.6470614863
2157 54.6598121022
2158 54.5492357332
2159 63.7924758886
2160 54.9159648832
2161 69.9282922351
2162 47.28610388
2163 54.8666363039
2164 68.5959264698
2165 66.1961863804
2166 53.8622758727
2167 59.7117771156
2168 72.586971592
2169 69.0292377628
2170 68.5188931969
2171 72.4016420108
2172 58.1949479002
2173 69.2796364488
2174 63.3468661321
2175 69.2023208524
2176 53.7306573106
2177 59.0334998863
2178 74.6598072165
2179 73.2332596088
2180 54.4825213862
2181 60.7119424777
2182 68.3436968572
2183 60.6606527109
2184 65.6281048233
2185 58.2684355869
2186 63.6561448868
2187 45.846419579
2188 56.946351552
2189 47.6185376594
2190 63.4707949709
2191 54.143483267
2192 66.0118890442
2193 74.7361196058
2194 73.2604094214
2195 56.8559870051
2196 57.5449078035
2197 53.7008193187
2198 62.5096051295
2199 62.9644200576
2200 54.972345691
2201 58.1335012619
2202 68.8751504252
2203 63.7949277557
2204 59.5210483998
2205 54.5914140178
2206 57.3922527828
2207 58.2695752826
2208 57.0374879174
2209 63.494877753
2210 70.5119768831
2211 58.4868629178
2212 60.8799643121
2213 61.9831690051
2214 55.1710474025
2215 65.9724666867
2216 57.0721539374
2217 64.5644070873
2218 78.3219266277
2219 59.1263030782
2220 75.3845576332
2221 56.422951175
2222 66.2487070615
2223 54.4411956863
2224 71.4521657812
2225 53.9514633036
2226 58.9876409497
2227 58.8818408909
2228 68.1279511501
2229 48.7575318167
2230 48.352735388
2231 49.307825498
2232 51.8691978446
2233 52.4479754767
2234 50.8168429746
2235 63.118697674
2236 65.3244700398
2237 51.1911994162
2238 66.584535286
2239 56.7674523409
2240 53.3734835639
2241 65.6147753978
2242 56.1239091192
2243 52.7227846071
2244 50.8916282219
2245 60.9534437842
2246 59.30884177
2247 65.5160595466
2248 64.8374722641
2249 69.3697967838
2250 60.0276803268
2251 55.8986878887
2252 65.5132850606
2253 59.5771180631
2254 59.9863837523
2255 68.0644248453
2256 65.5908591942
2257 50.5276343203
2258 56.7870440247
2259 58.5124165076
2260 58.8320708638
2261 58.4882929717
2262 51.4191024034
2263 69.910446866
2264 58.8831033758
2265 55.4579615822
2266 53.7183748312
2267 62.8456128046
2268 58.8751516829
2269 54.7292409032
2270 53.3474470547
2271 55.247409797
2272 51.046390365
2273 52.6763605896
2274 53.4019381211
2275 50.0045025475
2276 61.4855756879
2277 54.3868098478
2278 61.1268205716
2279 62.4891142381
2280 59.7784719006
2281 57.6403243518
2282 39.1238948844
2283 69.2699265837
2284 50.1444292491
2285 62.6475085164
2286 57.1235319473
2287 63.4216075129
2288 51.5631716904
2289 53.6017311302
2290 58.4402737867
2291 60.0642814728
2292 65.3208012608
2293 18.7440543504
2294 57.4758265528
2295 64.6954729836
2296 59.4712228012
2297 62.6568258355
2298 63.2772755838
2299 59.5275064544
2300 61.2774388937
2301 53.7156410281
2302 60.6559032105
2303 59.114930869
2304 58.705595549
2305 64.633155873
2306 41.8671725006
2307 62.2125370864
2308 61.7940967675
2309 56.9889608924
2310 65.0924051078
2311 65.5887399849
2312 60.3312188504
2313 63.7804384629
2314 65.2527705433
2315 60.9308867611
2316 59.8675671104
2317 68.1670734048
2318 62.9788163938
2319 66.9565517793
2320 70.6732200666
2321 77.9846947514
2322 60.3482437983
2323 61.8975756776
2324 60.7000738525
2325 57.9630763272
2326 63.3242733891
2327 59.8019375605
2328 61.2962862717
2329 59.337518572
2330 58.1196151077
2331 62.2001371273
2332 76.4626371295
2333 47.0506624894
2334 56.344053607
2335 56.2799940374
2336 63.7683373369
2337 78.532466304
2338 69.5445624553
2339 63.711823294
2340 73.4135691914
2341 71.7458258678
2342 58.4428199149
2343 54.5753915757
2344 62.6775275592
2345 72.0116436323
2346 66.4519543
2347 64.2547833839
2348 57.2575651876
2349 57.7080996697
2350 56.2472722742
2351 65.4090046357
2352 57.5302882475
2353 73.8641027873
2354 50.6734879855
2355 63.7632349042
2356 57.8268221662
2357 52.1478409992
2358 50.6013065617
2359 55.9086326758
2360 58.147044166
2361 54.0686707806
2362 61.7360433006
2363 61.8104189565
2364 55.0228658074
2365 52.5618674723
2366 58.3510179586
2367 56.9953346927
2368 64.7072414007
2369 65.1988296661
2370 68.7984031929
2371 59.2435503832
2372 62.5579808458
2373 62.8634725012
2374 54.6641352956
2375 69.9035421786
2376 49.7547910984
2377 55.9050884356
2378 61.4793444373
2379 70.7667759039
2380 60.4307810853
2381 53.9438110279
2382 62.6666314512
2383 50.6581168871
2384 54.3079331933
2385 55.0561494259
2386 58.1947317329
2387 63.7418596502
2388 58.5555760451
2389 60.5032932289
2390 70.18607859
2391 52.6537109779
2392 56.2718836934
2393 64.9255954506
2394 71.3164447527
2395 55.3761181504
2396 68.4165152389
2397 55.2846782674
2398 55.6922717373
2399 59.0537853863
2400 58.0200138817
2401 57.2123307297
2402 53.4424635073
2403 65.2106562692
2404 62.1241832567
2405 54.7644681202
2406 52.2112826653
2407 58.2639857853
2408 56.900517914
2409 62.9824295681
2410 54.2153370912
2411 68.7096364832
2412 59.4157618435
2413 52.9412898244
2414 64.1281047428
2415 62.6513049915
2416 64.1351125326
2417 62.1558507841
2418 69.800100027
2419 56.6874728744
2420 45.4716554779
2421 63.5805205644
2422 55.3182901438
2423 54.4990571797
2424 52.3263756707
2425 56.3558965602
2426 65.0564344658
2427 73.1172799848
2428 61.7636998661
2429 60.6118086242
2430 53.1065868776
2431 56.3165755503
2432 51.8343582183
2433 59.71561369
2434 61.4988861417
2435 57.1433572662
2436 56.5477795544
2437 53.8734437301
2438 60.3670865112
2439 55.6435326418
2440 54.9603556948
2441 58.1640248401
2442 53.4967675509
2443 62.9085020413
2444 50.2756008828
2445 54.7270278879
2446 54.6260406735
2447 58.2495596374
2448 61.4554453543
2449 81.2973344964
2450 62.8624211225
2451 52.7421381842
2452 63.5813320005
2453 55.7655968574
2454 58.6410871809
2455 58.1693658716
2456 53.7350864846
2457 56.9068630687
2458 58.6434607333
2459 58.6615091035
2460 54.0084143042
2461 55.7736192812
2462 52.4675386972
2463 48.7393271809
2464 59.5363848111
2465 70.3886738885
2466 54.4237887463
2467 50.9358809298
2468 67.7294584105
2469 54.7530908367
2470 60.1729998781
2471 60.2070826554
2472 53.9817432507
2473 52.4441111646
2474 74.01952705
2475 51.6281469018
2476 55.5835763569
2477 63.1015012805
2478 52.3177335447
