u s
60 41.5047007226
120 35.2743802962
180 50.8146018928
240 40.8576672242
300 56.6281862102
360 40.0162867337
420 54.9544182388
480 52.2954868925
540 27.0309660658
600 38.637309153
660 32.5032137659
720 42.8835474359
780 25.5664041372
840 33.8752004174
900 48.1633032454
960 37.4275183927
1020 25.6030242117
1080 25.2652196815
1140 41.1069040038
1200 33.258392823
1260 51.3739208847
1320 24.5088911258
1380 37.1709016062
1440 35.5046149895
1500 41.8591910189
1560 106.607066219
1620 46.7842345295
1680 25.1880258049
1740 117.285453401
1800 27.3444327467
1860 44.015859614
1920 39.0007511172
