u s
60 39.159863314
120 34.4943699155
180 35.737335938
240 27.4828378309
300 40.9825715216
360 28.3865014517
420 34.0623610982
480 38.4470526321
540 36.4654672846
600 31.4555080439
660 42.7205294918
720 38.951777205
780 28.9238336063
840 38.6922113392
900 36.0276581107
960 40.2370203322
1020 28.500305242
1080 28.078054894
1140 27.0739776692
1200 24.6083222831
1260 25.9026821796
1320 28.6754355587
1380 47.7800247695
1440 38.2752781647
1500 27.4279511809
1560 33.6739184371
1620 38.2757693991
1680 35.9084797162
1740 35.1437043289
1800 36.3738377794
1860 27.3868667408
1920 42.7292569144
