u s
60 47.6487907316
120 39.1210235437
180 35.4709646222
240 35.7209669614
300 42.5406333288
360 47.3403508584
420 33.0960161281
480 49.1465155451
540 38.9891025128
600 33.6279982401
660 35.425994268
720 25.4561151125
780 39.9606816217
840 36.5303939879
900 26.7163823183
960 44.6438371268
1020 44.9515766343
1080 37.3711182008
1140 36.1461251412
1200 35.8919575643
1260 36.5990676876
1320 46.1950136056
1380 24.3879594498
1440 25.2360399355
1500 58.5488989499
1560 46.2592998009
1620 38.0454505588
1680 35.8573752796
1740 40.0063703477
1800 38.3546599774
1860 44.8298071123
1920 37.386735622
