u s
60 33.6864599796
120 32.4495564879
180 36.9149089399
240 52.7889784448
300 29.9116842263
360 37.039218448
420 42.6324282471
480 36.4518886336
540 61.4917754751
600 36.2669541641
660 24.9960528013
720 25.5317787271
780 36.1409170538
840 48.4793566957
900 24.6843978916
960 31.9045069181
1020 37.2320454068
1080 32.6180263182
1140 26.4998654813
1200 38.7498082141
1260 68.8188684056
1320 39.1687683225
1380 46.7606579226
1440 33.573617633
1500 33.331613388
1560 44.3813210913
1620 36.0214970429
1680 25.2543956238
1740 24.5809642071
1800 37.9055834216
1860 51.1729411666
1920 90.7871266946
