u s
1 75.799639972
2 72.6836997481
3 65.6373988569
4 60.7932683845
5 61.7482914949
6 52.6692521001
7 57.7916682827
8 56.4036900166
9 68.1242936275
10 61.4498969399
11 54.0583771869
12 64.2766835296
13 67.4711131274
14 58.6278916608
15 71.9970390997
16 61.4096708115
17 58.3305139169
18 52.2297300264
19 169.754826286
20 66.6920486568
21 62.1517245893
22 57.8915273096
23 69.5074648301
24 62.4205028343
25 63.4895376683
26 78.3867627495
27 63.7991813064
28 54.5327981458
29 73.0356028435
30 66.9252158483
31 66.7795344473
32 73.6506098188
33 62.0456907444
34 66.7750837829
35 56.9517172607
36 66.8159751021
37 71.3568743134
38 60.8470925981
39 50.492088486
40 54.8165818419
41 63.3784295012
42 62.2395842037
43 59.3166360828
44 61.9591943032
45 65.0496142695
46 64.8161856422
47 61.4527477968
48 58.5561515538
49 59.7625653917
50 61.644279774
51 62.2197012425
52 62.1996972351
53 67.0987690539
54 59.8970744303
55 160.454894471
56 64.899451905
57 77.307469924
58 59.7832831326
59 60.1111540563
60 60.4721440149
61 58.7799660352
62 85.4653278558
63 60.5464916017
64 71.5454185955
65 87.4802026478
66 49.9116323446
67 64.8160362654
68 55.0851683202
69 34.7659589494
70 57.6258436981
71 60.5205398901
72 56.9233677957
73 63.8343469184
74 57.3155936949
75 57.6459164093
76 58.5999658313
77 58.6062368635
78 57.0448054565
79 55.6166077201
80 64.9260043959
81 45.4273314954
82 55.6160962565
83 48.5907830419
84 54.6106727683
85 53.1537020871
86 58.8369411243
87 58.6651088241
88 50.2855935673
89 62.00253068
90 53.6246649134
91 57.9220445967
92 54.9769360806
93 61.3897932577
94 69.5127768918
95 47.0092987086
96 51.4167283406
97 49.1179200999
98 63.9422985384
99 66.0535409927
100 57.4656817177
101 58.1950965741
102 59.1163348945
103 56.4811120473
104 64.0568515624
105 58.8822130635
106 62.4909087228
107 53.2003856186
108 59.094418021
109 60.4803329681
110 50.8406189739
111 55.9140173911
112 77.8962064589
113 58.8325881868
114 59.8483558266
115 51.2367988137
116 66.7030438062
117 55.6621053325
118 57.8868837652
119 58.046600356
120 60.3551371165
121 56.6174070137
122 52.9113741982
123 62.5216365683
124 56.4371542537
125 48.8999545029
126 56.95390103
127 57.3064879488
128 54.5050300653
129 55.8992355917
130 47.6054463145
131 51.5219389385
132 55.1062000056
133 61.8316626902
134 53.672915336
135 58.1433539075
136 49.660603864
137 55.8805823775
138 59.5575101879
139 57.9844748949
140 53.0030940488
141 61.3092554799
142 55.8259785461
143 57.801702833
144 62.171241723
145 55.6489031642
146 62.9064424545
147 51.6864780973
148 51.5946613905
149 77.1293055021
150 59.062888129
151 56.8858296163
152 52.3715108422
153 56.8773101096
154 62.4285071261
155 58.8223069168
156 57.6467719923
157 62.2216257737
158 59.051591217
159 59.1291935509
160 51.9392888724
161 55.1267810502
162 60.5244451727
163 61.3123317677
164 53.6997146573
165 52.6971182989
166 58.4927566376
167 57.7694318451
168 55.5209440087
169 60.0716882236
170 50.4442411361
171 53.6639479255
172 55.1888540786
173 54.6034008662
174 58.5437296914
175 55.0243498482
176 55.3054485578
177 52.120199491
178 54.5702275333
179 51.8483427627
180 58.1274979427
181 55.3491594225
182 60.604930484
183 56.4477566962
184 69.6384926159
185 56.186265496
186 58.0917085012
187 51.2101693856
188 62.3181184191
189 77.7243827927
190 49.4813141359
191 54.6641180608
192 49.7468045469
193 53.6215521211
194 53.2128661772
195 60.0956725303
196 56.4234624585
197 59.8245069778
198 53.1931276344
199 70.2026236306
200 60.1869457023
201 57.2217642548
202 58.6380994161
203 69.3457624967
204 66.999152944
205 59.5777482465
206 53.6650090216
207 60.2382955262
208 56.7889066587
209 74.4265893865
210 61.6664933022
211 54.1655188759
212 53.4649676033
213 50.0462499647
214 52.3976584341
215 61.1140424546
216 46.0197111719
217 63.4309047048
218 68.9111002478
219 56.6076042542
220 60.0858392107
221 61.6792000642
222 57.3423173818
223 71.8189084065
224 58.5091966887
225 63.9770643399
226 62.5904467612
227 78.4011460852
228 56.2816422893
229 63.0789012358
230 66.8183196847
231 73.4108040759
232 62.3864890428
233 181.804168511
234 58.1051503375
235 60.2659133465
236 198.495006369
237 72.0971418283
238 62.675638727
239 62.9303368025
240 58.2352992089
241 69.6848803436
242 60.8883947267
243 73.4023382844
244 58.7617947921
245 58.4412277658
246 62.252848724
247 64.7522731676
248 51.2864610651
249 56.6294819975
250 70.565458648
251 60.3127922177
252 57.6016975943
253 53.5698127368
254 62.8784965318
255 74.5193980288
256 64.531534973
257 69.4315064866
258 62.706560914
259 55.3332116988
260 59.5628328906
261 52.3848878474
262 50.4509445367
263 60.8787151705
264 47.6058590249
265 49.3141644235
266 46.2797400044
267 59.713181013
268 56.29582256
269 53.7765508807
270 44.3724320245
271 57.078739943
272 48.0199451136
273 56.609166692
274 49.2727296149
275 51.2996716448
276 63.3508703697
277 50.3517952064
278 55.0849503003
279 54.3165393002
280 48.7011969824
281 44.8578396446
282 49.30509898
283 66.5583299703
284 57.1061255676
285 69.5199284586
286 50.9560915951
287 54.9263953999
288 48.9246310125
289 52.8598494919
290 44.4682056114
291 59.2827585558
292 54.954164356
293 54.232402795
294 49.7274660716
295 48.0243762051
296 43.3844629405
297 58.1722972404
298 49.8718732882
299 58.0304384569
300 52.2451629337
301 51.622424603
302 54.8667857707
303 51.4647890539
304 46.3629363927
305 45.6230700596
306 55.7267675539
307 80.8404774492
308 51.7012912382
309 46.4621011223
310 55.6291717409
311 48.1437586385
312 68.8354312255
313 55.9893540138
314 51.3852662152
315 48.9389569488
316 49.4736681428
317 48.9163603689
318 50.8311243654
319 49.8743395021
320 54.4427537079
321 42.7982229289
322 60.0205085293
323 40.7050199818
324 64.5597215134
325 56.9406170485
326 54.7753842488
327 47.86680361
328 50.1703634724
329 56.2451899952
330 49.6315405807
331 54.7254383985
332 57.773853146
333 62.8527698694
334 70.8851702766
335 57.8476528649
336 61.8007188486
337 53.7111509302
338 61.7035042556
339 56.6830979552
340 55.4383287269
341 67.7331974464
342 55.1368500112
343 42.162679075
344 52.0710060289
345 59.2315191322
346 58.4001117392
347 53.688186788
348 71.8869594881
349 59.9260651447
350 52.5220014944
351 56.2138805538
352 60.5826178526
353 46.399916765
354 49.1800968201
355 58.2573413908
356 63.3781166833
357 50.9902369841
358 72.9833065686
359 62.1658130884
360 52.3079049781
361 54.1061821938
362 53.3083277686
363 61.5844986116
364 68.0793384551
365 52.2055118607
366 60.9902370328
367 43.5546905589
368 64.4528019088
369 65.6838298894
370 78.6035711043
371 51.4980054894
372 74.4527015603
373 59.8084407821
374 50.1901871211
375 55.3809168021
376 57.1552528476
377 47.4093551382
378 54.4058324524
379 46.7674267259
380 59.7763729442
381 56.2697167658
382 52.2010887393
383 53.5706013349
384 48.2688440548
385 63.8758346685
386 53.0658810976
387 63.5273031653
388 60.0436946173
389 48.3941101879
390 59.4759192648
391 59.023527898
392 78.8171162707
393 54.6177118085
394 44.9143234698
395 59.7396230503
396 49.7929324438
397 48.5182228989
398 58.064073995
399 57.8831516101
400 60.9248483337
401 60.5967018015
402 54.787972292
403 59.748968347
404 64.7549988661
405 56.3479956663
406 55.5469237313
407 63.5030968604
408 54.1709583062
409 56.5832417065
410 44.3003831463
411 55.1929514671
412 60.1361429774
413 53.4933233266
414 70.9724340684
415 50.9025402116
416 52.4268609345
417 58.2925248273
418 47.1577007857
419 56.581195407
420 49.2037964958
421 49.2906939636
422 52.2840773142
423 49.5402898865
424 49.2998826697
425 47.5298127832
426 58.1234350974
427 54.5555565022
428 60.1910707797
429 51.262602701
430 63.1579894803
431 56.5595255515
432 58.0679330902
433 59.0660926032
434 45.2614881375
435 64.636723548
436 54.883792569
437 53.0839881804
438 52.8498886559
439 58.6571619701
440 64.322569535
441 54.8219518537
442 54.5528916064
443 50.3005583115
444 57.9466702742
445 52.045784741
446 49.2271262101
447 54.0343791429
448 54.2595177077
449 64.18531805
450 54.8413157265
451 56.0507383998
452 56.1840270586
453 52.0261567734
454 67.3525635009
455 59.1542804947
456 56.8548880073
457 48.567586375
458 49.6221370343
459 57.4143350232
460 50.4501026594
461 53.3440771164
462 56.1561841416
463 55.5947882304
464 66.780127922
465 44.9878523027
466 66.180103812
467 54.9630482838
468 61.5851985377
469 55.1326838489
470 51.326473641
471 58.1491629752
472 51.652344881
473 53.794965939
474 47.5532019065
475 54.6485392551
476 56.2779567996
477 54.6047536433
478 56.1548372474
479 56.3254606301
480 58.889942321
481 50.6230873677
482 60.1003207051
483 47.0887296538
484 52.4281338799
485 51.7923642957
486 56.4660865895
487 56.3997879896
488 52.6984750872
489 62.2571520846
490 48.3058700623
491 55.7594890015
492 22.309364433
493 63.3736477474
494 55.1851245932
495 68.8672437994
496 63.7887653233
497 68.6814548258
498 47.435138935
499 62.4708980828
500 55.677318906
501 56.3067299498
502 56.450335879
503 58.8198496797
504 49.4401948953
505 58.0618724593
506 56.7253798833
507 54.4778547084
508 45.5818185135
509 82.722849989
510 58.246230767
511 64.015882491
512 62.419204706
513 54.4608319677
514 53.242653056
515 55.6590025262
516 56.3705265065
517 53.4640534488
518 54.5615399777
519 51.3793698164
520 55.713571855
521 59.1747156643
522 76.4956338581
523 50.6842747242
524 55.8019486292
525 53.190108039
526 50.6557501737
527 51.5308004756
528 54.8339936901
529 55.1902840044
530 52.2913902097
531 54.1835371929
532 59.4488461964
533 51.5021792048
534 56.6498371192
535 52.2700773843
536 51.4852637054
537 45.5811896571
538 42.0919861345
539 52.1817568527
540 52.0645336855
541 45.2221459083
542 55.345684301
543 54.0766787778
544 56.1042157041
545 46.3789894589
546 45.6343585153
547 55.1541317549
548 59.1883819473
549 49.5459392509
550 51.2052372551
551 45.6724960438
552 66.0137887427
553 52.6051754605
554 54.6441826275
555 52.8070921174
556 53.2320520161
557 60.6673573279
558 54.6871581208
559 54.4809630375
560 51.5927606175
561 54.8428016781
562 42.7230242647
563 45.9772774833
564 52.8227161483
565 53.3565438968
566 60.2069386128
567 57.6427513318
568 54.1545773182
569 62.7207132169
570 50.4811741019
571 53.1554497862
572 62.530987539
573 52.5052838029
574 49.3874417927
575 44.8027614382
576 51.1631335867
577 55.1899666408
578 53.8518231681
579 49.1889834381
580 54.5999534901
581 63.9387752331
582 46.5744937326
583 56.0787475289
584 52.9996983199
585 73.8534947451
586 42.5600979807
587 44.4818841196
588 56.0418217676
589 49.9177397718
590 48.4624792248
591 60.8100779262
592 49.3415553954
593 53.221095899
594 49.7599539821
595 48.4788337072
596 53.2008165991
597 47.9379804668
598 47.3977093408
599 49.2154899168
600 42.5841041867
601 53.5767801385
602 59.0381766085
603 48.7261441703
604 65.9979224295
605 53.7077219086
606 49.5862765056
607 61.6025766015
608 49.5315939535
609 44.1028184959
610 44.9186911113
611 47.9202644041
612 56.6082787541
613 45.5196310618
614 51.5241421472
615 52.0050326075
616 49.3881240543
617 51.8925772788
618 50.8160087267
619 53.593816982
620 43.8390864605
621 49.2883103301
622 48.2212061292
623 50.5724130249
624 49.4770180442
625 42.0457357507
626 49.3956182144
627 49.9498940294
628 40.2639794945
629 52.0114215211
630 51.8642133611
631 53.7963973415
632 50.8355219091
633 48.8537843862
634 52.2935080228
635 53.176847072
636 47.3227112935
637 54.694514744
638 46.3768443243
639 51.4252470356
640 50.0636914895
641 45.0014102705
642 50.2255586513
643 61.2017958398
644 54.9846177647
645 49.1349981808
646 49.0884171871
647 48.2142479463
648 49.8566690871
649 65.0728806309
650 63.215935638
651 51.3173530412
652 61.3159968411
653 65.9632053789
654 64.183500038
655 61.6395602158
656 66.6609375857
657 61.0964198407
658 54.1327169383
659 63.058083931
660 91.8354172747
661 68.8030518093
662 54.2372668507
663 59.5908600842
664 64.8707138523
665 53.9937300948
666 61.4757412251
667 56.583056462
668 56.5167751971
669 61.0426259996
670 64.0744902801
671 63.1837437679
672 60.1246514416
673 72.7711937461
674 60.4282235681
675 62.4672106462
676 62.7118230416
677 77.2722904664
678 57.8810460483
679 54.0082427224
680 64.4554183006
681 62.6487981874
682 61.5963351408
683 64.2795692913
684 69.3743040569
685 59.3355978863
686 75.0527477673
687 64.1284499159
688 59.7728513946
689 60.4586657208
690 42.0978715236
691 56.6977219926
692 64.1610628514
693 81.1770365481
694 57.3039074798
695 59.8232270809
696 59.1292245159
697 63.3619371325
698 63.0926820493
699 60.3892954445
700 62.3999274459
701 58.6952186903
702 65.5494944809
703 75.4890990044
704 71.5329285198
705 64.033114353
706 67.1596806474
707 55.9338972829
708 69.1064633257
709 61.6220881812
710 58.8567797237
711 55.3388852409
712 58.2417453786
713 72.2462918349
714 58.8729660741
715 47.2417065971
716 57.20742096
717 53.4146101758
718 46.4380296971
719 58.6634552638
720 45.9674867381
721 47.6038964162
722 47.7695420252
723 51.4810304081
724 56.6570894029
725 50.2063735894
726 54.5674562067
727 51.7061124639
728 51.0391892073
729 49.4244763384
730 55.9563035612
731 71.4775698002
732 48.8823431983
733 54.9951823089
734 65.4225385137
735 57.2004864191
736 50.1944296048
737 51.3566012251
738 54.6464304232
739 48.3291066774
740 49.8164575591
741 50.3422447308
742 48.267583174
743 46.7362176082
744 47.599207383
745 55.8343708813
746 59.9248161924
747 66.1783540494
748 55.2596597576
749 54.2790966382
750 51.8678439249
751 50.0933104632
752 53.456689095
753 66.4467405457
754 50.1705898884
755 57.9637598327
756 55.4465248432
757 76.9861687153
758 54.7869857817
759 48.7494926879
760 53.6842490999
761 54.7275211239
762 49.6235316131
763 49.5521441852
764 49.9007482246
765 51.8860376134
766 49.602627415
767 66.1648260772
768 44.5113353793
769 49.1024470728
770 42.8175388051
771 48.690593433
772 51.6302929691
773 57.5862189719
774 48.9536115718
775 54.0658366625
776 70.9727948018
777 49.9572048352
778 48.6115612388
779 49.5934545485
780 58.900340445
781 55.0598222745
782 60.4314830662
783 56.6699403261
784 62.9879537051
785 58.0835480707
786 64.975100925
787 67.1808583149
788 69.6816363804
789 53.4063446069
790 62.1819233635
791 55.6865605882
792 56.5974923208
793 56.5981512689
794 54.7190613652
795 59.3762580212
796 57.4496157649
797 64.4528218118
798 57.9346061275
799 58.5056147067
800 57.4594998293
801 65.9254037057
802 53.5946067163
803 68.2083377795
804 63.7901996295
805 55.6844589262
806 53.9939018585
807 50.8922029577
808 75.5516121508
809 52.2829169619
810 59.714856155
811 60.0104817911
812 59.938584113
813 55.6838557211
814 44.3783803881
815 53.982685441
816 18.9500740458
817 63.2453726572
818 61.8297064072
819 57.2059162928
820 56.8548252044
821 46.9804008384
822 56.3041639056
823 54.3405648601
824 48.3162001876
825 53.5506803815
826 47.4673571585
827 54.2070607842
828 63.9511850963
829 68.7085640111
830 57.8596685799
831 64.2504102342
832 57.4252121919
833 51.5363245494
834 55.7770332467
835 56.7400779426
836 53.3067130002
837 68.6664865641
838 60.3109185798
839 63.8827563445
840 61.2233335812
841 61.4210169576
842 55.3352013527
843 55.2976719495
844 58.0008571935
845 50.9331633284
846 56.4917475585
847 70.4991313733
848 52.2210076205
849 53.885351631
850 43.6083694761
851 50.156093776
852 51.1436351892
853 56.6492211242
854 73.9395925169
855 47.8832279031
856 53.2947850392
857 52.8630029802
858 48.6797267524
859 72.0566817834
860 51.2059117619
861 46.0087695751
862 53.2928372178
863 53.0352887666
864 42.269658343
865 57.1601344334
866 53.4434300831
867 56.2314284166
868 52.1638829052
869 50.0752591265
870 49.0240200704
871 54.5097611074
872 47.0802466874
873 52.2549434211
874 53.2141660855
875 50.5176270941
876 50.9576655273
877 50.4074313888
878 50.7192072441
879 52.7853573494
880 63.2247246223
881 47.6812928776
882 45.2598173338
883 50.5729920944
884 45.4559698426
885 55.0462001586
886 44.3409690525
887 51.1902009669
888 43.7757415736
889 52.1208046319
890 54.5686554056
891 52.0380658654
892 57.045862599
893 52.0502839296
894 53.1869909658
895 49.8208929322
896 51.6175187485
897 46.1955658998
898 60.2682987817
899 52.6036409334
900 56.8388896034
901 49.7412506855
902 54.4257870323
903 62.6287278735
904 56.800390037
905 57.8329985229
906 49.2829698385
907 54.7669808864
908 52.5686925716
909 68.1898289374
910 52.2738292974
911 50.4780328203
912 67.8507851962
913 51.5702415441
914 52.1567183044
915 52.4072050697
916 57.675176986
917 53.2282383308
918 46.5638970808
919 48.5358225651
920 51.2384027628
921 48.0311105267
922 48.8677128643
923 51.0244808607
924 54.4212101576
925 74.7595595002
926 60.4274872737
927 60.0002071675
928 69.6171406096
929 54.1858811168
930 58.1714519999
931 49.2486687821
932 52.0969391854
933 48.76883061
934 54.3829206492
935 54.2355082448
936 56.7586993979
937 56.8595969854
938 65.3548657688
939 53.5887905446
940 51.011308206
941 54.8682362622
942 54.5396189499
943 52.0750723329
944 53.6382340969
945 72.2819881264
946 52.1480113482
947 58.5468328582
948 55.7359244162
949 53.5325472796
950 60.9721661718
951 51.0384579855
952 72.7153051624
953 54.1696123663
954 48.2790388327
955 66.4857367619
956 66.4858809636
957 56.6022873367
958 53.7338249708
959 55.7219317965
960 57.7261186065
961 67.2254281456
962 57.5136446118
963 52.2333556946
964 55.5687321224
965 47.4429370433
966 58.5419755199
967 55.1577464279
968 52.194647466
969 50.5616044799
970 55.0441985641
971 58.643088137
972 55.5347291359
973 50.1757329169
974 55.1881546458
975 57.0784611916
976 59.2012878471
977 76.8246650061
978 58.5415461588
979 58.5716629325
980 65.8946727379
981 53.9922966845
982 61.6453697391
983 52.2691972651
984 51.9668513424
985 69.7270805726
986 62.2610027804
987 58.1601400358
988 54.989983244
989 59.2330827312
990 54.8519417695
991 79.0653482541
992 56.988471638
993 48.9718797805
994 55.4484265782
995 55.0232669594
996 70.537832345
997 77.5490953703
998 65.4008453004
999 52.5758406314
1000 52.5768990047
1001 54.8309685514
1002 53.3689047414
1003 57.0129258371
1004 63.7756153321
1005 56.6245577422
1006 60.703803318
1007 54.4948136302
1008 67.1345805046
1009 59.2973477067
1010 44.998958425
1011 54.1467208119
1012 60.5622613127
1013 58.8953051619
1014 52.2774536205
1015 54.4311002448
1016 61.3858888729
1017 54.4810286348
1018 60.2584634247
1019 55.0936130709
1020 62.368117418
1021 56.6034205843
1022 65.8103161982
1023 49.7685026435
1024 49.6240818509
1025 54.502149694
1026 54.3119094636
1027 58.2021103499
1028 66.91524638
1029 59.7752299979
1030 62.8745164809
1031 65.1932405703
1032 49.739197209
1033 54.8988869192
1034 51.8399763894
1035 49.3004032623
1036 58.277326474
1037 54.8951422191
1038 52.429151516
1039 60.8608796135
1040 51.8404647294
1041 58.5403380644
1042 52.0678751459
1043 49.1303616349
1044 52.9051958511
1045 47.4904543409
1046 50.7142343064
1047 47.5983156412
1048 58.6179938581
1049 49.2888520541
1050 63.5321143045
1051 56.0080157575
1052 67.3289378646
1053 48.8971876603
1054 50.1409716806
1055 57.3094460482
1056 78.9564800014
1057 59.7542340912
1058 57.775593637
1059 59.6533198882
1060 47.6837709453
1061 56.3875478688
1062 65.2571163656
1063 49.9090585609
1064 53.5430039862
1065 59.2335611693
1066 53.4517369517
1067 51.1890831455
1068 58.4645426502
1069 63.2607021457
1070 53.3286263289
1071 52.807781922
1072 53.7943996641
1073 56.4362268202
1074 63.5627601858
1075 66.9860447485
1076 50.9688628574
1077 55.2339845896
1078 53.2196518282
1079 61.2743121996
1080 53.5550552756
1081 55.0237643656
1082 55.2533341166
1083 60.5969082341
1084 55.7039599777
1085 47.2100081995
1086 54.4466782414
1087 55.892564284
1088 52.7422484149
1089 56.7534546886
1090 52.5883609435
1091 56.2200945579
1092 56.3382102806
1093 58.0175677633
1094 47.9293030014
1095 62.4563564193
1096 57.2503486302
1097 58.3964856835
1098 51.1313036604
1099 50.8687033416
1100 66.3835428967
1101 52.497610455
1102 47.1351190472
1103 51.9826607015
1104 53.7776917469
1105 55.0668952144
1106 58.5073923919
1107 52.5707644645
1108 72.1773216437
1109 57.8324172103
1110 54.9412979345
1111 52.5134675229
1112 56.5209000531
1113 52.9667127783
1114 53.0827660102
1115 54.617397616
1116 56.8130749227
1117 51.3327532778
1118 49.3827147656
1119 52.4719904825
1120 55.5259197836
1121 49.2213785685
1122 56.1774976347
1123 53.1725160147
1124 58.3920961721
1125 54.8127123649
1126 48.1511027731
1127 53.890900719
1128 65.7046735533
1129 53.7654858215
1130 48.5180592497
1131 51.1443627101
1132 67.7400584162
1133 51.8726588073
1134 53.196128267
1135 56.9316377765
1136 53.4264010741
1137 52.9847534617
1138 58.9549586105
1139 55.0472171567
1140 51.7537835414
1141 53.5122441077
1142 73.0353127883
1143 52.2019127083
1144 62.7699008628
1145 63.8935851714
1146 55.5766851742
1147 59.307953424
1148 52.7164281982
1149 59.4726534898
1150 50.307612024
1151 53.9830745444
1152 57.1857764703
1153 47.8756080614
1154 52.1831157012
1155 55.9990804133
1156 58.1740258366
1157 73.3935179187
1158 48.7437274849
1159 49.6381451585
1160 70.435335944
1161 51.9739145065
1162 51.7881267504
1163 64.4113397173
1164 53.5648968503
1165 51.2841878028
1166 48.4178614586
1167 47.0725103365
1168 57.6732364256
1169 55.3038614823
1170 63.0382584837
1171 48.9950569169
1172 46.0684899502
1173 44.375447132
1174 48.1937155753
1175 53.2732828127
1176 59.6902674956
1177 49.0071378431
1178 48.2796496038
1179 66.9446472568
1180 57.7283006588
1181 48.0667964022
1182 46.6376136892
1183 47.0002878984
1184 49.3781338106
1185 49.3373045226
1186 53.4231479181
1187 47.0329456774
1188 47.3533319801
1189 47.954046166
1190 47.2878842681
1191 50.6239811838
1192 49.8124298836
1193 48.3167276594
1194 42.8135182041
1195 71.8720789132
1196 53.8454669038
1197 48.927100403
1198 45.8596721151
1199 55.26170825
1200 58.4517187018
1201 49.6876822383
1202 44.9478841125
1203 67.513960041
1204 47.6790796011
1205 51.6378849499
1206 46.8460388604
1207 49.0881965298
1208 43.411113536
1209 58.6927741595
1210 53.2973815564
1211 48.4126121315
1212 55.1896681375
1213 79.2350688811
1214 56.4646463604
1215 56.6914385851
1216 46.7592850404
1217 67.7387531614
1218 48.4878723765
1219 67.3037519363
1220 50.1378362596
1221 48.6553448278
1222 48.870838173
1223 46.6665952947
1224 45.6614982614
1225 48.2765716362
1226 50.4078529818
1227 71.3738578279
1228 53.2022912206
1229 49.9691943466
1230 49.7755247778
1231 52.1594244
1232 75.0424941611
1233 40.7424260245
1234 51.888165417
1235 55.1372380041
1236 54.6416992834
1237 50.8921128248
1238 73.0900416695
1239 56.7162064048
1240 59.284103977
1241 47.9463218688
1242 55.2594064242
1243 47.9584472758
1244 52.32778972
1245 64.0632334675
1246 51.4144719298
1247 65.5220061671
1248 51.5618926227
1249 57.1699254075
1250 49.7514244385
1251 49.5091905606
1252 52.0086648723
1253 49.0478153506
1254 48.0839089012
1255 58.6345468704
1256 56.7023552449
1257 49.9581420706
1258 54.074958385
1259 59.8316825269
1260 33.9491671093
1261 75.6525387531
1262 50.4484389648
1263 56.1239545625
1264 62.872898149
1265 54.905032426
1266 45.0393616284
1267 59.0864491948
1268 53.9446336119
1269 71.3923100572
1270 63.9349033914
1271 53.7342355376
1272 58.7261454524
1273 48.9981200901
1274 54.0918522967
1275 52.1835504924
1276 53.7776527821
1277 57.2940783595
1278 50.5237182846
1279 57.6509459888
1280 67.9506532173
1281 52.3552717706
1282 53.6106711957
1283 49.9702224039
1284 61.6453590789
1285 64.8966022672
1286 47.8290044693
1287 50.6091812653
1288 48.4979047771
1289 57.2958829875
1290 47.8492044478
1291 71.7386471504
1292 47.6434400467
1293 70.5862133579
1294 48.3040050809
1295 54.3249281067
1296 63.5228222542
1297 40.8133825409
1298 63.24005087
1299 54.3720382077
1300 57.5341442772
1301 50.8208803694
1302 47.2329483807
1303 71.0197750042
1304 57.7345974739
1305 60.0539817122
1306 52.2353342252
1307 79.8734155445
1308 50.5582108673
1309 50.1707603739
1310 44.7625893625
1311 43.9605408305
1312 63.1815378864
1313 61.2986511046
1314 51.3598912563
1315 58.2647004733
1316 65.6773522724
1317 53.655344652
1318 48.2104791566
1319 68.1630384716
1320 49.3278713324
1321 52.2371971977
1322 52.207428931
1323 62.7042455156
1324 46.9586004846
1325 50.9762315764
1326 68.1163562019
1327 50.8209990251
1328 58.9621407296
1329 48.9352811266
1330 56.5729333694
1331 52.2718152249
1332 51.8688337079
1333 34.0272161518
1334 48.5257041754
1335 44.7058306149
1336 51.7235123288
1337 65.8813628846
1338 53.9190599699
1339 49.7094188378
1340 50.3725251901
1341 50.4527220091
1342 49.6350384171
1343 45.8956401252
1344 54.6868839244
1345 42.6063121625
1346 60.0791035691
1347 51.5450599446
1348 49.4137483607
1349 58.4542575851
1350 52.950992458
1351 65.7024191408
1352 52.3233529855
1353 49.5897641227
1354 67.0284831387
1355 48.3328889107
1356 48.2664822444
1357 46.8682186821
1358 57.0808593576
1359 50.4514526417
1360 51.3802277142
1361 56.1371420072
1362 47.8175761536
1363 53.1904284239
1364 50.5817038945
1365 66.9633680446
1366 49.87304553
1367 58.3630659078
1368 53.2942515947
1369 47.3305841025
1370 52.4947147783
1371 58.9842673029
1372 57.9426221266
1373 64.0406055731
1374 60.0346146408
1375 52.6063849696
1376 46.264274475
1377 72.9217213653
1378 49.6359972322
1379 54.0421622965
1380 51.2524322173
1381 51.5890827133
1382 60.0810255109
1383 60.3015838831
1384 51.089059405
1385 48.4512131071
1386 48.9243191897
1387 58.314813427
1388 50.1387534067
1389 50.489524438
1390 45.6124852619
1391 54.4701063998
1392 61.7372443204
1393 44.7004006233
1394 55.9541543318
1395 59.1741019193
1396 58.4715972452
1397 51.3980703609
1398 60.652747227
1399 61.3150225616
1400 42.3009373981
1401 48.7740447635
1402 50.2673937356
1403 43.3684061296
1404 52.7223689044
1405 58.0213379265
1406 55.9442701147
1407 63.0043303988
1408 50.0591863797
1409 47.6091419113
1410 58.7337129154
1411 74.1055788359
1412 52.3351450969
1413 50.3683477319
1414 57.5387424157
1415 58.8385549685
1416 62.2454180151
1417 45.379874706
1418 57.5464690586
1419 47.9726151149
1420 56.4131592264
1421 46.0332847003
1422 51.1390801169
1423 52.9814821638
1424 53.0511230031
1425 60.3005918648
1426 54.4887884512
1427 60.0834051176
1428 82.2255716394
1429 50.2999821052
1430 50.7697729096
1431 46.8677672322
1432 55.2538010826
1433 55.2942196559
1434 57.6949073915
1435 53.0130801289
1436 54.7903986097
1437 55.2112681399
1438 54.171176979
1439 58.6807403694
1440 56.7206835749
1441 55.2831139484
1442 55.6258503762
1443 53.2070346059
1444 43.5038007498
1445 66.6767705735
1446 54.7092384766
1447 54.2929801419
1448 51.9791328318
1449 51.0338239011
1450 64.0451742087
1451 51.6447286996
1452 69.370732238
1453 52.1503485455
1454 56.8095770366
1455 64.015523433
1456 52.3570048914
1457 58.6436610892
1458 55.0179590698
1459 53.7415229295
1460 50.4975261721
1461 53.8053206807
1462 81.5272100481
1463 57.2489718584
1464 58.0888127349
1465 51.7178279264
1466 47.9658909942
1467 62.310138763
1468 52.283129769
1469 53.5713626207
1470 74.2249036787
1471 48.3446399721
1472 67.2324551355
1473 54.9018273672
1474 87.6484196986
1475 54.8417627735
1476 54.4320409489
1477 48.4586962152
1478 53.3505835334
1479 58.6889876834
1480 54.5639331684
1481 55.2223740194
1482 59.1294117837
1483 53.6901445303
1484 57.1417939326
1485 53.147813389
1486 53.6314890506
1487 52.6713426394
1488 46.9202892588
1489 52.1261980321
1490 49.5718733844
1491 56.1757788043
1492 52.0107266755
1493 54.8855787171
1494 47.1592019694
1495 59.916619299
1496 47.6440188644
1497 49.8873928812
1498 52.2023004875
1499 42.9011367652
1500 51.6600579981
1501 48.2553243304
1502 49.5789801779
1503 52.2530542064
1504 49.5289728452
1505 43.3474812062
1506 71.0310066836
1507 52.6842076221
1508 54.803402512
1509 48.7014735689
1510 49.9125566268
1511 43.7245378815
1512 50.0884695603
1513 45.256665844
1514 46.9888103327
1515 51.3121865486
1516 48.0290213415
1517 48.685316981
1518 60.6276801627
1519 55.6470792316
1520 52.6340172248
1521 50.0885123472
1522 56.7993353503
1523 49.2769074811
1524 49.3610221117
1525 49.7808139039
1526 50.6566788713
1527 47.1814660845
1528 44.6754516558
1529 67.8988386059
1530 40.9690363943
1531 52.3143289697
1532 44.8772469632
1533 47.303628735
1534 50.1540724872
1535 48.0361441581
1536 58.5915362814
1537 49.0291618838
1538 48.490876085
1539 47.4931631065
1540 58.4958150689
1541 46.4177454213
1542 43.4803780889
1543 48.0541381145
1544 52.04821685
1545 52.2071654949
1546 48.8372065768
1547 52.0183801295
1548 53.1041651328
1549 42.1246029558
1550 47.7361693501
1551 49.9105534367
1552 56.8329888357
1553 64.7215291526
1554 52.1157152236
1555 58.5318615051
1556 42.9347737953
1557 61.221671703
1558 53.8995537863
1559 49.7793741932
1560 67.581263007
1561 48.2419606471
1562 56.1583107448
1563 56.9673297338
1564 56.6873210541
1565 49.3803653175
1566 63.0837987233
1567 67.0284932954
1568 56.884106151
1569 56.0133158206
1570 49.802327995
1571 50.667217719
1572 59.7129449004
1573 49.1544502566
1574 52.324211446
1575 54.6676785065
1576 52.0697135771
1577 53.1803969324
1578 64.0695129248
1579 58.3572724974
1580 52.4121683675
1581 58.7265102926
1582 47.4622869451
1583 47.7947863647
1584 52.5246924731
1585 54.8453481258
1586 53.4357270356
1587 53.833880122
1588 48.0215488843
1589 61.0307683583
1590 56.3680308043
1591 52.4835378971
1592 79.8066216274
1593 58.595072661
1594 53.3552133334
1595 54.0306395728
1596 63.1275742047
1597 56.2061520453
1598 56.8898182555
1599 65.8275209308
1600 53.250364578
1601 60.0403504365
1602 53.6331024958
1603 28.1574150959
1604 46.7948105906
1605 57.1159232275
1606 57.269333813
1607 52.9398027624
1608 53.4731803318
1609 69.1026441023
1610 61.7069725943
1611 52.5973370813
1612 48.9575068578
1613 46.4546323016
1614 50.9733568808
1615 54.0293309656
1616 52.627774753
1617 80.9080478279
1618 68.8763699947
1619 71.8320545313
1620 68.3381245797
1621 80.106573589
1622 60.1539925325
1623 65.7647137547
1624 62.8461443271
1625 87.1598983717
1626 66.1812564408
1627 53.3881671465
1628 55.9453315144
1629 63.1249768444
1630 84.4386947536
1631 64.2663299032
1632 69.8181534409
1633 68.0246257702
1634 74.7089280249
1635 70.6185721118
1636 83.3119693341
1637 68.7285713642
1638 82.1733870727
1639 75.5867668803
1640 70.1385658682
1641 76.8571496103
1642 61.4796715347
1643 70.0027087347
1644 74.0424683466
1645 68.5803071749
1646 76.8485141993
1647 88.0347217516
1648 74.5284788903
1649 62.5777255997
1650 63.9642799644
1651 62.4837315971
1652 66.0918236668
1653 90.9641203071
1654 65.2186838037
1655 63.8201669667
1656 88.1341727434
1657 74.8933588937
1658 73.1610061937
1659 63.6699330979
1660 69.273856324
1661 49.6108142825
1662 69.0233633815
1663 73.0056448423
1664 70.1032786288
1665 66.3564881251
1666 62.0543909246
1667 78.3154928427
1668 88.1749470047
1669 63.7617634719
1670 69.5934036547
1671 88.0025013519
1672 76.5933862935
1673 70.6034143899
1674 87.7088656419
1675 62.1889380321
1676 77.0411406842
1677 77.3527808948
1678 46.8713002112
1679 61.3952057777
1680 60.9705741722
1681 64.5571186513
1682 63.2733068214
1683 50.6864410273
1684 66.1146832572
1685 58.8462913675
1686 59.7297771614
1687 60.5662708967
1688 63.1386145085
1689 59.316438645
1690 59.5928013221
1691 55.4543791949
1692 59.3597272763
1693 70.3782742281
1694 64.1350441592
1695 57.0988206533
1696 69.0611446354
1697 59.4306144444
1698 57.9020967075
1699 71.1728044488
1700 61.3246677588
1701 54.0861267369
1702 59.4856103083
1703 59.3183837859
1704 59.381015939
1705 59.5753398025
1706 61.8079103407
1707 58.1971055292
1708 68.5586414592
1709 64.0974188014
1710 61.1970578199
1711 60.9310585377
1712 60.3624754166
1713 60.3916020753
1714 53.9903662161
1715 59.8682623553
1716 65.1343653692
1717 59.1220810524
1718 53.6825386248
1719 61.1174024722
1720 63.4111101188
1721 58.3307108688
1722 56.3897361922
1723 81.7254987772
1724 63.0611215447
1725 66.2023313966
1726 64.8333707329
1727 58.6723747747
1728 61.7326286815
1729 62.6685639367
1730 55.3785407602
1731 57.3556888158
1732 65.1302075881
1733 61.2445516158
1734 56.4702283833
1735 56.5841751044
1736 65.3144331587
1737 60.6102325219
1738 56.478890399
1739 59.6098976845
1740 67.3494983694
1741 54.2141763332
1742 62.4131338937
1743 57.3972624342
1744 67.6499654381
1745 52.0366518678
1746 50.5155898809
1747 45.0669110076
1748 50.5870185792
1749 57.4340919623
1750 60.1006576273
1751 47.8030172427
1752 44.3870603466
1753 50.2896725595
1754 52.9897327253
1755 51.3386576935
1756 52.2271062574
1757 50.8715542326
1758 45.8022226907
1759 50.0434416535
1760 48.0111915301
1761 42.3249655787
1762 55.3700987423
1763 49.5713450007
1764 26.1025538541
1765 42.6616913389
1766 46.3917699914
1767 54.1677499234
1768 53.349709515
1769 44.7890811194
1770 67.1148459177
1771 50.8162870059
1772 50.8953951921
1773 51.3483308787
1774 54.650144085
1775 50.170900038
1776 47.3643582143
1777 49.4938581673
1778 48.5352567529
1779 50.2647775248
1780 54.4693074419
1781 52.2183720613
1782 45.4332833532
1783 50.1080902804
1784 59.8240080255
1785 56.0223563531
1786 58.7775612778
1787 53.2444423111
1788 54.4318200395
1789 49.0849645649
1790 64.9611720281
1791 52.2822987001
1792 50.6911186468
1793 56.6606079388
1794 53.1803373655
1795 51.1814697742
1796 52.0477146322
1797 54.0561380922
1798 49.8575890513
1799 48.8539918311
1800 51.0475644847
1801 52.1455575344
1802 55.4689906497
1803 43.4704920777
1804 51.002695518
1805 52.2359971948
1806 47.4623496003
1807 60.9929101585
1808 47.4691626774
1809 67.0526178843
1810 49.887730521
1811 50.6470585983
1812 60.314177356
1813 77.8590251549
1814 54.8705425722
1815 52.8085061073
1816 55.889926356
1817 50.8045050371
1818 66.2828018986
1819 66.8208665444
1820 54.145168599
1821 50.859046743
1822 63.8881910072
1823 51.6217210928
1824 50.4941952795
1825 49.7020657136
1826 58.1426175484
1827 58.7134942137
1828 52.1449976116
1829 66.7462475558
1830 49.4434761849
1831 71.0806949555
1832 50.1450893793
1833 53.2323005552
1834 51.6230598098
1835 52.0086172326
1836 33.4326114451
1837 60.0326734959
1838 54.2555936382
1839 53.0612528258
1840 66.7020928051
1841 58.4575998163
1842 56.0874581491
1843 49.8538819528
1844 49.0356896584
1845 53.0316726455
1846 54.4704583216
1847 47.5334955338
1848 48.9307104352
1849 49.5397692571
1850 53.7774704929
1851 57.3081285008
1852 55.0589010193
1853 61.3355054774
1854 51.4338020012
1855 54.3555406719
1856 75.8640874014
1857 46.6369670273
1858 56.4379373514
1859 51.5350953455
1860 56.1921718207
1861 51.4653381323
1862 53.585928556
1863 53.744782301
1864 53.4676333189
1865 64.4707558959
1866 62.1371942196
1867 49.2786093219
1868 53.4789535699
1869 53.5119621936
1870 55.8083184341
1871 60.7575897258
1872 63.2648885883
1873 42.4434439143
1874 64.1046872394
1875 51.3880695319
1876 57.0602456406
1877 59.0347995563
1878 51.3464701172
1879 43.7051524392
1880 54.200228408
1881 52.6944525203
1882 54.5905532434
1883 70.5718310337
1884 61.3439475092
1885 53.8977421818
1886 59.9305848183
1887 45.8901922809
1888 42.8536572922
1889 56.9997629328
1890 51.3692279376
1891 48.7233925713
1892 67.5309495137
1893 49.9078361844
1894 62.2582515766
1895 49.2297292846
1896 61.2171660195
1897 50.099581598
1898 64.4700598895
1899 50.2351927034
1900 54.047306927
1901 55.4928385916
1902 56.7497490344
1903 51.5971373723
1904 42.8263639889
1905 65.7713690241
1906 55.6310046156
1907 59.8402497707
1908 62.8000432058
1909 50.4254518298
1910 57.6425092007
1911 52.3665851307
1912 51.9119467023
1913 53.3250157092
1914 75.4233799917
1915 58.3181985825
1916 45.3756870546
1917 55.8289138413
1918 53.539212525
1919 50.2649914892
1920 48.9340687042
1921 48.6139970556
1922 42.1927179407
1923 48.4427489399
1924 47.4868317332
1925 39.2041739256
1926 54.6849151316
1927 46.5797707676
1928 44.609411955
1929 54.6731461995
1930 46.1383568948
1931 43.6394447374
1932 56.4029221037
1933 56.9490512644
1934 46.6599318635
1935 49.5693687036
1936 62.9487873771
1937 46.0982057202
1938 58.6373545618
1939 53.491292019
1940 55.593258456
1941 50.319406912
1942 51.4711742813
1943 50.2109147333
1944 56.4314570495
1945 54.6683404468
1946 59.1076127548
1947 50.7949376383
1948 49.0971951083
1949 46.374480901
1950 50.0582386492
1951 64.9030329144
1952 48.7226593537
1953 47.0713748464
1954 54.091027245
1955 43.861438474
1956 46.4219609113
1957 46.7996598646
1958 57.7287477514
1959 57.163440884
1960 58.9623721396
1961 67.6112211236
1962 47.3451738403
1963 55.0126706254
1964 50.8619971352
1965 57.1037054714
1966 60.0832396765
1967 53.8062438821
1968 53.6407157436
1969 46.5475785288
1970 55.7552039228
1971 50.9648451979
1972 50.6194827399
1973 50.9198178714
1974 44.7525308749
1975 55.6016457756
1976 54.6848275915
1977 54.0872231663
1978 53.678312723
1979 59.6203962791
1980 53.7010161689
1981 52.1350807029
1982 50.0460737051
1983 52.7848476771
1984 55.7751713588
1985 43.9942721173
1986 65.8453448497
1987 70.282460754
1988 49.5359328331
1989 45.0804940653
1990 49.4602840297
1991 51.0775130563
1992 78.7674698354
1993 46.8919591704
1994 46.9965850107
1995 51.6175568265
1996 57.6330032388
1997 48.2834869019
1998 46.6475085354
1999 46.0705666408
2000 54.2193914882
2001 50.8199705866
2002 63.7337316378
2003 59.97251408
2004 53.4984837427
2005 55.8747798012
2006 42.3010229738
2007 55.7374984176
2008 57.631917318
2009 65.8714107978
2010 55.2657155824
2011 50.7848474741
2012 50.7104946238
2013 66.6784601471
2014 57.8799298498
2015 63.3647951503
2016 59.331001169
2017 66.0373078621
2018 59.7327279404
2019 55.7433695821
2020 57.2683321553
2021 49.9062962279
2022 70.9564816196
2023 51.5237638867
2024 57.7634774664
2025 67.6044086382
2026 58.6840862517
2027 55.2502577407
2028 62.0323523377
2029 50.5072326593
2030 63.9514359646
2031 46.1000363014
2032 63.4058922224
2033 51.6698119007
2034 46.8791909037
2035 59.4427505602
2036 60.150803932
2037 59.6381965909
2038 63.5568010437
2039 61.8409236841
2040 66.2206840494
2041 59.4737122489
2042 50.4832123865
2043 56.6400918104
2044 59.7316371057
2045 54.9180229388
2046 71.5521418951
2047 50.3160626399
2048 48.0176682966
2049 60.8528810295
2050 53.714887328
2051 56.465666685
2052 54.5054157001
2053 58.4824973611
2054 49.4375372667
2055 52.1776464119
2056 55.1519221117
2057 58.7691706705
2058 60.5534775047
2059 47.0033501384
2060 57.1630653552
2061 50.7337075176
2062 82.4370671443
2063 50.0634739126
2064 73.7421557056
2065 45.5562751442
2066 50.4171263109
2067 55.4229393369
2068 72.4477050713
2069 53.0636704694
2070 51.3986556538
2071 65.9610776071
2072 59.0028577602
2073 63.1858246167
2074 60.4227880862
2075 58.1242006219
2076 54.6683953797
2077 52.8246601953
2078 58.3053184242
2079 46.9069177807
2080 72.2355985185
2081 61.218276383
2082 55.2731747196
2083 55.0221721896
2084 58.9183605215
2085 51.1996751454
2086 51.1685476726
2087 55.303790911
2088 59.5295768467
2089 48.0168592004
2090 60.9899413435
2091 51.7590067078
2092 52.0582549044
2093 74.0416047523
2094 49.6877231924
2095 51.1459355434
2096 56.0597951885
2097 52.0013231492
2098 61.6398570178
2099 75.5345678364
2100 69.2388533045
2101 62.3054726594
2102 55.9695547872
2103 56.1495013569
2104 68.6312677296
2105 58.4606919071
2106 56.3781417936
2107 63.8209535944
2108 53.9109098032
2109 57.3086529956
2110 56.2261097738
2111 65.281418463
2112 61.9482361976
2113 53.414524783
2114 65.5362521776
2115 56.6975196328
2116 62.7447818612
2117 53.5774832515
2118 65.8619409084
2119 55.3481086489
2120 59.3473715461
2121 50.0507387038
2122 49.2364485087
2123 51.3799592613
2124 53.2937461479
2125 54.6467877346
2126 38.7762911586
2127 62.794735039
2128 47.7018989067
2129 60.2881162284
2130 47.3037082329
2131 62.0289356125
2132 60.9826004703
2133 48.5839449914
2134 58.2955958347
2135 61.0609339848
2136 62.2837975226
2137 21.2890810799
2138 49.9794791009
2139 57.4251883398
2140 50.1447513286
2141 51.9434642851
2142 55.9819942688
2143 61.0084538856
2144 52.3944663306
2145 54.4420685887
2146 50.9440972134
2147 68.3170856543
2148 59.10900294
2149 53.9969566468
2150 42.4920702365
2151 54.4633206644
2152 59.4107698553
2153 50.4217897901
2154 55.6976767435
2155 62.1107941506
2156 53.6521207257
2157 52.000851462
2158 59.6183343026
2159 53.2876782034
2160 54.3575524376
2161 59.5435028825
2162 57.4384024488
2163 69.1231852073
2164 62.7079727583
2165 61.2142419889
2166 49.2356278595
2167 57.4018077604
2168 47.7021959789
2169 57.3586385551
2170 58.479910984
2171 53.8312582947
2172 54.6561225611
2173 56.7810961016
2174 54.8262777246
2175 79.8200735393
2176 77.7155857087
2177 41.9824804248
2178 50.0041906554
2179 52.3199770238
2180 63.4152268964
2181 66.4978323946
2182 56.1365625657
2183 55.6217939961
2184 68.8695506199
2185 54.2323315642
2186 50.4949217871
2187 52.7270451731
2188 50.6680716461
2189 60.9211742602
2190 71.0208186513
2191 50.5531264002
2192 54.083632756
2193 59.2714964518
2194 49.5719714462
2195 70.3755200065
2196 54.1778069994
2197 63.8321230424
2198 58.0753875994
2199 57.4098676891
2200 54.3279753537
2201 59.6445678973
2202 59.9856282966
2203 60.2234887039
2204 57.0635774925
2205 60.8137286356
2206 54.289534693
2207 61.5804940347
2208 78.3800589427
2209 67.2958712327
2210 78.0907782552
2211 53.3187806224
2212 53.8045275797
2213 64.7285718178
2214 51.799859177
2215 62.4329835691
2216 54.8444565972
2217 55.9528447678
2218 55.461144687
2219 60.5907128156
2220 53.4801757268
2221 56.0786563071
2222 13.1762936553
2223 72.3097461025
2224 57.0673661667
2225 58.3319523063
2226 56.150245693
2227 53.0033846969
2228 65.9066979968
2229 59.5988529896
2230 56.731070598
2231 66.117635607
2232 65.1209633011
2233 60.2413380507
2234 56.9249522399
2235 64.2008230399
2236 51.8569687653
2237 54.0662967936
2238 56.7314621496
2239 53.9734093358
2240 55.785226803
2241 51.7735815519
2242 68.6099575057
2243 55.9846535535
2244 59.0680933426
2245 55.8112648215
2246 57.9269933697
2247 72.0555216831
2248 55.1298297652
2249 54.5926055553
2250 68.0064237888
2251 58.2961872734
2252 56.018600618
2253 56.3466970437
2254 54.4458637791
2255 53.1032070813
2256 60.8857845433
2257 54.871693513
2258 46.350868019
2259 56.4929632585
2260 64.0553700712
2261 57.4854052261
2262 63.699952751
2263 49.5852987569
2264 60.7075734255
2265 63.7422048474
2266 46.6491517793
2267 48.7853257896
2268 45.8701133336
2269 57.9090810808
2270 48.6102122419
2271 51.8532526656
2272 68.428929887
2273 48.2458039768
2274 51.3587188813
2275 48.5883875907
2276 46.4078730599
2277 63.4300708351
2278 47.3382248735
2279 68.7028810858
2280 50.5758351658
2281 78.7662994432
2282 52.1660221836
2283 47.7024117242
2284 60.8056010864
2285 49.6811868477
2286 50.4119044107
2287 44.9911678036
2288 57.4352694809
2289 50.7536819876
2290 46.4935695741
2291 45.6662435557
2292 51.0474842735
2293 45.9044011646
2294 46.6731997771
2295 48.9941853658
2296 50.3923277646
2297 48.1064634785
2298 52.8716935649
2299 57.2184134868
2300 50.8005345459
2301 50.2602229412
2302 57.1714414515
2303 72.2645882846
2304 51.8034207791
2305 58.8118984042
2306 51.4920877912
2307 46.7429027668
2308 51.3311578771
2309 54.6740411134
2310 56.0219227486
2311 48.9573127517
2312 60.9462523567
2313 50.2554872983
2314 50.6364282327
2315 45.5849311924
2316 50.9903920549
2317 53.504750207
2318 53.7539034593
2319 48.0578908286
2320 52.5074978326
2321 66.4420132953
2322 48.3441355508
2323 50.1408889416
2324 55.4952921646
2325 54.1219697868
2326 56.9911960561
2327 65.7395306573
2328 51.0502552057
2329 47.6032069035
2330 54.5611140596
2331 60.3932577924
2332 49.0699276009
2333 51.0578062861
2334 59.8322975451
2335 45.404701626
2336 62.8203568671
2337 47.5336264303
2338 59.9046924574
2339 54.0096743636
2340 55.9489466949
2341 54.1564394187
2342 55.3638139649
2343 46.6914890063
2344 59.618683134
2345 49.8184717426
2346 53.2384787296
2347 53.4869803686
2348 50.0730255463
2349 52.3653000553
2350 56.7055812259
2351 51.5195357082
2352 53.5624408622
2353 54.3737974152
2354 48.2904057811
2355 51.5510986921
2356 65.1807903532
2357 75.8982906274
2358 59.2528655636
2359 63.61274332
2360 52.8684061531
2361 60.4508587137
2362 50.1105475538
2363 55.7976590286
2364 56.3266172223
2365 50.2737525345
2366 49.1233192538
2367 62.5934892402
2368 48.1904422625
2369 50.2193402269
2370 50.2494646936
2371 51.8275738825
2372 45.685074666
2373 54.1795278275
2374 57.1477710258
2375 61.838842509
2376 54.1948951028
2377 47.4531728048
2378 48.740878888
2379 50.9300072886
2380 53.4896367258
2381 52.6851331488
2382 58.261821887
2383 73.0475909848
2384 56.1507900339
2385 55.5287541696
2386 59.8355861879
2387 54.0380594003
