u s
60 37.7714457136
120 31.0686716772
180 25.3300444976
240 50.993049072
300 45.1165252689
360 25.5586419578
420 42.915297174
480 31.5926529986
540 37.7282805095
600 25.6053802967
660 48.2964447785
720 40.7803040252
780 39.3103697288
840 33.6200481197
900 36.5824529634
960 35.7610454031
1020 25.7952768929
1080 49.2578688994
1140 35.7510650271
1200 25.0069987636
1260 35.1808944558
1320 28.2385343546
1380 46.2629816333
1440 37.0630947091
1500 42.259739688
1560 51.1406143639
1620 33.1630310833
1680 28.5869074253
1740 35.7317124036
1800 45.757241768
1860 36.9563022908
1920 26.9864291871
