u s
1 57.9492611406
2 63.9580578092
3 57.6747862239
4 62.0309629496
5 58.2321085535
6 51.9816940911
7 59.2467105653
8 57.0215545887
9 68.7579768599
10 60.5521353869
11 54.9929080026
12 66.4120766546
13 72.4259419285
14 62.9623098518
15 69.7255012621
16 58.9664506475
17 59.0626044858
18 54.916803536
19 155.153040361
20 61.6596060407
21 59.8902741021
22 53.1307424656
23 76.7171947788
24 60.7245955172
25 63.9314037293
26 81.1181653924
27 69.9226660828
28 51.4566321724
29 56.2281908035
30 67.69489648
31 67.0140429693
32 73.9677382233
33 59.3319334316
34 71.314006586
35 59.7901016997
36 65.2757956698
37 74.563671529
38 58.588169091
39 52.8034731023
40 52.2093730887
41 61.1323131384
42 62.4542806924
43 59.8007409416
44 62.4917188283
45 72.2988831601
46 64.5660031856
47 59.1935109457
48 54.8209977817
49 54.2791398672
50 57.9347022217
51 57.1967316331
52 61.0267424857
53 64.7506669564
54 60.5879865497
55 151.817333881
56 67.4169092676
57 76.3163966909
58 60.2666394721
59 61.2884382597
60 61.0996276613
61 60.2309237737
62 75.8437572111
63 62.1650561374
64 69.5618320136
65 77.7595137445
66 51.3836537182
67 55.6075649277
68 54.5709458738
69 87.3926838906
70 51.7398499494
71 46.1140139064
72 55.2949019881
73 47.6619127773
74 59.2407843366
75 58.5639232519
76 54.6423351233
77 54.9349363531
78 50.0312200766
79 52.9009561122
80 55.1085303677
81 47.2959905809
82 54.1386824288
83 50.4144012827
84 53.337936563
85 47.3462303748
86 54.7420162353
87 50.8281326118
88 50.1224884484
89 56.4345601215
90 50.8085514087
91 53.1659811815
92 54.1631329933
93 54.6331130216
94 50.1930406474
95 48.5701858558
96 50.0177210084
97 47.3491318653
98 116.142566412
99 50.055272108
100 53.1082043035
101 54.9150124579
102 49.6413326944
103 53.9752942465
104 53.6337373307
105 53.4329149178
106 60.4739679725
107 47.9739425971
108 62.4357109781
109 63.5438680246
110 55.2925421578
111 53.2209605013
112 51.8875108508
113 58.7181002875
114 61.9334402571
115 51.3909843985
116 50.8211131984
117 55.9588869876
118 53.6649613843
119 52.7193860592
120 62.6742042042
121 58.6557164075
122 52.2606887467
123 56.5430823556
124 53.1283571562
125 48.5483892571
126 53.3298683455
127 55.4677323121
128 51.4539774468
129 52.7949226627
130 50.6590431508
131 46.3141250272
132 50.761826264
133 54.2255795895
134 46.8018845541
135 58.6825543304
136 47.3757414786
137 48.6879894769
138 44.5131556026
139 50.9418994331
140 52.2769633532
141 56.6082383501
142 49.4995676017
143 48.734781296
144 53.6255150055
145 49.8672863282
146 57.0117549795
147 48.5627893044
148 48.7452256948
149 52.5921945624
150 53.5058789379
151 53.2423978076
152 47.0990397461
153 47.5315332512
154 56.143496674
155 56.0687319224
156 49.4022938792
157 51.6412899144
158 45.4715602315
159 58.9252597874
160 48.9990620488
161 46.5982531763
162 48.1538743969
163 48.892281531
164 48.6129505263
165 44.6913282193
166 51.5058740136
167 50.9414020213
168 44.783218205
169 65.8340082483
170 59.9034008557
171 48.4858282648
172 48.4335343617
173 44.1429296771
174 53.9059277354
175 54.0460122436
176 53.058810125
177 46.8707361227
178 48.1413148497
179 47.8143371166
180 52.370940361
181 45.6928522783
182 47.6682106905
183 58.0293552867
184 43.0758633421
185 49.3043017621
186 51.4544943494
187 62.0357645736
188 48.5896593205
189 47.0266424454
190 42.5579068617
191 49.3043052915
192 46.9599067056
193 52.1831570534
194 48.0165531349
195 48.5515136902
196 60.0468746303
197 52.3253073255
198 52.9722483328
199 63.7320840604
200 48.8322272088
201 42.8713325299
202 53.5349087553
203 59.7366805451
204 54.2373633869
205 51.9214482067
206 48.5925663654
207 50.6434083413
208 49.4289188791
209 58.7602017322
210 56.7677327321
211 47.1541051594
212 47.6373385963
213 48.8179178552
214 45.0636495359
215 51.4875907472
216 46.7545516511
217 65.7599093495
218 56.6137441169
219 50.3490414466
220 45.417718075
221 51.6793599083
222 47.5280375765
223 55.1148385516
224 51.2447116801
225 61.3988533834
226 52.2084972449
227 46.0113487835
228 50.4287401291
229 43.5174249264
230 55.3354086323
231 64.8578127069
232 51.1400424097
233 171.600812127
234 50.7046922807
235 49.9639082171
236 188.376818645
237 64.7761058633
238 50.6536300499
239 61.6961051301
240 51.7384144576
241 82.730915112
242 53.7531804497
243 49.5475562141
244 49.8184348297
245 50.3166676084
246 48.552249871
247 55.3855109679
248 45.8239210704
249 50.3905722257
250 80.0450500727
251 48.0530665828
252 48.8451302752
253 45.6065958881
254 55.3469729462
255 65.4486069527
256 51.0130376907
257 52.6065574601
258 58.3613303805
259 44.7630315887
260 59.358830203
261 45.5849311924
262 58.5695569252
263 68.7028810858
264 54.8559330633
265 49.7555167816
266 49.8737318847
267 50.2213745753
268 43.8467496899
269 48.2458039768
270 60.3738887914
271 66.4399666311
272 51.3405054496
273 45.9044011646
274 57.4422115899
275 48.1064634785
276 48.0750200092
277 63.7422048474
278 64.1953080261
279 50.7536819876
280 46.7335084208
281 52.6499867543
282 48.6315037782
283 48.5883875907
284 51.04479304
285 45.6662435557
286 49.7548373388
287 57.7906724297
288 49.5298633547
289 59.0382620014
290 56.7401225163
291 51.8532526656
292 47.0293230741
293 48.9941853658
294 47.2119989496
295 44.9911678036
296 49.3185623463
297 48.7853257896
298 51.3578049509
299 49.3783378187
300 56.3796731049
301 46.8052681953
302 50.8924962165
303 48.0578908286
304 52.4390490266
305 57.9014483944
306 51.5389078248
307 53.6266100342
308 50.5588659204
309 47.6999610959
310 46.6315916866
311 54.5878807991
312 45.2946645662
313 55.6224988019
314 52.8968161725
315 57.9236934307
316 56.0496094237
317 46.7429027668
318 49.8676550145
319 49.6811868477
320 53.060167308
321 48.9573127517
322 54.3462445686
323 50.2602229412
324 60.4448103247
325 47.4837881028
326 54.2069026088
327 46.2043747248
328 50.1963420597
329 50.8688337374
330 47.8240044873
331 47.8770849625
332 53.7102081961
333 59.0742108161
334 44.664267775
335 52.6781786396
336 56.3496211794
337 43.305417372
338 50.3705977465
339 47.9018908749
340 50.2188672563
341 54.7118194524
342 48.1510680502
343 47.6883182161
344 42.0528599159
345 46.6053071861
346 48.2805487673
347 48.3281703559
348 45.0087832501
349 53.333880776
350 53.3720620452
351 44.9265113228
352 43.0329557546
353 44.98177471
354 46.7025856564
355 53.3109154803
356 49.4998816789
357 47.254016408
358 42.840650022
359 45.4368781784
360 44.7273880269
361 47.9062644566
362 48.6654361309
363 49.0726267069
364 51.0756465971
365 46.1728698504
366 47.6370260269
367 55.3696520045
368 51.3397468793
369 45.7947085261
370 61.3252188019
371 46.9197574446
372 46.2292096586
373 44.9265179719
374 46.4177959783
375 43.0993066429
376 47.4027890166
377 48.3503759414
378 51.6188306642
379 45.8497071534
380 44.9623155569
381 44.4175920868
382 45.4217949625
383 52.8831911545
384 45.3744896062
385 44.3007262124
386 45.8195848829
387 53.9608936793
388 61.5674825879
389 44.7271751595
390 50.0651323922
391 46.4538136674
392 41.8647812762
393 44.6134163891
394 47.5809409669
395 42.7112806529
396 47.7301447538
397 55.8127765917
398 52.2830695353
399 56.2075245872
400 46.5316894082
401 46.9026257288
402 49.828992237
403 50.3749702212
404 51.3317479568
405 52.2406370392
406 52.9090271016
407 47.2676627555
408 50.6682243387
409 48.2763603425
410 57.1162022819
411 46.2914427095
412 50.7767547782
413 60.8721802079
414 49.0128677531
415 47.1400280767
416 46.9642495545
417 46.6852206503
418 49.9633422979
419 45.2907206016
420 48.1184481089
421 65.295262995
422 42.1194398428
423 56.5728190438
424 51.8397148264
425 49.2997330493
426 49.9362901804
427 53.0096657984
428 45.8709152186
429 49.9030996416
430 42.5597984473
431 42.9551956363
432 44.521686391
433 48.9119155441
434 49.6986875981
435 55.5431496211
436 46.9099845695
437 49.1221721832
438 56.825078598
439 46.4492087404
440 48.8592399225
441 53.0839772491
442 46.90692473
443 53.472003032
444 44.7157073926
445 43.8498004352
446 47.2925678458
447 51.2266278241
448 51.73744464
449 44.0550018945
450 50.6265952264
451 48.1919199537
452 42.9995758197
453 64.2909403633
454 37.4287600689
455 51.2998192307
456 52.1616766333
457 65.0171568837
458 51.7290271174
459 55.3604406245
460 57.9007130217
461 50.71096267
462 52.2877796625
463 61.3877650068
464 56.3342968377
465 49.6177778558
466 59.4790176427
467 49.9650902667
468 62.2190926376
469 59.224608626
470 57.5080534429
471 65.0954575962
472 64.0929739509
473 50.6348473703
474 51.5743847851
475 57.3470862142
476 53.0565630308
477 57.3987604301
478 49.6573215217
479 57.0373211142
480 46.5503397898
481 50.5315005052
482 52.8625639284
483 51.5562223649
484 49.8627129165
485 51.5673439402
486 53.2931686631
487 57.8681178062
488 59.1419911665
489 48.7461421162
490 57.6704808885
491 56.4455198784
492 52.0830296827
493 55.9473735186
494 49.3546593444
495 66.5939183723
496 56.5135063875
497 57.2864434627
498 58.7557793746
499 45.7558949037
500 54.6870673943
501 55.1479398752
502 51.6655434797
503 48.5163365334
504 53.1843202634
505 60.4161044082
506 54.8956435856
507 49.9602842336
508 48.9911727874
509 50.4836253197
510 49.7167972488
511 52.9895037256
512 49.7434588393
513 53.7567049335
514 62.654718111
515 55.7519736179
516 53.1437776745
517 51.1822660241
518 52.204694044
519 50.6805342328
520 51.4618790187
521 51.2812389941
522 49.1557479688
523 52.5859110816
524 48.7680322786
525 46.4968876117
526 53.0917550573
527 58.7368687778
528 46.0259156165
529 48.3623657497
530 45.5289442568
531 47.6048226045
532 50.6167989943
533 56.5818061453
534 53.1136118428
535 49.2685840107
536 62.3149594285
537 48.8979063734
538 47.3091575386
539 45.1212769209
540 46.5955572291
541 56.3150925891
542 49.5216155235
543 47.1020188555
544 61.9364117387
545 53.6803849257
546 50.9833660299
547 45.6542062367
548 45.3695826171
549 52.0816446606
550 46.9028631848
551 49.9553950606
552 48.1504437388
553 48.3291226927
554 54.3176944628
555 48.3609429803
556 46.9747620975
557 76.4041293928
558 53.6592386359
559 48.9600872498
560 50.1225943109
561 52.788617911
562 102.5933644
563 50.6440224456
564 50.9083056067
565 45.9516740796
566 48.977418892
567 51.1701315964
568 48.6967146625
569 59.2910099922
570 57.8390029005
571 49.6584662816
572 47.2919461176
573 44.8755199312
574 51.9305004697
575 56.5932386553
576 60.7233965868
577 56.4148271019
578 45.7932221589
579 47.9926460764
580 52.7654383025
581 47.8778086268
582 52.4220826874
583 51.3366781037
584 49.6104080697
585 58.1137797164
586 58.2770374879
587 67.3081509201
588 59.2660182565
589 67.7374614431
590 56.9776909669
591 52.6129715346
592 56.6748441176
593 52.1984750485
594 63.8004509352
595 55.2140960851
596 50.1560516045
597 58.3090765869
598 48.4973439712
599 58.7132913933
600 57.1600179986
601 56.4468914234
602 50.5016318637
603 48.4043905842
604 55.9627901302
605 53.1953006311
606 43.9664472592
607 59.8853187113
608 59.8388900067
609 60.3833126112
610 57.8350143823
611 50.4558749847
612 56.6777546588
613 46.3695135147
614 49.3440324328
615 54.3158507503
616 55.6345989591
617 64.825985705
618 56.5400689069
619 57.4292359072
620 56.9453510397
621 55.8975183519
622 59.5223317951
623 55.7513211165
624 56.4784109514
625 54.4511614342
626 56.2419506187
627 47.724917262
628 50.4837652844
629 57.2321044591
630 54.8674277398
631 61.3997995913
632 57.661983887
633 65.2897076156
634 53.1256581363
635 52.5566501071
636 57.8518820469
637 61.9528391608
638 57.4787128041
639 55.844944244
640 53.4284726015
641 54.0983328823
642 55.4726323929
643 55.0841125578
644 55.1187034517
645 58.9316636557
646 56.4776547615
647 58.9061628205
648 64.2480477426
649 56.3435581996
650 48.3230867889
651 45.8711170713
652 46.6615779455
653 56.2360273913
654 56.820508913
655 46.5858434169
656 65.0141763429
657 57.5234873603
658 54.1373034111
659 52.5599361832
660 48.5094061759
661 53.3971564803
662 52.324026965
663 49.9706604647
664 51.2003361968
665 45.2769857754
666 56.3422232805
667 63.6883372754
668 53.8681011766
669 58.4210447124
670 52.5033523116
671 55.1784871742
672 51.8168077598
673 54.8769982929
674 42.6435854162
675 51.6125086755
676 51.9678703187
677 55.8239946729
678 51.5785773983
679 51.5469591159
680 51.455800075
681 56.4469389139
682 54.9579626544
683 51.2121433986
684 39.3312308226
685 45.4094894301
686 53.2684326746
687 52.9886610911
688 59.7608698709
689 51.5649663935
690 46.9601072815
691 47.8092558276
692 52.6121583235
693 51.0050608138
694 52.6533706775
695 49.0042056464
696 51.9604160663
697 51.6320432618
698 57.8421978289
699 53.6572025723
700 66.3043835539
701 47.9298024524
702 57.8754866664
703 47.066353727
704 51.8009257473
705 53.1611881193
706 56.0906127011
707 53.7427854665
708 59.9223216905
709 59.3263294188
710 51.8477148959
711 54.122440186
712 52.1477488878
713 50.2040251785
714 42.4586398901
715 59.4359874055
716 54.765718563
717 54.6649459005
718 58.1049387192
719 74.3464110454
720 59.3289650399
721 65.8140796223
722 56.3460234869
723 54.5376771512
724 53.3741931083
725 71.5968848892
726 62.1677087146
727 55.7991642265
728 65.0208199784
729 63.5628184292
730 53.5721667305
731 57.9320758158
732 53.2925110404
733 62.5844828905
734 56.1807821295
735 68.140606024
736 64.0742231845
737 53.6244241629
738 70.3098158864
739 65.5724294966
740 59.7985301281
741 54.8460122954
742 75.1555519684
743 55.9034061997
744 62.3415888623
745 56.4284829852
746 53.3957735942
747 63.5254410778
748 57.5678977333
749 58.6579222613
750 55.8541108588
751 63.3737124404
752 57.8775074273
753 52.7681835887
754 59.3264957651
755 88.0982396609
756 67.7019717254
757 63.2819462105
758 71.1785059916
759 56.2794981669
760 56.3378787063
761 54.9560481493
762 68.8668197532
763 62.8430009732
764 53.590143848
765 60.7410259981
766 56.7371231878
767 65.7034919364
768 74.1425970156
769 59.1561285071
770 59.8366994944
771 66.7076135123
772 52.3158949392
773 65.1312496786
774 56.3712664893
775 68.8576536977
776 52.6580279783
777 51.6031926043
778 60.945599191
779 67.7540792429
780 49.2535908729
781 62.6042451448
782 50.1584772649
783 54.1328516622
784 63.6345706236
785 48.1346845828
786 42.6844520557
787 45.4018317506
788 55.5123798406
789 62.4135387745
790 56.4161443621
791 62.3769922251
792 57.8461866594
793 49.506852563
794 46.1589809032
795 59.7159834626
796 59.028713322
797 54.4918986581
798 62.8524914709
799 45.0688859532
800 49.4614338306
801 55.6855699606
802 57.1186648594
803 48.3632457023
804 50.0653457856
805 53.3461432637
806 53.8552100106
807 53.6834765654
808 53.6298988479
809 54.6353296653
810 53.5708199197
811 57.4534714414
812 73.9840228644
813 59.22420533
814 57.7980747672
815 56.0137184848
816 56.7463882098
817 58.1331172918
818 52.0096949112
819 53.5262709172
820 61.3262943432
821 54.5289190828
822 53.1124360022
823 63.5992279672
824 53.5449168155
825 58.4485446896
826 59.6439394284
827 57.1902122927
828 56.7607796648
829 54.9731290673
830 61.6457645043
831 55.1194272048
832 60.4881415084
833 51.7563805929
834 53.8730035
835 49.185475825
836 53.636554699
837 56.8787720479
838 55.8211997972
839 55.2460001904
840 59.4150835609
841 61.7120553302
842 54.4858089568
843 50.0197413405
844 52.8610006635
845 62.3539715239
846 56.2109569619
847 66.8365329442
848 61.2545042732
849 66.5857771996
850 58.8888883385
851 68.7936265502
852 53.7581768361
853 68.5740272555
854 53.9826357931
855 66.8224473148
856 61.0904893814
857 62.3385291022
858 57.1999200459
859 58.4229369445
860 61.9197879103
861 57.9410142798
862 62.6021521769
863 63.5134809294
864 61.6679357979
865 58.9751921769
866 50.5221542721
867 48.861379481
868 72.5101844983
869 61.2945437927
870 52.9371239578
871 54.0541865332
872 50.9172905724
873 70.696453087
874 53.2898974043
875 57.6991952262
876 65.6718366749
877 67.1953776689
878 60.5221068655
879 48.0906132926
880 50.3070441122
881 68.859326152
882 64.7231591318
883 71.8960299134
884 56.3099657123
885 58.8439726511
886 50.8683248081
887 59.6026521912
888 61.4925686697
889 52.8259973406
890 56.4380420572
891 51.9408674005
892 58.1871611702
893 56.1273424314
894 68.3642256459
895 59.8924212504
896 68.8386033734
897 54.7228073544
898 48.6930249223
899 58.3822616324
900 59.3053781845
901 58.7422764122
902 71.3534193308
903 58.837719676
904 51.8145916447
905 66.7478243354
906 64.3684369855
907 62.8062395231
908 62.8664998628
909 70.6179642829
910 50.3655179728
911 58.2140199857
912 61.8720828423
913 59.8691124704
914 57.310546646
915 48.5644100585
916 63.6824802191
917 58.5671055671
918 66.1435090602
919 80.2395649842
920 53.6392493441
921 59.0618172758
922 57.7573472742
923 51.8538557935
924 55.9052152234
925 57.2584083867
926 50.2591089984
927 61.4105555704
928 55.6486932395
929 51.2935735487
930 65.6170360905
931 52.0670178514
932 60.6086119364
933 58.8825884353
934 56.6889357333
935 49.2273586136
936 57.1180899016
937 51.5762951065
938 60.1452237397
939 56.1734446456
940 57.6421543565
941 56.847175897
942 56.4075427706
943 56.6565117555
944 56.3021720376
945 66.9758589337
946 50.5550530312
947 54.161805351
948 59.8788830781
949 49.1198578218
950 70.5645407499
951 53.9984928784
952 59.943322204
953 47.1332750033
954 51.9882731272
955 59.1081552567
956 56.3318336894
957 61.8204565187
958 48.1013319085
959 56.3866260207
960 52.9831921726
961 56.3668160308
962 48.9262014889
963 66.7048901122
964 56.6465269312
965 49.6285282246
966 47.4511854397
967 56.9076020653
968 60.1676675262
969 62.4809619577
970 60.9019323873
971 58.7755876063
972 62.6207827575
973 59.9643928288
974 49.3187954345
975 53.1673660471
976 53.9900887424
977 53.1074421641
978 55.0107818667
979 53.4389626771
980 49.8331078374
981 48.5848666091
982 52.720219228
983 45.858198269
984 44.6998799298
985 54.9394351494
986 43.119078988
987 55.0341299117
988 54.8047776999
989 60.630115091
990 57.3572455862
991 66.8817896161
992 54.4608926441
993 57.9588050296
994 52.7356900525
995 53.8344578874
996 48.2685926334
997 53.7846208099
998 41.099302778
999 51.950590601
1000 61.1184715553
1001 60.0423013901
1002 59.4979932827
1003 51.5744046811
1004 53.1454395015
1005 56.7732387684
1006 53.4121733575
1007 54.9320795172
1008 50.9728345429
1009 53.7844010908
1010 48.5420304168
1011 45.6148746412
1012 52.626892002
1013 60.4312727321
1014 51.604939421
1015 63.0065468564
1016 54.8239784811
1017 57.2336980257
1018 51.9062448952
1019 51.5743674093
1020 60.0634995639
1021 27.0954262876
1022 56.1243409799
1023 54.5039491601
1024 52.5072394718
1025 53.7686971251
1026 58.6898375994
1027 67.5811597209
1028 54.216406861
1029 52.1122718414
1030 50.6969685134
1031 60.7952032356
1032 53.573794626
1033 51.6971321242
1034 54.5226046946
1035 61.0048041754
1036 49.5526442409
1037 49.505757269
1038 47.4110113337
1039 50.0952322922
1040 51.1854345637
1041 60.3120314843
1042 66.0471187907
1043 47.6904881064
1044 47.8099025736
1045 55.814327593
1046 50.5209778624
1047 53.2915843438
1048 44.349848454
1049 50.7235352758
1050 43.521863865
1051 56.1695911624
1052 49.0595051979
1053 50.3590249982
1054 58.7164441169
1055 54.2570273593
1056 54.944218895
1057 48.4548105001
1058 50.7510427448
1059 51.1017720117
1060 54.0945494446
1061 56.6623118091
1062 56.1556686176
1063 63.5126964286
1064 47.7885585906
1065 47.4322320517
1066 48.4738528944
1067 47.7436914273
1068 47.5238360438
1069 64.3655318076
1070 56.2837357553
1071 50.3368703187
1072 51.4287556679
1073 56.251687948
1074 51.9348242197
1075 34.9846851036
1076 49.1724656657
1077 49.9705302338
1078 50.3322288865
1079 49.2303939637
1080 49.9722496664
1081 56.6013957584
1082 54.7037332609
1083 52.8316118676
1084 47.9583587247
1085 54.7798945853
1086 49.4288988345
1087 57.1520465312
1088 49.2508813582
1089 48.1750933706
1090 46.4078765353
1091 56.1796314639
1092 49.7040362345
1093 54.4712546288
1094 48.0241463075
1095 56.8425663095
1096 55.1764293604
1097 47.245918121
1098 51.4040293044
1099 56.1745953797
1100 42.5961900662
1101 46.7286664033
1102 46.9440933662
1103 48.7214196877
1104 57.0878976064
1105 48.253057467
1106 53.7292545414
1107 47.6934107917
1108 46.8225471445
1109 47.8256487245
1110 47.9581347361
1111 48.8675267391
1112 46.0455246309
1113 50.8070284352
1114 49.5720717641
1115 42.2930297685
1116 60.9063655693
1117 83.3673780353
1118 46.0612276118
1119 47.7087223443
1120 52.6064247887
1121 54.9016258421
1122 51.3332825346
1123 51.8941219645
1124 49.2524877128
1125 44.2611775951
1126 47.8682443757
1127 52.0299321014
1128 46.237042701
1129 50.8717531827
1130 52.7936223763
1131 48.6806303522
1132 42.0545212527
1133 59.8540178698
1134 66.1215355662
1135 44.9896578885
1136 47.824068237
1137 51.9363944725
1138 49.7857780708
1139 55.6322840759
1140 50.293634005
1141 50.1228105496
1142 52.9926110644
1143 46.854974736
1144 65.4925476526
1145 59.5083216301
1146 48.8963599853
1147 47.5556853382
1148 57.4137153045
1149 50.8143414022
1150 44.8779672878
1151 53.4912527444
1152 46.0246381996
1153 49.9205406736
1154 47.1219721527
1155 46.8780195159
1156 48.2912691789
1157 57.2148105937
1158 47.6490907959
1159 45.3437736686
1160 53.3386437236
1161 49.2237899943
1162 48.974215311
1163 48.5371367372
1164 47.1741692129
1165 53.2552776954
1166 47.9393094383
1167 42.4599908457
1168 49.3365487004
1169 48.1600315165
1170 47.8554858897
1171 49.9974208878
1172 46.2403183307
1173 49.690556197
1174 50.3691986524
1175 47.3658038811
1176 49.6787280288
1177 54.0148206774
1178 48.8904201597
1179 47.2485974218
1180 46.5793761267
1181 53.4532355369
1182 47.5462624355
1183 40.7827048037
1184 46.1716075635
1185 45.8023515589
1186 43.8661926661
1187 56.6602545691
1188 48.6338631254
1189 48.6722975288
1190 50.1452538174
1191 39.472633173
1192 44.5249365006
1193 48.9063802928
1194 49.9182271984
1195 42.0452021178
1196 50.4981282728
1197 41.8489549115
1198 47.3271820535
1199 49.0332682462
1200 47.2363491282
1201 41.7020533799
1202 48.4608824629
1203 49.9396589998
1204 50.1136941685
1205 39.739811183
1206 47.2338181071
1207 86.2860536527
1208 45.8695044201
1209 53.9415757643
1210 53.6674795814
1211 48.5425989779
1212 54.3816502411
1213 48.1365856866
1214 52.396119209
1215 44.6449688145
1216 48.9420697273
1217 47.8941523714
1218 43.2994605659
1219 48.1166115138
1220 45.0645476001
1221 50.9190100712
1222 49.2268645043
1223 44.2534423253
1224 44.6876053516
1225 60.7853775738
1226 44.7607089125
1227 55.2640846757
1228 46.6125336793
1229 47.1290861203
1230 47.8658031256
1231 44.1217102449
1232 48.9300861713
1233 51.4265231921
1234 54.2157478078
1235 61.7930056645
1236 53.7735349395
1237 42.2018826434
1238 48.1028852671
1239 48.6736927707
1240 48.0475087225
1241 55.1417734509
1242 50.4896538783
1243 46.3175204355
1244 61.2456741233
1245 54.4986906411
1246 50.9391139778
1247 48.7108589206
1248 48.9646944265
1249 49.9814118548
1250 51.5334004499
1251 54.0502936592
1252 49.1535076162
1253 50.4072542586
1254 59.4047015647
1255 48.8362662174
1256 52.5338698139
1257 50.8466941004
1258 50.3550492218
1259 46.7483835163
1260 54.6845655944
1261 50.2780445175
1262 47.6473472345
1263 46.085384372
1264 53.8875414636
1265 51.8714542741
1266 50.4095050952
1267 46.6534423379
1268 44.5022166302
1269 48.1079880284
1270 58.5220950277
1271 50.6559073398
1272 49.8709920181
1273 51.9449251763
1274 52.5348731589
1275 60.0345393358
1276 51.487851442
1277 49.7562824831
1278 48.9058009423
1279 54.0728315591
1280 53.7450718588
1281 50.4548223807
1282 85.3477338837
1283 49.1384891897
1284 85.1877035413
1285 54.6517712938
1286 51.0332755407
1287 46.4487803875
1288 48.3909033545
1289 55.0760875064
1290 48.6937324042
1291 47.3437231046
1292 52.5184373295
1293 62.7225016823
1294 49.9536886935
1295 58.4876829102
1296 57.407637116
1297 53.2690044343
1298 44.0807834452
1299 54.0728690873
1300 59.2268106364
1301 54.8333688987
1302 54.4972769152
1303 56.0435990338
1304 58.335384682
1305 71.4831017596
1306 46.0757142762
1307 50.7299492951
1308 51.5476570669
1309 52.2625446294
1310 67.5818592913
1311 56.7057743714
1312 45.5406845793
1313 50.5763826956
1314 57.1180375985
1315 47.9372367509
1316 54.6051941753
1317 54.7261991481
1318 55.490049755
1319 49.8913651144
1320 58.1500351354
1321 53.1475128352
1322 50.2464928946
1323 52.129828133
1324 56.543723848
1325 103.685498228
1326 61.8803988802
1327 54.0916992959
1328 53.4567759983
1329 53.3139627771
1330 52.8134909059
1331 46.3152366823
1332 50.6655803844
1333 50.2512317422
1334 64.3600573829
1335 60.4979154232
1336 58.4133821497
1337 61.7973846228
1338 47.242316106
1339 69.0114292405
1340 57.5050341497
1341 49.7666778399
1342 53.794577557
1343 54.4038208981
1344 54.0281990627
1345 57.9338631004
1346 62.5051726131
1347 50.3543606834
1348 48.7344291675
1349 53.8826395367
1350 61.5633151188
1351 46.1491461408
1352 48.5546369316
1353 52.7119815215
1354 53.1086172331
1355 50.6373438658
1356 56.7391615961
1357 49.1660728727
1358 61.2241353576
1359 49.5524303745
1360 43.38610311
1361 49.4341623842
1362 44.0399782439
1363 55.5940546408
1364 45.8018835798
1365 49.2186473536
1366 43.3086792439
1367 55.1352369882
1368 105.995545174
1369 49.8299539903
1370 43.2104007528
1371 45.7374991306
1372 41.1465844486
1373 45.4992745368
1374 47.0614029112
1375 49.9794502002
1376 42.6493150641
1377 51.9628396139
1378 48.6015745381
1379 51.3072716398
1380 49.5189134455
1381 55.8648355899
1382 43.0619822685
1383 45.5964116215
1384 47.2441900971
1385 47.2355670668
1386 44.7591339566
1387 49.3356830355
1388 40.4087649239
1389 45.2881861353
1390 43.7738278032
1391 66.6538888881
1392 43.3209630081
1393 49.8554383555
1394 43.2468031237
1395 48.9487244519
1396 62.4923778374
1397 46.3154837418
1398 83.7823961756
1399 52.8593566534
1400 44.6800296309
1401 48.4854371037
1402 47.3030659816
1403 49.7428907786
1404 45.3858529751
1405 51.164098757
1406 47.053655709
1407 46.3278176168
1408 46.8436276662
1409 50.5047730169
1410 41.3064247052
1411 67.9240732612
1412 50.4206159702
1413 48.3824110487
1414 51.7617820428
1415 44.5476309387
1416 51.4809171618
1417 47.4360812038
1418 47.7998072742
1419 57.0904950061
1420 48.2453773172
1421 48.4582493711
1422 44.3795629894
1423 55.9469636732
1424 52.480667771
1425 50.380744758
1426 55.2195535848
1427 50.8263105343
1428 51.7202459077
1429 44.827397229
1430 60.6361158283
1431 51.6715592128
1432 61.9318007421
1433 55.6372490383
1434 46.807384928
1435 56.5731592469
1436 51.9810222402
1437 52.1722608145
1438 52.2917982247
1439 50.2915823378
1440 51.9584748076
1441 45.4597996236
1442 54.9916014858
1443 48.3492331917
1444 51.7939682872
1445 50.1781237807
1446 51.382825697
1447 52.1156269579
1448 57.315999717
1449 51.0819165704
1450 51.4556368285
1451 50.7048576388
1452 48.6375305549
1453 54.2100783115
1454 48.9757024154
1455 45.3496021462
1456 50.3996508954
1457 50.8479854423
1458 49.1997544439
1459 49.6948448756
1460 52.4990159005
1461 53.1631172784
1462 46.3058085908
1463 57.2613212474
1464 43.0861112854
1465 45.2047283931
1466 52.4627042644
1467 53.0227384255
1468 50.3286919017
1469 51.6767322142
1470 56.8352593707
1471 52.7746860018
1472 57.8669851167
1473 55.0080845589
1474 47.574837571
1475 52.0487918206
1476 59.3427873713
1477 62.1024984653
1478 54.3954937065
1479 55.0847757047
1480 52.9755896521
1481 54.6397530631
1482 53.1024261445
1483 50.2220937259
1484 54.3688504253
1485 55.8562111944
1486 46.7118622902
1487 57.4425754384
1488 55.0934032842
1489 51.0140626244
1490 55.9697697995
1491 55.3840109957
1492 61.1235123492
1493 53.1275544117
1494 47.2434965974
1495 47.6182548864
1496 46.412583248
1497 51.2526296319
1498 48.8185461538
1499 53.2784521824
1500 49.5832712684
1501 51.2128641752
1502 53.4006013323
1503 51.6195892067
1504 53.1612683796
1505 58.3345427727
1506 58.0274870598
1507 49.5661261249
1508 56.8928079248
1509 48.2644706462
1510 46.113408936
1511 52.0799505587
1512 51.0093536806
1513 51.6616076451
1514 55.9189257246
1515 62.0745963301
1516 53.3493868523
1517 101.981442599
1518 59.6411101849
1519 59.7200146833
1520 54.5198026154
1521 49.0098983363
1522 62.7207546015
1523 50.1360730675
1524 51.6464838405
1525 49.9775626644
1526 56.5124258636
1527 84.2123555761
1528 52.9529091845
1529 53.5231023924
1530 55.4776772487
1531 49.0139641367
1532 49.8541741583
1533 54.7194479362
1534 52.6741999329
1535 57.2496045406
1536 45.4446542474
1537 52.1282188536
1538 51.7791541908
1539 84.7529394719
1540 50.1289186521
1541 55.4704100887
1542 58.3230974254
1543 50.4368806495
1544 50.7527972295
1545 52.7409617766
1546 61.9596185886
1547 55.1867713141
1548 54.1494176419
1549 61.1807779264
1550 52.7296847396
1551 55.043759347
1552 52.4589576691
1553 48.2733142053
1554 52.6667632444
1555 52.6906852121
1556 64.3839153344
1557 70.0127280374
1558 56.6053063858
1559 48.2415883351
1560 73.4647081082
1561 51.7003826179
1562 53.7242125714
1563 53.5696183659
1564 50.1659826949
1565 64.1191093094
1566 57.8454326321
1567 59.6148654661
1568 53.8735863545
1569 52.3131355329
1570 48.1228247097
1571 57.1635581762
1572 60.3670656114
1573 47.2539496722
1574 55.3086638969
1575 54.239397306
1576 55.7877971009
1577 58.957910776
1578 59.5149911479
1579 53.5619514403
1580 55.6550426147
1581 51.8543012806
1582 60.579907659
1583 56.5637359278
1584 57.1995799627
1585 60.4404406725
1586 59.7409984745
1587 53.1673933235
1588 52.7598473099
1589 52.3450481203
1590 54.0580623426
1591 55.9408906776
1592 54.3489834482
1593 48.7053441757
1594 50.157344619
1595 49.327265479
1596 65.4974755254
1597 47.05786204
1598 56.2876324854
1599 55.2460210283
1600 53.6924762579
1601 44.6175365753
1602 60.084554704
1603 54.736963782
1604 50.6088576125
1605 70.4812805685
1606 46.2893683531
1607 52.3171174967
1608 53.8480745713
1609 57.3844660688
1610 52.286682999
1611 58.0171393754
1612 59.2635685917
1613 56.0846845566
1614 47.7305200638
1615 55.4484614103
1616 48.9948637172
1617 50.4119568599
1618 64.0433894634
1619 48.6130212509
1620 57.7244813997
1621 48.7789083394
1622 58.2587348486
1623 47.2004725724
1624 48.5212253313
1625 52.3628832356
1626 46.7013333994
1627 55.2155135173
1628 54.9885450385
1629 56.8526725971
1630 49.1684104272
1631 57.5766720482
1632 52.482658864
1633 48.5703455997
1634 50.4252216005
1635 50.7151369714
1636 51.6134900669
1637 52.0843728475
1638 42.5960539246
1639 48.745462052
1640 55.1297422645
1641 50.0708462611
1642 48.7932707172
1643 53.6475563009
1644 50.6629794338
1645 49.1335787272
1646 50.2678624061
1647 45.1839358689
1648 50.6844013293
1649 49.8447063274
1650 48.7497880892
1651 51.1240202716
1652 50.3736584006
1653 44.7713791241
1654 49.1690839808
1655 47.8918796133
1656 52.8492623295
1657 55.3525213504
1658 51.323064023
1659 50.2217523108
1660 51.4800101011
1661 49.8396287182
1662 51.0528808092
1663 56.6633594865
1664 53.8016735313
1665 47.6900191064
1666 61.9752094388
1667 47.4609384063
1668 73.3472134836
1669 58.490390415
1670 45.391571987
1671 51.4466939038
1672 48.7225969601
1673 48.0866209115
1674 109.725006064
1675 56.5562846492
1676 49.9775985745
1677 49.8911878037
1678 44.1076668683
1679 51.1183865609
1680 52.5648111236
1681 47.0633790662
1682 77.5456340463
1683 69.2079528408
1684 71.0342065384
1685 67.5294155705
1686 22.874118127
1687 62.3733558694
1688 67.2823993311
1689 65.7516207428
1690 77.4540272736
1691 59.3517968785
1692 55.6501093396
1693 63.5864208269
1694 63.3184791472
1695 79.9442294664
1696 63.3103643777
1697 62.3710336065
1698 67.1119070202
1699 65.2412376885
1700 65.5245230719
1701 80.3891653987
1702 66.0439561726
1703 78.9164304568
1704 72.0833046084
1705 71.4296180872
1706 74.1083399448
1707 64.866346446
1708 75.9434324443
1709 68.627415104
1710 66.7610672937
1711 72.1714327036
1712 78.732146764
1713 78.3020532249
1714 61.4616920732
1715 68.5048569583
1716 63.5824436569
1717 62.8239357608
1718 82.7588835838
1719 63.1514087833
1720 66.0927799275
1721 82.6729987161
1722 69.8616452172
1723 67.4505419061
1724 58.8665701914
1725 71.3872157453
1726 53.1843490931
1727 64.899712834
1728 79.3591308211
1729 53.1109947793
1730 69.5443494627
1731 66.7654920604
1732 69.739214997
1733 74.4955033487
1734 56.6516539853
1735 72.6771770348
1736 82.2303133576
1737 79.6631007423
1738 70.7397881755
1739 79.3238698325
1740 63.1371221255
1741 75.0415937634
1742 76.0435047737
1743 42.466065382
1744 53.4999321883
1745 53.9470519978
1746 54.1271265729
1747 48.8768064738
1748 47.0732838749
1749 57.2954147447
1750 47.4709263078
1751 48.6860757837
1752 45.867196391
1753 55.3253319905
1754 48.7353944963
1755 47.0595255866
1756 47.6011675384
1757 50.0051792791
1758 52.8850791652
1759 48.7591978307
1760 54.7812741082
1761 59.4249681763
1762 47.0144412146
1763 53.0643659104
1764 55.5587630516
1765 51.7068956907
1766 52.2959851358
1767 52.0832579804
1768 47.8263675206
1769 49.6021593593
1770 51.0576476914
1771 51.7815053989
1772 49.2821391671
1773 53.7998400413
1774 59.1803597422
1775 56.7275298082
1776 48.3433997648
1777 52.5868005299
1778 47.376446746
1779 45.4370986138
1780 50.0748526172
1781 50.6926582067
1782 49.9760210829
1783 47.0427817421
1784 50.799909917
1785 43.0067150315
1786 48.1379375909
1787 49.8114446021
1788 57.4127143382
1789 49.4185324193
1790 58.1347478719
1791 62.8126237968
1792 47.723138864
1793 49.6433090097
1794 57.3165237719
1795 44.5836401879
1796 48.2456278977
1797 46.004432079
1798 53.7032016768
1799 44.3696044978
1800 47.0585524106
1801 55.3210378336
1802 52.4633212043
1803 50.4855206917
1804 48.6275918161
1805 54.8561599144
1806 47.6446973825
1807 61.0598464332
1808 51.9159901454
1809 53.3539455685
1810 53.0262380728
1811 52.9827363417
1812 50.383995391
1813 50.2738154013
1814 58.7805606798
1815 57.9973722138
1816 46.1827430538
1817 46.8854110399
1818 52.2371823002
1819 57.7143604
1820 49.2342484497
1821 60.9753797903
1822 60.8235204779
1823 47.5285136072
1824 50.8454829797
1825 50.3173785438
1826 56.0297337254
1827 55.8155036716
1828 53.9075991358
1829 81.4986357817
1830 42.0022783084
1831 48.1666961944
1832 53.2136647355
1833 46.4668867721
1834 55.7733672206
1835 58.9852438385
1836 48.9851505216
1837 49.2688103291
1838 52.1149389858
1839 61.5621996545
1840 53.0265058697
1841 45.5255440185
1842 54.4843806405
1843 53.7347551722
1844 53.9041638181
1845 56.5294325408
1846 60.0735683702
1847 50.7734780585
1848 49.2999392393
1849 47.4657496074
1850 56.2787559943
1851 58.7885607
1852 53.3358108465
1853 55.6464783385
1854 50.2761622365
1855 44.9879992523
1856 52.7343002742
1857 48.4596812025
1858 61.5615996987
1859 53.5966775584
1860 54.0555513444
1861 48.6685876259
1862 51.0461535407
1863 55.1142658972
1864 52.7703326881
1865 51.6075297831
1866 49.9664765383
1867 55.9147257318
1868 48.7175763415
1869 52.3718115426
1870 57.1399723881
1871 49.7617416021
1872 52.7186683466
1873 55.1300582386
1874 64.2087516478
1875 52.4639123123
1876 57.3044565944
1877 70.3083465025
1878 57.9646369608
1879 55.5304198307
1880 59.3840084945
1881 52.6905856637
1882 51.7089415893
1883 59.6333791739
1884 52.782914156
1885 51.6042082599
1886 53.8758402515
1887 58.5823574796
1888 62.5527846994
1889 57.5046817997
1890 56.0696319163
1891 63.1243062794
1892 58.4371550928
1893 51.1529083669
1894 53.9736594598
1895 52.9653624962
1896 61.6932180325
1897 50.8741363278
1898 53.7692867786
1899 52.3478426915
1900 51.3165993413
1901 78.9077787379
1902 57.7430357717
1903 53.3844524866
1904 55.362916434
1905 118.469956956
1906 56.499562505
1907 54.2057119059
1908 54.1803725195
1909 67.1594776799
1910 60.9209100457
1911 53.5384376784
1912 55.0423337262
1913 53.8720715336
1914 53.2495230822
1915 52.2988897353
1916 56.4153699066
1917 54.0761856758
1918 63.0069738587
1919 49.9128834972
1920 51.8781688896
1921 67.2781538374
1922 49.607771877
1923 55.2167066521
1924 63.4383953574
1925 58.3300586885
1926 51.9273627817
1927 55.7181365588
1928 53.0391975499
1929 59.1595605347
1930 53.5764029537
1931 57.837930923
1932 53.3536642116
1933 54.2630858202
1934 57.5570763007
1935 51.9978891792
1936 60.6787336331
1937 62.4125278627
1938 58.183712953
1939 59.7276978582
1940 54.4320334295
1941 54.9228628051
1942 60.6506391692
1943 62.4319701723
1944 49.8569614375
1945 58.6389287067
1946 54.9959867266
1947 57.7589572694
1948 51.5240957383
1949 57.1510976557
1950 61.2004566407
1951 56.8279623444
1952 55.7343499578
1953 53.334650614
1954 56.136882464
1955 53.9454568248
1956 52.2779248529
1957 68.7070811415
1958 52.4934424795
1959 46.1824777614
1960 53.8151169068
1961 70.1120720437
1962 51.2559181111
1963 64.9034846494
1964 52.1698371211
1965 58.0909132044
1966 61.790886636
1967 54.7356062969
1968 54.3394989898
1969 49.1591262267
1970 57.0272457432
1971 55.8012557064
1972 58.0717375141
1973 62.6930114139
1974 57.3497315833
1975 57.9376302059
1976 56.3344006221
1977 52.4508017843
1978 50.6013209676
1979 98.2538885324
1980 60.2899817504
1981 50.7676304236
1982 60.5225160098
1983 62.1688060754
1984 53.8913352537
1985 52.4804982137
1986 58.0523042889
1987 47.5648814615
1988 51.6752431095
1989 50.5064782858
1990 69.967877323
1991 55.9060763533
1992 51.9812425455
1993 49.8755825392
1994 57.160843148
1995 52.7162947993
1996 54.9062077526
1997 58.9605690992
1998 54.7594804892
1999 50.5539321347
2000 50.9461363112
2001 61.3992100098
2002 51.030297472
2003 55.8682728717
2004 52.552688581
2005 52.1532745854
2006 50.7564989265
2007 34.7483117768
2008 48.5768167475
2009 48.6055878816
2010 53.7033785733
2011 53.0036208965
2012 48.6629079638
2013 46.4911771459
2014 47.7482452567
2015 50.3847590588
2016 58.017074238
2017 49.5615957164
2018 48.2517510587
2019 65.2364285354
2020 55.9487279201
2021 51.2029159316
2022 48.2235732042
2023 53.3634434363
2024 53.9689507637
2025 52.5858396074
2026 53.4159027737
2027 47.9454261799
2028 49.5682447608
2029 59.7813118239
2030 55.2398510908
2031 48.4268586176
2032 47.8714601041
2033 50.2019594229
2034 59.4693564545
2035 55.2352342485
2036 48.0708901726
2037 50.708317452
2038 44.7162755953
2039 48.9967011125
2040 51.623949647
2041 51.4423385143
2042 53.0387439595
2043 48.3534401468
2044 67.6120364819
2045 51.6596340335
2046 51.1741467161
2047 58.7489873434
2048 56.7829054222
2049 60.5791545614
2050 53.8047808091
2051 61.1495230308
2052 51.8418348093
2053 56.5890246842
2054 55.2828831769
2055 51.8612905154
2056 49.0138142058
2057 57.2249570946
2058 45.5461856193
2059 49.5490802269
2060 51.0840308223
2061 45.9943136392
2062 48.9706669283
2063 50.6946505095
2064 43.551266016
2065 56.1497199041
2066 50.18495191
2067 42.3561489052
2068 58.4041593979
2069 45.1749344203
2070 49.0766069884
2071 40.7344055254
2072 48.1749238857
2073 45.4880962388
2074 53.4493617199
2075 45.0622208698
2076 46.8588303171
2077 46.1464043875
2078 53.8586179466
2079 48.8943304345
2080 48.0572126261
2081 47.7928973706
2082 57.2371335999
2083 50.2624852239
2084 47.3789479506
2085 44.3559365057
2086 44.7398498708
2087 55.4527243543
2088 47.0287463574
2089 47.3900177127
2090 49.1785817059
2091 51.8656141913
2092 45.3344419728
2093 46.0144802604
2094 44.7708049387
2095 53.5481715414
2096 50.4879514617
2097 44.9793318347
2098 56.7066273903
2099 42.0613602173
2100 44.6812906587
2101 57.2068293569
2102 56.8235420252
2103 50.2892370144
2104 46.7138000657
2105 40.6643200927
2106 43.8284128426
2107 48.7295971033
2108 45.0493993092
2109 47.7904871739
2110 46.2881845208
2111 55.4680997833
2112 41.8969632935
2113 49.5771594982
2114 45.5815411836
2115 44.9438826337
2116 45.9363505592
2117 43.5039095955
2118 48.3554974089
2119 42.5805347325
2120 46.0897880636
2121 50.7676512121
2122 46.3307681197
2123 45.5490994286
2124 41.2189195163
2125 44.1535269173
2126 43.2830571499
2127 52.0637655808
2128 40.5715425323
2129 48.2525946856
2130 48.1493147657
2131 46.6421495205
2132 44.1974549063
2133 65.749690453
2134 48.4877879548
2135 42.8208272567
2136 40.994482414
2137 55.4831025497
2138 49.1631985653
2139 48.7177039935
2140 48.6993134422
2141 49.0031029479
2142 46.9637892354
2143 47.381858942
2144 42.4894513824
2145 54.5808068892
2146 51.9142898203
2147 47.5509205518
2148 53.5048806296
2149 49.1760497841
2150 46.0711627267
2151 46.8052541976
2152 47.5393923384
2153 50.288402998
2154 42.1766869994
2155 57.224832067
2156 45.9904159446
2157 46.3896407012
2158 50.7657485755
2159 47.7108189758
2160 44.477575615
2161 50.9538415172
2162 46.2688215331
2163 48.9962181336
2164 53.5421716212
2165 57.3146304958
2166 50.4767643315
2167 50.4112637897
2168 47.566818645
2169 50.5323704872
2170 46.9827881825
2171 48.5938051216
2172 58.9767868488
2173 46.8142074293
2174 44.2769904071
2175 48.3474031468
2176 52.4783000084
2177 44.8590279859
2178 50.414515683
2179 53.3566843098
2180 49.5411894585
2181 50.5940712047
2182 49.0002108229
2183 53.5749068376
2184 49.3095845054
2185 52.4046954676
2186 44.5044864704
2187 52.6789207946
2188 44.0103652287
2189 48.2382747939
2190 41.0778808958
2191 40.0453081033
2192 50.8898142904
2193 44.5800391481
2194 57.9953294289
2195 49.715340318
2196 49.665188252
2197 49.7408379119
2198 43.037878756
2199 53.2467209119
2200 52.833547866
2201 53.8871999785
2202 62.7513858165
2203 46.4508384424
2204 50.5862229898
2205 47.8589752063
2206 48.2987794783
2207 52.0475714964
2208 51.7806898403
2209 47.9792931166
2210 44.566338378
2211 47.9372163096
2212 41.844749324
2213 45.4384562151
2214 50.0687468965
2215 45.8130670187
2216 46.940518791
2217 47.3652287071
2218 51.308698268
2219 59.2544440572
2220 47.9414683148
2221 49.3955390797
2222 48.8324390011
2223 51.87606663
2224 54.2344374164
2225 48.7029934144
2226 43.9246985363
2227 54.8631445819
2228 53.8240673646
2229 62.5365418644
2230 63.0927555507
2231 48.9757949714
2232 51.6150658076
2233 42.3660710895
2234 48.629589098
2235 50.0966971579
2236 49.3906107558
2237 49.8442631809
2238 48.529080235
2239 49.7248034143
2240 48.0016014792
2241 50.1386417812
2242 46.1416020294
2243 41.8613931508
2244 45.07530327
2245 53.299649388
2246 57.2593921763
2247 56.3896816312
2248 46.3465175147
2249 60.2535406608
2250 45.033781189
2251 44.8548159698
2252 51.0231420058
2253 49.1564487807
2254 53.8823297531
2255 54.3448828348
2256 47.0161084385
2257 44.6347517126
2258 45.2322349124
2259 45.6684527611
2260 56.637739262
2261 48.9374601406
2262 62.7099287197
2263 53.4424635073
2264 60.2821222247
2265 57.7156472484
2266 61.2993505876
2267 60.4307810853
2268 63.5938836805
2269 55.1573046403
2270 66.8062563435
2271 55.9930040971
2272 55.5621100748
2273 62.5579808458
2274 70.240173638
2275 66.4809226061
2276 54.4626143353
2277 56.3468192484
2278 68.5102487189
2279 54.2131491356
2280 56.3479674852
2281 55.0228658074
2282 51.0277815571
2283 55.6922717373
2284 66.2522022798
2285 54.7215933511
2286 54.5876788539
2287 68.7984031929
2288 66.5422906827
2289 55.4921992924
2290 59.4611778085
2291 59.5971006491
2292 55.224710928
2293 66.6287963104
2294 66.3194513358
2295 58.9473802643
2296 64.4537956549
2297 61.6295598913
2298 59.932087403
2299 50.6013065617
2300 65.2147818119
2301 52.297320602
2302 59.9602835488
2303 54.3079331933
2304 50.442484822
2305 56.2718836934
2306 59.7313086005
2307 59.4157618435
2308 54.723009878
2309 55.6183785051
2310 52.429718
2311 55.7457050191
2312 59.2164252066
2313 49.7547910984
2314 62.8150606527
2315 64.3053277382
2316 59.0468309254
2317 51.8895665706
2318 60.9418143216
2319 58.147044166
2320 55.6146681883
2321 63.8012331382
2322 60.6004105439
2323 52.2112826653
2324 56.890031679
2325 57.8268221662
2326 58.1860943873
2327 65.0474295475
2328 46.4751912642
2329 49.3814639596
2330 60.8191382804
2331 55.8777321536
2332 61.2032460935
2333 48.9974586088
2334 39.4124171512
2335 56.8112177803
2336 46.3528120349
2337 45.4582063632
2338 54.3381489514
2339 54.3393843874
2340 47.0413314114
2341 66.9193565199
2342 45.1132384187
2343 52.8757120882
2344 50.0391211967
2345 53.1177062233
2346 44.6844905623
2347 49.6094535799
2348 45.0027704463
2349 51.3082820736
2350 53.7486752988
2351 48.3103637501
2352 56.6246000744
2353 51.2883734411
2354 49.6234255966
2355 53.2711492714
2356 50.9585322255
2357 54.1216813798
2358 49.3761651455
2359 46.138806315
2360 41.2859909924
2361 54.9877579132
2362 49.3991029402
2363 67.6800638258
2364 55.310381759
2365 49.502680377
2366 55.4373244575
2367 52.6491347485
2368 45.5876195934
2369 50.0733874878
2370 48.5134598196
2371 50.508796807
2372 55.7473928274
2373 42.4693063092
2374 46.3969573502
2375 49.7123451443
2376 52.7053340988
2377 43.3619097875
2378 49.2827604898
2379 51.9259749527
2380 43.9382565009
2381 50.786799108
2382 50.9553208634
2383 52.6512420294
2384 51.4543104285
2385 49.4057945135
2386 50.5906624018
2387 51.2968287112
2388 83.354272714
2389 50.0823411308
2390 54.4879023003
2391 61.8193388629
2392 50.1183187934
