u s
60 37.4275936602
120 25.8446838867
180 35.8854044631
240 39.5150953555
300 26.7132005373
360 41.9591798344
420 65.9560158991
480 25.9259276877
540 54.5916918275
600 33.7176054642
660 36.2436655592
720 29.2707927564
780 66.6044761871
840 40.4238077027
900 39.9524890321
960 47.1783326776
1020 34.9950582941
1080 35.1748656632
1140 26.6614932298
1200 31.8410150208
1260 46.660944887
1320 27.3910945763
1380 28.1079524666
1440 35.5221339454
1500 27.6185565576
1560 27.5398492046
1620 43.2599736779
1680 34.2341682447
1740 48.0909404579
1800 27.0318657708
1860 56.7125399871
1920 48.460040506
