u s
1 54.977792963
2 73.5211559945
3 56.2560503426
4 58.3505887276
5 56.7891227004
6 51.72757233
7 59.1564326714
8 55.5221924103
9 67.3732224638
10 55.804689131
11 54.6091582578
12 63.5047339901
13 65.9137503139
14 56.9120266779
15 70.8917388933
16 56.8534395801
17 62.5338379292
18 53.6251545322
19 153.625542913
20 57.6627614959
21 58.1969364618
22 59.2906867033
23 69.8121145537
24 55.7670034477
25 59.2058903675
26 75.1804769226
27 63.8659477752
28 51.8139200044
29 54.980504793
30 59.3193596777
31 61.3633715783
32 75.9150500184
33 55.6679027446
34 62.3222857366
35 51.8676950462
36 62.8207449858
37 67.3416965276
38 56.2334601663
39 50.5690148365
40 52.480254271
41 58.7249081795
42 57.8511398109
43 55.7904756911
44 56.1253323522
45 65.5946560532
46 58.1854346119
47 57.437968971
48 52.536872816
49 53.6800066476
50 57.0956007346
51 62.7977536906
52 57.6123228709
53 62.5257309826
54 63.1706915736
55 150.953313281
56 60.7392994137
57 74.4721252575
58 66.241435625
59 54.9485893905
60 56.764295471
61 65.6082816393
62 80.2671952068
63 57.5756485395
64 66.1787092172
65 83.6224022613
66 41.139222847
67 59.1235927009
68 52.6417246711
69 53.134581216
70 51.0873970265
71 46.8977830341
72 48.8975906625
73 47.4708746801
74 53.8992568145
75 54.0513747047
76 53.1385161518
77 52.4666853625
78 50.5316073545
79 51.5788855095
80 58.665130938
81 40.6358657883
82 53.490205573
83 49.0582128513
84 52.4726821909
85 46.6740326408
86 46.6151605831
87 55.0569144875
88 47.3188822701
89 52.985061346
90 55.7716641451
91 52.6474257859
92 51.659153218
93 58.8490564434
94 65.3399074732
95 43.2550938453
96 44.755819255
97 46.8962273686
98 86.3573451777
99 44.0554740371
100 52.2323275876
101 51.1183451814
102 52.6680844385
103 52.2347477376
104 55.9334610504
105 53.5158239655
106 60.4499304181
107 51.9599627422
108 54.2479923926
109 61.1650467265
110 43.8827971127
111 53.0405499182
112 64.4634720282
113 60.0673247554
114 56.562215024
115 56.9818222857
116 52.8929666026
117 53.644386289
118 51.2846746756
119 51.2084839453
120 54.7342006759
121 56.9624960297
122 46.6291498937
123 56.4577143142
124 53.149651319
125 42.4125328024
126 51.8648178732
127 50.8711963921
128 48.0904486798
129 51.5564106212
130 47.2192499838
131 53.2467180523
132 47.2678672748
133 52.6833564712
134 53.2815090338
135 49.4244815832
136 46.5469724057
137 48.1552457694
138 52.7329582661
139 51.3362088196
140 45.9917981964
141 59.6831143273
142 45.722297083
143 56.9855091629
144 57.0481359593
145 51.7287455255
146 58.7324913885
147 44.1941603995
148 47.0414182879
149 57.4637062005
150 55.4637431417
151 61.5472725341
152 46.4811044841
153 48.0851267054
154 46.0539956139
155 59.0827636218
156 50.5171216379
157 58.5781095973
158 49.520096452
159 56.7300646952
160 47.4960925618
161 47.0175357321
162 54.4064473727
163 52.3056000752
164 46.0440937258
165 49.7121363493
166 58.4705174549
167 48.9050363087
168 47.0612142174
169 55.3301651738
170 53.9788232214
171 47.1143354503
172 47.5375661633
173 43.540207615
174 54.4228854101
175 55.7773169407
176 60.7410764749
177 47.0656860846
178 47.5402868023
179 47.1554813068
180 48.2748956834
181 51.6800014252
182 51.9004809884
183 49.8197755851
184 40.1946507865
185 43.4171102859
186 47.8730934467
187 54.5991395737
188 54.1220155615
189 48.5105888911
190 40.7976081645
191 49.4887088009
192 46.0815281129
193 51.9049824076
194 47.4576373747
195 50.2915735056
196 60.157686195
197 56.5578341665
198 54.0229559037
199 66.4302653676
200 55.0787049818
201 55.9700155757
202 59.2875067481
203 64.1872345019
204 60.651384253
205 57.3689554901
206 52.2289046422
207 56.5804384774
208 57.8315437553
209 64.613878966
210 58.7647104116
211 49.4931732911
212 59.166571834
213 50.7887538404
214 49.3509271955
215 59.093728148
216 45.5609915004
217 68.9292123996
218 61.3911308122
219 57.203694147
220 50.9299681547
221 54.2946595994
222 56.6486140487
223 64.5389944388
224 58.112903138
225 62.9045128876
226 58.7031264393
227 50.7683416629
228 51.6940806959
229 44.1951985951
230 59.5846973337
231 72.1754683285
232 55.2085258985
233 173.06103074
234 57.5971595928
235 54.8428867404
236 189.941103773
237 72.7904223583
238 54.3037774402
239 59.2227868232
240 48.5587466712
241 69.0588614869
242 59.7055491989
243 52.3442172906
244 55.3625396907
245 57.6243459921
246 56.0053590943
247 63.4141548543
248 57.8418115598
249 57.153797736
250 68.3007760001
251 55.7123914299
252 56.1587963056
253 47.0147018127
254 49.3196441018
255 67.0806204241
256 57.7812211181
257 60.6660124739
258 62.766424276
259 51.2862058121
260 68.350835233
261 44.1028184959
262 51.2212376009
263 53.593816982
264 52.3831159186
265 49.9177397718
266 46.2589305777
267 51.6321356221
268 42.969536055
269 49.6277095493
270 48.611174473
271 65.211607963
272 55.3034410474
273 49.2764639811
274 56.2137346325
275 53.4121469822
276 53.8611389113
277 61.6025766015
278 60.6223676664
279 51.8925772788
280 49.888760106
281 54.7659079047
282 50.0907708817
283 48.5602756511
284 50.17083444
285 46.4697252779
286 49.3630101008
287 61.2017958398
288 50.841816616
289 53.176847072
290 51.4810543453
291 48.4788337072
292 53.6180073807
293 51.5101684102
294 50.871933904
295 42.0457357507
296 54.6765782363
297 52.0050326075
298 48.7246824897
299 47.0290963191
300 49.9722735146
301 48.8917556426
302 49.1277025645
303 52.0114215211
304 51.4294510486
305 45.0014102705
306 50.1317296297
307 53.5767801385
308 59.0600751439
309 47.9202644041
310 48.2675859094
311 63.2200264364
312 48.6565633965
313 44.4818841196
314 51.5718879577
315 48.8537843862
316 54.8397595594
317 48.2142479463
318 43.6029344147
319 53.7530284291
320 42.6737566355
321 45.5196310618
322 53.31539673
323 53.7963973415
324 57.0045478206
325 50.5679906365
326 51.2247630086
327 46.6084463137
328 55.50773433
329 47.7198399589
330 47.6300369732
331 39.8993213374
332 49.2291719456
333 50.295574628
334 45.8566215458
335 42.5380303152
336 49.1315732326
337 45.8626965371
338 46.043801096
339 40.7022751679
340 59.5759594072
341 63.8635222082
342 46.6082847012
343 46.1265023252
344 51.321082182
345 43.75099102
346 42.9121728974
347 48.388863711
348 53.7564866223
349 55.5766214925
350 50.5046199945
351 46.0463605308
352 47.3787765338
353 44.4577038567
354 45.3988345349
355 43.2553739029
356 57.8319074911
357 54.1168595196
358 48.8361372639
359 44.9357243606
360 45.6267972729
361 43.6617645226
362 49.3595122014
363 48.4591631266
364 61.1637413204
365 46.4100938219
366 51.7631241262
367 51.3004910892
368 48.5795763435
369 49.4714556735
370 34.0620934723
371 61.9713178921
372 55.4637181846
373 54.2999833908
374 42.3089555278
375 48.3897564637
376 45.2580523911
377 49.3151658566
378 48.0618505456
379 49.4105369641
380 43.8729726747
381 46.9928869212
382 44.5542739462
383 62.9424817864
384 43.7641741685
385 47.678295229
386 53.7025682403
387 49.7878374003
388 41.1170330922
389 55.2017759043
390 55.9100101109
391 52.5317389639
392 44.6008503067
393 45.6372672822
394 52.6739001512
395 49.2056430598
396 48.8753911415
397 55.2489250245
398 52.5416826907
399 61.3705703715
400 53.1371784308
401 52.9109471695
402 52.8686641282
403 52.6451411633
404 51.4999201347
405 53.2836107108
406 61.0858322615
407 52.0134762277
408 39.6052107679
409 52.1013002583
410 53.0449731781
411 53.2879316815
412 52.4382384241
413 67.7948146579
414 53.580602395
415 51.1984919522
416 51.2452893047
417 61.3749968044
418 42.9171515688
419 54.6137214722
420 53.0423126957
421 55.4303683122
422 50.0508531043
423 81.065501383
424 59.3517142674
425 52.8162838602
426 53.6879147887
427 54.5897683895
428 55.5040957951
429 58.5720002339
430 52.2317876006
431 52.7004605943
432 43.4722400972
433 56.4604030965
434 61.7366639023
435 67.0140213284
436 53.398418736
437 51.4615442179
438 48.7066821346
439 45.1025532313
440 53.5604232528
441 62.5761983613
442 48.1708559675
443 53.7069035912
444 52.9607034712
445 63.4486848967
446 53.0793342094
447 53.8666746603
448 53.8989367033
449 46.4748396619
450 54.3562938572
451 51.9196186763
452 42.260584653
453 54.2787187441
454 12.3278193173
455 50.912544811
456 53.4163221268
457 63.3441139117
458 48.7828345037
459 40.464519337
460 60.5090067413
461 51.4194281488
462 50.8328984029
463 54.8998415429
464 47.5114972584
465 46.1464119595
466 58.2114888104
467 47.4994825119
468 51.8490169678
469 54.7867340558
470 50.020775267
471 58.500722292
472 60.7792015186
473 47.1054574935
474 46.2472956992
475 44.9705892528
476 56.404298006
477 56.2959208989
478 48.5832808053
479 49.4628491806
480 51.6066800934
481 49.1975940897
482 47.8386713211
483 47.5621037608
484 47.7237914764
485 50.0320887029
486 47.230926028
487 47.7753737798
488 52.0491983764
489 54.2578464788
490 21.4161925231
491 50.9810001435
492 48.381743136
493 54.7458091185
494 47.5345795652
495 52.3210602751
496 53.664519074
497 53.7048021643
498 50.7137572413
499 42.7862353409
500 54.3721989564
501 47.4796721507
502 49.0634285409
503 46.5489185496
504 49.3207852162
505 56.4000274794
506 49.5435485693
507 49.4199644579
508 50.6752619324
509 49.1773474393
510 48.4324005729
511 48.695691788
512 47.9287813929
513 49.3287599014
514 67.4001294932
515 58.2595185163
516 54.3083617087
517 47.1652905989
518 49.6254685648
519 50.1966023874
520 51.0970880377
521 49.8452515742
522 46.5037944925
523 54.4634844544
524 51.4574053254
525 49.5327427212
526 48.3818825275
527 52.7384178662
528 49.9017564981
529 45.6569310347
530 41.0883551389
531 50.6047852987
532 46.3503366401
533 54.3321760558
534 43.4746955591
535 47.659884106
536 53.4267906424
537 51.359300118
538 49.4899770784
539 48.9400726229
540 48.585453565
541 53.2410373423
542 51.1827211159
543 52.251773139
544 59.4635259871
545 47.1323027344
546 51.0088966262
547 47.4401472028
548 42.7064841416
549 51.2178270936
550 50.5304273075
551 50.490875948
552 51.7417283011
553 51.1464753809
554 48.647111065
555 41.5622484963
556 45.3988510473
557 58.7402233116
558 54.0621094146
559 50.3862892252
560 54.0161111796
561 51.0414615427
562 80.0211826947
563 42.24647052
564 60.5110339864
565 46.2079795658
566 51.8767955927
567 55.1818533826
568 51.8741437463
569 42.8897410972
570 53.8395173359
571 53.9689677272
572 49.8421312596
573 51.0143619983
574 59.4762788935
575 51.1638726928
576 64.6696172663
577 61.0025770151
578 50.842810865
579 50.788245222
580 46.4129769474
581 56.1648171148
582 52.9231455828
583 47.4329073675
584 50.4433711301
585 55.9105550365
586 55.9868950937
587 61.3028600024
588 45.5287763416
589 64.8515191026
590 47.5393359929
591 46.4818396398
592 51.1240064506
593 51.4873209783
594 61.0719973722
595 51.5349187126
596 52.5866436235
597 57.5804106353
598 48.8515076213
599 58.7146749879
600 49.4910312371
601 51.1430956596
602 49.1000006797
603 41.9422997809
604 51.2307069537
605 50.4776312013
606 37.0757683514
607 49.6562896886
608 53.6088083679
609 54.7027876212
610 19.120287774
611 48.2479810533
612 47.8556535443
613 40.2867483561
614 37.6554254706
615 50.1524406743
616 56.1023907056
617 67.2655181267
618 51.2868430308
619 52.730957667
620 46.5005733295
621 50.0634716384
622 51.5218636437
623 52.6572759939
624 52.975807688
625 51.0359962493
626 44.2463270333
627 51.6630025204
628 44.8361837834
629 52.3866445663
630 52.511782633
631 55.5080721262
632 50.4337445909
633 60.289756229
634 48.7233433393
635 44.5616642786
636 52.0560538978
637 49.4333797077
638 52.3259482485
639 51.5843069054
640 50.765432919
641 49.8855166863
642 53.0476749711
643 52.2292050203
644 50.3049474167
645 56.3316232645
646 50.6181285999
647 38.7482361435
648 55.8975595346
649 50.7588856732
650 53.7821749391
651 58.7982491512
652 54.7671770167
653 57.6306165043
654 63.981949209
655 54.7406238466
656 60.9392465086
657 52.9256153468
658 55.5055730805
659 60.3699883969
660 77.1118182363
661 61.8217465944
662 54.8996540052
663 59.1698686898
664 67.8565934577
665 54.2797204299
666 54.2251959296
667 51.7634161076
668 57.3409800406
669 54.1104110335
670 63.02763067
671 55.6857060794
672 57.6767480977
673 65.637325014
674 62.7150996353
675 66.8921945855
676 61.7113119899
677 74.932289117
678 52.0730042043
679 58.6980271894
680 61.174711342
681 59.451948736
682 58.5525607404
683 60.4025816406
684 69.9053871126
685 55.3126893859
686 66.8155344835
687 60.6470509287
688 55.1511207572
689 54.4226355141
690 55.4363966485
691 55.7375760871
692 61.3107794941
693 69.1745026805
694 57.0839257847
695 61.4793032956
696 57.765117522
697 62.9404082966
698 67.3093630946
699 56.7603225989
700 60.6767096024
701 51.1463918992
702 62.446600273
703 68.6588180129
704 64.251035946
705 55.334832645
706 59.6383695649
707 51.587537102
708 64.0742850186
709 57.1116492517
710 60.0849646848
711 52.4950845013
712 55.7259776217
713 66.3458424294
714 60.7811430927
715 45.5484453605
716 56.3359039261
717 49.0939523012
718 49.0750745368
719 45.930513329
720 49.225454825
721 40.8818874012
722 40.392783206
723 47.5891467484
724 58.8091698263
725 46.583569923
726 47.8849703543
727 45.6479461501
728 46.0699019508
729 47.0966111418
730 53.4604137936
731 52.6950517049
732 45.4589891844
733 47.3399443234
734 38.1055421645
735 46.6771490494
736 46.0929611443
737 47.2263606961
738 50.1999002607
739 50.2745873477
740 50.5172536
741 44.8655317135
742 45.3163732119
743 44.3072855748
744 46.5912142357
745 41.7469422848
746 66.3035181166
747 68.3876568575
748 55.2334914329
749 47.9242438627
750 46.0857880262
751 44.3058992906
752 45.6675330477
753 43.860245348
754 52.5867944449
755 57.00069009
756 50.8565456658
757 42.0189073552
758 47.156138982
759 44.0502358083
760 47.899226498
761 46.5093844419
762 45.0315245298
763 46.0741767705
764 44.8042839253
765 53.0297057958
766 45.5047486483
767 46.5962119798
768 45.6463037288
769 45.0590088061
770 40.9227069581
771 46.3654410616
772 45.0862058186
773 48.6001954742
774 44.8720367374
775 59.7742885182
776 48.980207735
777 46.0749524688
778 44.6701528921
779 40.9353578653
780 59.1053694398
781 49.0557886501
782 60.1095999881
783 57.6043609473
784 58.5246482113
785 55.2819241673
786 64.219231888
787 53.7189786763
788 62.9591280717
789 51.3136612598
790 64.9938753103
791 56.6834576117
792 57.6303433119
793 59.6106867589
794 56.954951537
795 57.4696145288
796 54.6875084378
797 56.3273860181
798 58.1560332237
799 57.1481706146
800 52.9063920216
801 46.1308045735
802 43.8105344659
803 69.1395936817
804 57.7003317267
805 48.2146955356
806 55.0743349018
807 46.4606098015
808 68.7677465373
809 45.2221453721
810 58.4983942583
811 60.5615289873
812 62.130909533
813 55.9518069382
814 42.6038377746
815 52.5980451983
816 54.6870766321
817 59.1247540621
818 66.7400207167
819 57.0377345869
820 55.1498963683
821 43.2386708561
822 56.3254224811
823 55.4408708386
824 47.1124035393
825 59.3250900397
826 48.1198395227
827 45.5176768231
828 62.4330329206
829 61.5436032042
830 55.814100405
831 63.2281950426
832 55.123362451
833 44.1535301033
834 58.6284768295
835 55.5489195486
836 54.7057612667
837 64.526673594
838 52.6888941158
839 50.1272267984
840 57.9983807401
841 57.0697873348
842 56.9182657407
843 54.1918930223
844 66.8806820272
845 49.6022368029
846 53.5380944837
847 57.0454721786
848 46.074016991
849 52.7039526409
850 43.8048375192
851 51.1577195298
852 53.8840123031
853 57.049098849
854 71.1119701677
855 54.0875526873
856 48.7657318044
857 51.5660457296
858 49.869501459
859 44.8746489932
860 47.9246332955
861 45.449724936
862 49.3157933165
863 60.6127342384
864 44.8719129441
865 51.0652799848
866 43.1769530749
867 55.2114429335
868 45.5740022703
869 48.5832229957
870 46.5208023093
871 54.4349254463
872 52.6377357823
873 49.8294131577
874 50.4946979966
875 48.6515680514
876 48.6399101425
877 48.4056215198
878 47.2824733103
879 50.3081774881
880 49.4037212796
881 46.7327720024
882 46.586072699
883 50.7139027696
884 47.0802886081
885 52.7171603268
886 46.0353049019
887 47.8115620534
888 47.4786148503
889 52.6797085987
890 51.3290088764
891 49.8549659007
892 68.2564858082
893 50.8085090633
894 49.5390314517
895 44.8638470031
896 60.2196033507
897 43.4663017031
898 49.915536275
899 51.6370775038
900 47.8157699841
901 50.7455884492
902 50.7255817943
903 46.1747796866
904 50.3970075977
905 55.3375492531
906 50.7262562079
907 51.0678746807
908 47.5583849251
909 41.7105476538
910 46.5689697754
911 45.8751141702
912 66.5377050479
913 48.4079428024
914 49.6542272321
915 45.4136448458
916 51.2570256502
917 46.3631806526
918 53.1224530385
919 49.8849434366
920 47.4860554379
921 42.1983479269
922 48.9031408319
923 46.4449103035
924 53.2618294286
925 49.2504631296
926 56.2487290258
927 55.5005150781
928 52.5098252366
929 45.7948810836
930 45.9433052687
931 50.8643100868
932 47.6794143686
933 52.3018994017
934 47.2923468757
935 51.4447195933
936 57.4753127567
937 55.2329537749
938 46.2985153399
939 60.4409296828
940 49.9160070842
941 46.6364060789
942 54.9883673487
943 54.7243663098
944 48.0685607241
945 41.8371775319
946 53.2737000183
947 57.8300160007
948 55.0028577508
949 55.5034702197
950 63.1822069826
951 48.3489020568
952 53.4044298493
953 46.9348045141
954 47.1006177495
955 61.4820559876
956 33.9903451372
957 51.6677944854
958 50.4673359789
959 48.0799628336
960 51.7576999217
961 50.2795671151
962 53.7440823992
963 52.5544790654
964 47.6622976125
965 47.2864903558
966 56.4925169555
967 52.67337469
968 45.8565668242
969 46.9208621147
970 50.8108706492
971 51.445181877
972 50.0591963304
973 45.6615979993
974 50.8769801483
975 50.4426677813
976 51.4420115035
977 62.9294840813
978 52.5619633713
979 54.6813834328
980 64.110424105
981 48.760946161
982 52.4217357186
983 49.0244353697
984 45.5082388165
985 40.8991328953
986 59.2708919357
987 50.2540294128
988 44.9415532159
989 53.9670820036
990 50.6371143848
991 50.132404234
992 50.486718965
993 42.9216782883
994 51.2361461014
995 50.1310419211
996 69.9624416333
997 58.8610243705
998 56.7646605375
999 48.3101179951
1000 47.9081250247
1001 54.7492390745
1002 47.607469479
1003 52.335425171
1004 56.0293590845
1005 52.3056835649
1006 52.5780973853
1007 54.3804683465
1008 48.4737139543
1009 54.7701005268
1010 19.6900280427
1011 52.3028160441
1012 52.6252408043
1013 52.2735938538
1014 46.3901374278
1015 58.5205379018
1016 55.9335628132
1017 50.7799500692
1018 52.8360381617
1019 50.8546673872
1020 59.0531215305
1021 51.9213288734
1022 58.3479136148
1023 54.0754012675
1024 51.8671118157
1025 48.9114611448
1026 49.8055277457
1027 50.9873968745
1028 61.1859454492
1029 52.6849830264
1030 47.8103987981
1031 59.559483366
1032 44.5242616333
1033 50.0147275237
1034 44.7778588602
1035 40.6083115776
1036 49.833874187
1037 45.7316337614
1038 45.3812856584
1039 57.5788793985
1040 44.8854986129
1041 49.6220042251
1042 43.7328666233
1043 46.2686051493
1044 45.1935221929
1045 44.0989690435
1046 48.0505382436
1047 47.6802126694
1048 50.2555913322
1049 41.5129876182
1050 38.6077589564
1051 47.3079238641
1052 69.4888168566
1053 43.1685338461
1054 40.3696327846
1055 53.1404932983
1056 53.6830350869
1057 45.1585752633
1058 51.9357018623
1059 51.2655816627
1060 40.8947693134
1061 49.5950547068
1062 50.4592946714
1063 43.784813145
1064 47.9028692743
1065 57.9026679454
1066 46.4855291416
1067 48.9554585299
1068 56.2759641536
1069 52.8505123018
1070 45.0882238335
1071 44.5230293966
1072 46.3853781181
1073 47.2395181906
1074 49.2190549409
1075 44.1670744477
1076 44.5098225837
1077 44.2737970624
1078 44.7171412768
1079 64.3885650603
1080 46.7335022664
1081 54.816851913
1082 44.2973754355
1083 51.2530547332
1084 47.1910251598
1085 42.6838710145
1086 51.3935951516
1087 45.845426187
1088 42.1302811738
1089 46.4285625886
1090 41.1768970154
1091 45.175536131
1092 48.1852785171
1093 45.3665155816
1094 49.379899342
1095 44.7555515714
1096 47.6743281636
1097 50.6140749781
1098 47.3348260291
1099 43.6611970173
1100 56.0130558909
1101 45.701245407
1102 49.1966772088
1103 47.6478964645
1104 49.5846104375
1105 53.9222326743
1106 42.7632222546
1107 46.0165745325
1108 47.1162621984
1109 48.4405853723
1110 45.0845282831
1111 47.8897027643
1112 47.2888804717
1113 48.4549604804
1114 48.5989033668
1115 48.2643021025
1116 56.9984915041
1117 45.3797682477
1118 45.6471773366
1119 45.106389215
1120 48.6912593522
1121 39.6854176194
1122 49.610602779
1123 47.4095321061
1124 52.3197821825
1125 47.2690669494
1126 42.8580716475
1127 56.7385303029
1128 71.6932973936
1129 48.5396708133
1130 47.5863212568
1131 42.0135996705
1132 42.0441998328
1133 46.9714304004
1134 49.0055028713
1135 47.5885338962
1136 49.3190280815
1137 49.5838066728
1138 45.3026778169
1139 47.6188497253
1140 46.4358361205
1141 45.7418822367
1142 73.4001102254
1143 53.5822611739
1144 55.4028388511
1145 44.8090540737
1146 45.2866986735
1147 51.33583674
1148 49.1313396796
1149 55.4298837973
1150 41.611502474
1151 48.5818549256
1152 53.6342251209
1153 43.8776398375
1154 47.0341290666
1155 48.2076834516
1156 52.0839008143
1157 52.6518012095
1158 45.5649272679
1159 44.6991763287
1160 60.940276261
1161 47.9856974292
1162 45.4147497329
1163 47.663811918
1164 46.3302728327
1165 45.0695120144
1166 51.1176919178
1167 49.0076854291
1168 49.0747654551
1169 53.0118889253
1170 63.1218954452
1171 50.3539403266
1172 41.0443766393
1173 46.1108898076
1174 50.5662206414
1175 58.8743911929
1176 45.9208234895
1177 52.4430178705
1178 48.3818154664
1179 61.2500923467
1180 58.2461736322
1181 59.6013589666
1182 48.753995777
1183 48.5634801576
1184 48.6243792619
1185 49.7135423855
1186 49.104621899
1187 47.4609719335
1188 48.1400790974
1189 55.1867604787
1190 47.7668344738
1191 56.2600552384
1192 48.2955796964
1193 50.272958106
1194 53.6205356485
1195 54.3120049219
1196 52.0797544911
1197 48.7247297333
1198 51.5632818436
1199 54.622459056
1200 69.3286088328
1201 53.8294911184
1202 40.3331299604
1203 41.3336978569
1204 49.5344797618
1205 64.0447943468
1206 45.3035268311
1207 51.4267968001
1208 43.3581900176
1209 56.0364574762
1210 53.9934295785
1211 53.4211253943
1212 51.9046631075
1213 47.0086393269
1214 57.3551786786
1215 51.9597082154
1216 49.505776913
1217 71.4489819887
1218 45.812188103
1219 70.7547011948
1220 53.3739371098
1221 48.0390036939
1222 49.0133700674
1223 47.1513231603
1224 51.2736752827
1225 46.7445882485
1226 51.5586529222
1227 54.6835635023
1228 60.0747547612
1229 49.4877122213
1230 54.6242692251
1231 48.5133376235
1232 52.2361224678
1233 40.9545495619
1234 51.2045797528
1235 67.7801646964
1236 53.9090478376
1237 48.4967135337
1238 54.2490464402
1239 50.5778999972
1240 51.974483518
1241 45.8688540364
1242 49.1305496544
1243 48.3312711509
1244 48.8658304443
1245 46.4988776129
1246 63.3345292001
1247 41.6099868039
1248 48.2243414863
1249 47.3970763376
1250 45.5810244006
1251 47.8679086564
1252 48.0845093248
1253 46.1019200535
1254 45.6041244673
1255 57.7504694708
1256 53.6905727699
1257 47.4990536696
1258 55.446344462
1259 55.0488735731
1260 65.4119726945
1261 68.4514554052
1262 52.9871445981
1263 45.0963184225
1264 52.5507833718
1265 49.3900522379
1266 41.6326350957
1267 52.6605408736
1268 47.0537095736
1269 53.4122797353
1270 59.9279744374
1271 49.3269519197
1272 54.1535943118
1273 45.9875713571
1274 49.5040249888
1275 51.318945836
1276 59.1591820009
1277 49.7568910353
1278 44.8457780187
1279 58.0626835645
1280 50.6069198784
1281 46.1557833293
1282 48.0104939695
1283 45.0317944739
1284 52.3645342955
1285 66.8601764867
1286 54.0126803905
1287 47.0144178202
1288 45.1098610732
1289 49.2548281086
1290 45.4295948345
1291 73.4649422103
1292 43.1228416424
1293 64.9397069275
1294 45.6407945693
1295 54.9701178593
1296 51.9397782149
1297 41.2397058788
1298 56.9454864006
1299 52.5982432612
1300 50.5203703678
1301 56.1545747863
1302 48.1810348929
1303 85.2797677571
1304 55.5498129611
1305 47.17924807
1306 47.0610450252
1307 41.9799274554
1308 48.8599929299
1309 48.1463987923
1310 50.652641442
1311 42.1638551755
1312 59.8993440821
1313 54.1812437037
1314 46.7455302988
1315 61.1785652938
1316 62.1612752655
1317 60.4112197742
1318 50.4326375441
1319 75.0173715718
1320 50.6438331238
1321 51.2098953384
1322 51.1875351905
1323 40.5290114431
1324 63.0190087713
1325 51.058386041
1326 55.6912397828
1327 55.4345616873
1328 59.4156318079
1329 48.7747847695
1330 50.8314775291
1331 51.105946799
1332 51.8722603314
1333 56.0422734706
1334 52.4729659896
1335 47.4581583927
1336 50.3633612877
1337 48.5641592419
1338 42.5446592134
1339 50.0909695219
1340 56.4688698525
1341 47.9541692875
1342 48.3428789803
1343 43.4552210124
1344 52.0027735754
1345 50.1391897616
1346 54.7446331123
1347 55.6618592993
1348 52.2039906953
1349 59.3386408211
1350 50.8160655287
1351 47.946766567
1352 50.3326480651
1353 52.3945105028
1354 60.6052951227
1355 53.2268036031
1356 67.6472758635
1357 46.7583111175
1358 55.6853007201
1359 51.6355931315
1360 46.947759649
1361 59.1886571445
1362 53.2500873284
1363 49.6165319604
1364 49.3712671728
1365 59.295815539
1366 47.2034718389
1367 48.0804210949
1368 49.0954041841
1369 45.6994406749
1370 59.2943815802
1371 49.8514614112
1372 47.2831034354
1373 66.742704286
1374 49.4990772979
1375 48.0783147913
1376 13.5578215922
1377 52.6522001728
1378 48.9711057285
1379 45.8461101401
1380 46.1011322447
1381 41.0624682888
1382 51.4474469264
1383 52.6868788231
1384 43.3190883658
1385 46.7486090346
1386 47.4473144259
1387 48.7564406889
1388 47.3587212799
1389 43.3226339442
1390 44.8878432899
1391 45.7148924648
1392 51.4735928948
1393 41.3338799567
1394 50.3118830575
1395 47.3540279849
1396 49.2982896387
1397 50.1083130087
1398 53.8436406899
1399 39.9200023744
1400 40.1928351827
1401 45.8651580958
1402 48.0407700519
1403 39.4530032955
1404 47.498605858
1405 53.5070077185
1406 47.0787877231
1407 54.5881204503
1408 46.6294248838
1409 46.3967251331
1410 54.7665313138
1411 52.0680216991
1412 54.2861057398
1413 45.9977716604
1414 48.4665573384
1415 55.0274334181
1416 58.452519549
1417 41.4669965086
1418 57.2425871326
1419 48.6171825109
1420 55.2005280456
1421 52.1910813241
1422 43.7774922351
1423 51.8809881353
1424 48.4715840448
1425 47.3510447954
1426 50.272872258
1427 51.9053656297
1428 62.2487274384
1429 52.0947033047
1430 54.9067368199
1431 44.328468186
1432 49.3572106212
1433 50.3980587286
1434 59.0704864786
1435 47.0268899503
1436 48.5812136635
1437 49.5721577951
1438 47.1875089463
1439 54.6609009125
1440 58.3632210636
1441 64.5797649036
1442 48.9111663343
1443 54.8925958974
1444 54.4165615975
1445 52.8423078644
1446 47.1272022608
1447 51.2962623507
1448 45.803123875
1449 49.8450565458
1450 61.4245462893
1451 46.8579606035
1452 82.0575522298
1453 53.7319121335
1454 59.3451201762
1455 57.5770432405
1456 51.1828356073
1457 54.0382599912
1458 50.7207781432
1459 49.7686364874
1460 48.4576660915
1461 49.8600627103
1462 80.7404719567
1463 57.4476038661
1464 52.8355864634
1465 51.8068587994
1466 47.7403881496
1467 46.9063642879
1468 49.876127972
1469 49.8418830739
1470 57.13704049
1471 49.5273379951
1472 57.8460558095
1473 49.9929316243
1474 72.3564582714
1475 50.5201718329
1476 52.2509128511
1477 48.5296627795
1478 47.3364042529
1479 54.20977668
1480 49.7561774975
1481 53.2641236495
1482 55.1497104437
1483 49.6090008838
1484 58.899856549
1485 50.4319151239
1486 49.6862580939
1487 49.7667928854
1488 43.3804952117
1489 40.3036718497
1490 47.4580873854
1491 60.8191831595
1492 53.064745778
1493 44.9933358691
1494 45.2325909117
1495 53.3741500631
1496 48.3085365685
1497 50.9140501109
1498 45.3996499967
1499 41.4224158131
1500 51.4642544367
1501 55.5525414154
1502 51.5666292821
1503 46.8664596923
1504 47.2535819496
1505 40.3274667866
1506 47.4392287362
1507 54.5335600102
1508 47.1181580614
1509 50.6240624821
1510 47.8001970281
1511 36.1187794737
1512 44.4420588901
1513 50.8782978785
1514 49.775497144
1515 56.0274146803
1516 49.3121451566
1517 29.1649367631
1518 45.6751421512
1519 54.095766174
1520 52.2358282916
1521 51.1409828923
1522 41.2954303705
1523 54.6860304384
1524 47.2070107509
1525 49.3134186585
1526 51.9269833077
1527 46.5402280673
1528 37.7771806258
1529 49.4550368587
1530 40.9426462646
1531 62.5494683669
1532 38.1666756207
1533 51.9771547448
1534 51.8466716557
1535 47.8235776811
1536 39.287324423
1537 52.177052258
1538 48.8706812361
1539 43.699953125
1540 51.4595699364
1541 49.6251652661
1542 55.1299642473
1543 49.5769354607
1544 54.0357006894
1545 50.9399009058
1546 52.0539778873
1547 51.1868090332
1548 55.683071105
1549 50.9616003775
1550 51.4959368311
1551 46.4693463841
1552 56.7744788957
1553 69.4030091571
1554 54.7128000741
1555 61.4424286039
1556 45.7221968286
1557 59.4190690641
1558 51.6136953944
1559 50.5070354658
1560 68.4310545254
1561 50.5363927054
1562 56.22389171
1563 56.5989799677
1564 59.87716394
1565 52.353488472
1566 59.7900639353
1567 53.5976451142
1568 50.9343621114
1569 53.2774926681
1570 46.6907302278
1571 52.7226634054
1572 58.9926508909
1573 52.2818154963
1574 50.9243105353
1575 53.3710683655
1576 54.5329321727
1577 53.7327883693
1578 58.4070694321
1579 54.1360668345
1580 52.6707915312
1581 57.118488356
1582 54.659889039
1583 48.4104371118
1584 54.208398221
1585 52.7168806776
1586 51.5373837896
1587 52.4004643864
1588 53.8928181411
1589 54.2486703759
1590 54.5318615398
1591 52.4544320012
1592 67.5221687381
1593 66.1664405368
1594 52.2227735582
1595 51.5278340307
1596 56.3049079049
1597 55.1136684993
1598 58.9404329308
1599 63.9013104447
1600 51.7404330403
1601 58.6292421792
1602 52.390419726
1603 43.4423707338
1604 47.0346687075
1605 47.6440272507
1606 55.3777356803
1607 53.2203742236
1608 49.9390655621
1609 86.2758438394
1610 62.4903191616
1611 54.6138959899
1612 50.7482562806
1613 47.7757150553
1614 49.2386956248
1615 52.7204646825
1616 51.5280823585
1617 81.6891695055
1618 71.3913339222
1619 73.304978265
1620 68.6282821385
1621 46.6666376741
1622 60.0105070705
1623 68.7289994999
1624 64.1969724622
1625 85.7808238798
1626 74.9294269622
1627 55.3496327441
1628 58.1625628968
1629 57.8642643191
1630 85.6016481692
1631 61.2934033143
1632 72.0485750532
1633 70.2916013773
1634 77.8174214782
1635 72.979751479
1636 85.8973407744
1637 70.0248438862
1638 81.496342413
1639 74.4575128327
1640 70.9110947161
1641 77.6836285108
1642 61.7457588583
1643 69.1840822721
1644 72.2220071809
1645 77.2933091719
1646 69.6540786407
1647 90.3381686813
1648 78.3220813036
1649 65.8394904501
1650 68.1309832176
1651 69.4452376679
1652 66.5036909034
1653 88.1493870396
1654 64.2512275394
1655 66.6546721935
1656 86.400921855
1657 73.5018034365
1658 79.2041394026
1659 62.6366756029
1660 68.4613049308
1661 49.866526834
1662 67.528228944
1663 71.5586772215
1664 53.2397425286
1665 68.7483530915
1666 63.2648151232
1667 72.7731325652
1668 81.2483736823
1669 59.0128846828
1670 67.5735175109
1671 85.0015256371
1672 80.6640330103
1673 74.0651676009
1674 80.741162894
1675 62.2558283862
1676 80.1375903661
1677 79.7375504448
1678 42.0353282023
1679 62.2985335871
1680 57.8776923775
1681 64.1575698631
1682 66.922911071
1683 46.1971319655
1684 64.0839978756
1685 58.4643763249
1686 58.0021945663
1687 50.7346863137
1688 59.4106581824
1689 59.0878989281
1690 57.41197388
1691 59.4039058922
1692 60.8051680027
1693 57.8158681676
1694 61.5348263624
1695 62.2747243821
1696 65.4360229922
1697 58.4408572993
1698 58.5681529225
1699 71.1882492337
1700 60.5511994338
1701 52.5076631278
1702 55.9713939052
1703 58.71282733
1704 57.8733322017
1705 65.3038095225
1706 63.541610604
1707 53.1497059669
1708 64.9602356035
1709 69.4401594402
1710 63.3524597435
1711 60.428197226
1712 61.4847858735
1713 60.3140407263
1714 54.9238603841
1715 58.9883359653
1716 60.184346284
1717 58.0314378708
1718 51.6273294661
1719 57.5513557393
1720 29.7717567215
1721 58.8990171732
1722 60.0286334927
1723 72.2179539143
1724 62.5340222071
1725 67.0259471396
1726 61.3075961917
1727 57.8780339982
1728 61.4483216268
1729 61.7893844299
1730 56.4934276649
1731 58.3977530974
1732 45.9545214939
1733 49.3816059167
1734 54.0424438579
1735 55.2980197841
1736 65.2585528111
1737 62.4036323472
1738 55.5369404947
1739 60.6237568658
1740 51.7474619249
1741 56.1967244939
1742 64.792587042
1743 46.4343234432
1744 49.4745719135
1745 47.2924295281
1746 45.5963770697
1747 56.8657771905
1748 55.724728888
1749 56.5188379233
1750 63.3202817098
1751 48.3906387516
1752 39.606138242
1753 46.7309454233
1754 44.929138848
1755 43.193901356
1756 43.9898297719
1757 53.709304879
1758 45.3223292753
1759 45.8357477338
1760 55.0977097424
1761 41.7475369961
1762 55.0039380246
1763 45.4482265246
1764 63.9875754519
1765 38.9083625948
1766 49.4596290806
1767 54.8789570547
1768 48.765835313
1769 48.3458755238
1770 46.2854757021
1771 52.200349353
1772 43.756480822
1773 47.8486058788
1774 58.6600488127
1775 48.4119960077
1776 52.3717928137
1777 44.8980849141
1778 44.7321568154
1779 48.1413194082
1780 49.0488975184
1781 62.9365662153
1782 44.2873369785
1783 43.6414552419
1784 42.0453894076
1785 56.8136266571
1786 57.504670465
1787 50.6265979342
1788 51.546783167
1789 45.7405216948
1790 45.5612192065
1791 48.1987277635
1792 43.2522624996
1793 46.7104490028
1794 58.3868407267
1795 41.4493098708
1796 47.616947922
1797 45.5815306349
1798 46.7903778758
1799 45.2946951817
1800 45.4725330176
1801 42.555767879
1802 53.2248500604
1803 44.6070141358
1804 48.6626920612
1805 48.9887299116
1806 46.942415994
1807 50.1525216518
1808 48.430314538
1809 62.3660197356
1810 51.2762161013
1811 53.6827643213
1812 65.4980489661
1813 63.2226058798
1814 61.2459134589
1815 64.2517617309
1816 57.4554538993
1817 48.8371508462
1818 63.354840792
1819 51.6511718596
1820 50.5944740275
1821 48.5113618074
1822 62.3895609113
1823 52.9694509556
1824 55.6359608435
1825 52.1288144644
1826 50.376479912
1827 53.1332858177
1828 48.9152164357
1829 58.6071077788
1830 49.7788871556
1831 59.1347292758
1832 49.6199306888
1833 50.0923036674
1834 51.2658351702
1835 49.5862853519
1836 42.4475386676
1837 55.2558293294
1838 51.8841537592
1839 60.7981022765
1840 89.4027016891
1841 52.1815683958
1842 50.9532244443
1843 46.6835428211
1844 51.794999686
1845 51.0885574866
1846 53.5278100899
1847 50.1832214734
1848 50.0293117973
1849 49.8045767613
1850 49.6447886483
1851 57.8183890281
1852 57.6763892288
1853 66.2775670108
1854 50.5704586007
1855 53.5238589186
1856 74.0846129554
1857 47.5019223529
1858 59.4130673896
1859 46.8851647211
1860 57.5086795435
1861 50.2656648461
1862 49.895894985
1863 49.3452941166
1864 66.7135443477
1865 58.2994920521
1866 61.3848034369
1867 51.2233206886
1868 56.0667545947
1869 56.4249786718
1870 55.2175312069
1871 59.6101845607
1872 62.8695630487
1873 38.8333382907
1874 44.3257296467
1875 44.9999779087
1876 51.3927335328
1877 51.3365243361
1878 48.4185889741
1879 49.6547659396
1880 48.739701489
1881 44.8677073545
1882 49.1242361865
1883 39.6233518269
1884 44.6022698618
1885 59.1359479807
1886 53.1177869952
1887 38.7893214926
1888 38.3995499534
1889 50.3124800233
1890 47.6600477799
1891 44.9555533065
1892 53.7682164007
1893 48.2818366019
1894 37.098635222
1895 46.5218222443
1896 51.2638742561
1897 45.5354434291
1898 54.6179358646
1899 42.7325220825
1900 66.6419321046
1901 54.0642124585
1902 52.6273636194
1903 38.6468434895
1904 50.1749000323
1905 47.2977004251
1906 48.261786201
1907 52.7398830416
1908 57.8980660571
1909 50.2198910125
1910 55.0838701707
1911 53.0926698996
1912 46.4600422082
1913 46.543437048
1914 79.1376755469
1915 48.3787059425
1916 43.6002285607
1917 46.2256537477
1918 45.0518820483
1919 44.9920805164
1920 44.7124555375
1921 45.9115733403
1922 42.1216894122
1923 45.3651020724
1924 41.0131294127
1925 59.1108970467
1926 47.5758498876
1927 40.5923600478
1928 39.7140193847
1929 45.9140736505
1930 43.4490859562
1931 49.2176866878
1932 46.1687974048
1933 49.7145993831
1934 48.5655120108
1935 46.3992428833
1936 54.6429192994
1937 42.3008196862
1938 59.7591618597
1939 55.5269710204
1940 52.9083967493
1941 48.8674339676
1942 21.4173581
1943 48.961924018
1944 52.4683686251
1945 59.2803502767
1946 63.8326579059
1947 55.791406047
1948 53.8796245005
1949 47.8912043648
1950 49.928464393
1951 65.6476564099
1952 48.5054530593
1953 48.3989677173
1954 69.9800084632
1955 44.8138233433
1956 48.6723394334
1957 46.9968263823
1958 60.3733726499
1959 55.6813530858
1960 47.6833964808
1961 52.0159731502
1962 58.6787799878
1963 55.5451765946
1964 53.0257846681
1965 60.4769938283
1966 55.0065156421
1967 50.3382344213
1968 50.2989555256
1969 54.0009303166
1970 52.270025371
1971 45.402057407
1972 55.6596244611
1973 56.4047314579
1974 49.4887839316
1975 52.6001699226
1976 50.4372084551
1977 54.1891450705
1978 51.1445600088
1979 61.0346375292
1980 57.0984315658
1981 51.9377416533
1982 56.1349347711
1983 67.3279348649
1984 68.4049582861
1985 49.1467322958
1986 61.2616170642
1987 52.5546389195
1988 55.0984090807
1989 53.9540900428
1990 47.3770031878
1991 49.2710083642
1992 59.1400686014
1993 47.5932277061
1994 47.7629250914
1995 50.1342882543
1996 47.4317153046
1997 47.280369337
1998 46.5681157415
1999 49.2054984832
2000 61.1685496884
2001 50.4462625464
2002 40.8921008484
2003 55.554803004
2004 51.0460036211
2005 51.4381237771
2006 36.8977560059
2007 53.9131369107
2008 53.8025230079
2009 68.4166278235
2010 53.7720008118
2011 46.047843428
2012 50.3851778859
2013 59.9519691885
2014 53.502875645
2015 57.871921238
2016 60.0100773598
2017 71.4390652834
2018 53.8202223133
2019 55.8649608082
2020 53.8047749266
2021 47.1791263221
2022 63.1705019413
2023 51.7301123134
2024 55.7054750451
2025 53.7042854076
2026 50.1727088766
2027 49.3360098791
2028 61.0807995849
2029 46.4582889907
2030 58.2790328368
2031 33.4994149503
2032 60.4449880529
2033 52.5021174969
2034 51.3116525889
2035 57.4219765625
2036 56.5518882024
2037 54.7821287125
2038 56.47102647
2039 59.6285488006
2040 41.78682857
2041 55.5448024302
2042 53.6506938374
2043 60.4202991162
2044 55.1181766214
2045 53.6152575812
2046 59.6940658024
2047 48.8084326583
2048 43.66082249
2049 56.4006768541
2050 51.6726289113
2051 53.6667140034
2052 50.5806839871
2053 54.3579737289
2054 45.865319979
2055 51.1811292679
2056 53.0928451921
2057 55.954356968
2058 61.1355161187
2059 50.93179722
2060 53.465721003
2061 48.8140206531
2062 67.3187893735
2063 47.9664750657
2064 67.6665153782
2065 39.8976323639
2066 45.9534557611
2067 52.3719612475
2068 68.4819870808
2069 53.700196356
2070 51.8427341295
2071 45.9142314276
2072 54.5190120894
2073 60.2364710455
2074 58.3547244215
2075 55.5556133554
2076 53.5411709041
2077 52.8800338454
2078 55.7475771522
2079 51.0220155752
2080 78.3421452954
2081 58.3000933238
2082 54.3825085027
2083 52.5058626158
2084 56.0054944465
2085 50.5149183716
2086 50.3758117805
2087 54.2291931608
2088 55.660359611
2089 45.760588538
2090 56.3739159665
2091 50.9353323172
2092 47.0911470176
2093 53.6703686714
2094 52.5148930308
2095 53.528984753
2096 48.0876709209
2097 53.9408120637
2098 56.9521683544
2099 64.3204362703
2100 62.6146009657
2101 56.2715590154
2102 54.5134975847
2103 51.2406963351
2104 50.7834683106
2105 52.6898377305
2106 54.7387024687
2107 57.1137445993
2108 48.572435129
2109 53.2940226561
2110 54.4330361574
2111 57.8208626562
2112 64.9712614686
2113 52.7504221409
2114 61.6877837604
2115 55.9913455567
2116 56.8485953597
2117 52.4563226106
2118 59.8055428349
2119 54.5008247788
2120 63.202694524
2121 45.9022051847
2122 41.9203669213
2123 50.028372854
2124 48.1171950179
2125 49.9405213717
2126 29.1552471805
2127 59.5968188302
2128 40.5964480433
2129 58.1725200304
2130 43.4811431616
2131 56.6301316951
2132 56.2833717443
2133 45.363138303
2134 58.6465305012
2135 51.2729891567
2136 59.5683367986
2137 43.6015032033
2138 50.5854103707
2139 49.8135131024
2140 45.2347193569
2141 47.4862115897
2142 52.1321250252
2143 58.8022776808
2144 47.5022983194
2145 53.451872048
2146 49.3239284084
2147 42.4522924429
2148 48.6332526371
2149 49.3795606532
2150 43.7184200004
2151 56.285198813
2152 52.416366251
2153 46.191400728
2154 56.6621701148
2155 68.529459915
2156 48.8997187907
2157 48.3526770896
2158 58.6059037698
2159 50.3637077652
2160 48.1354649492
2161 49.9003360748
2162 54.6841781771
2163 60.9324723641
2164 55.0030712791
2165 58.1589539969
2166 46.5676791828
2167 57.6435933976
2168 50.0190537764
2169 46.2589001629
2170 64.5397012115
2171 51.9853765831
2172 50.43604436
2173 50.4212269814
2174 47.5040193184
2175 55.7339562657
2176 54.7427992304
2177 45.0228178279
2178 50.6927765691
2179 44.8968901332
2180 46.8594321745
2181 62.0642706443
2182 50.9131443979
2183 54.270591644
2184 60.9613741645
2185 62.4662364736
2186 44.9272888756
2187 49.5110505237
2188 47.6549782677
2189 54.4317902894
2190 59.5971351674
2191 49.2339370095
2192 46.4643062513
2193 49.8488019849
2194 49.2213107485
2195 51.2567660833
2196 46.741795518
2197 69.141364437
2198 62.5932764536
2199 54.0546786506
2200 58.0691561651
2201 59.2283374337
2202 56.3665672938
2203 67.5574900213
2204 54.5814002823
2205 56.4141102943
2206 54.987686615
2207 60.2584711659
2208 64.2013181688
2209 65.8176451554
2210 60.949877505
2211 55.124058628
2212 54.4055569645
2213 59.9463449213
2214 50.8901311507
2215 54.5181075278
2216 58.9123508681
2217 54.2560388823
2218 56.2443235756
2219 61.9232726939
2220 53.2273046704
2221 56.0898796302
2222 44.6577364303
2223 64.0568541812
2224 54.2454088482
2225 59.5618572848
2226 60.4643464762
2227 51.1986630172
2228 69.9693012381
2229 61.0894630864
2230 56.5098959383
2231 65.6642274384
2232 62.8064998841
2233 61.646908603
2234 52.5462240959
2235 64.0568740738
2236 51.1877320421
2237 54.1937093471
2238 56.8702841782
2239 59.1394726164
2240 64.8281657772
2241 56.6162940436
2242 57.5409893396
2243 55.0557178154
2244 58.5357044412
2245 54.1945274129
2246 55.8418239123
2247 56.6940080124
2248 54.6679340203
2249 56.4281053747
2250 61.0684605746
2251 52.799217456
2252 51.8721387057
2253 55.6123152871
2254 60.2529719486
2255 51.1961914568
2256 61.7129607206
2257 56.977672118
2258 50.2464541844
2259 64.1124268094
2260 70.4849014524
2261 62.9288404566
2262 65.5620769342
2263 52.4475120451
2264 58.4455033092
2265 69.4323365557
2266 51.8577526361
2267 51.455800075
2268 50.9575515105
2269 51.8168077598
2270 51.0632831774
2271 48.5094061759
2272 60.4953891583
2273 52.5705081093
2274 52.7799398327
2275 51.9196409962
2276 44.2857292042
2277 56.9853766782
2278 51.482888215
2279 39.3312308226
2280 52.1599852891
2281 48.3230867889
2282 56.2546334758
2283 51.8009257473
2284 55.5269557643
2285 54.8285172387
2286 54.2529504524
2287 46.9601072815
2288 63.8163681108
2289 54.9579626544
2290 46.6082463784
2291 47.7849638461
2292 51.891864168
2293 51.2003361968
2294 53.3489940331
2295 53.4774961071
2296 53.1231657663
2297 53.3269226568
2298 44.968835563
2299 57.8421978289
2300 56.2798775626
2301 56.9467604693
2302 63.0896054671
2303 59.9223216905
2304 55.9339581658
2305 51.9604160663
2306 52.885575259
2307 51.8477148959
2308 48.8153265624
2309 61.9573070172
2310 54.0108756443
2311 51.5785773983
2312 48.5361392614
2313 54.708457654
2314 52.4234513301
2315 42.6435854162
2316 54.3593961933
2317 56.0423505424
2318 55.3698694617
2319 52.3732799158
2320 56.7257383187
2321 42.4586398901
2322 50.2574077745
2323 42.7936357071
2324 46.4782577653
2325 47.1456844098
2326 45.5376219135
2327 45.5516030215
2328 43.627136373
2329 39.8236074979
2330 50.2598831097
2331 44.3634060048
2332 46.5268551401
2333 44.6167155527
2334 44.9034596203
2335 51.9089169947
2336 51.3086608265
2337 46.8407061561
2338 44.2003910556
2339 44.0113967904
2340 51.8815439502
2341 46.3971563433
2342 40.9516614644
2343 41.3397544201
2344 52.9375681404
2345 43.5576278069
2346 44.2214233006
2347 45.1171193723
2348 44.2042576427
2349 44.3512914403
2350 51.0951179145
2351 43.2370969186
2352 50.3397076191
2353 45.5543731661
2354 41.3239199962
2355 46.417351925
2356 56.3787128561
2357 46.2181647308
2358 55.0782013071
2359 45.6671442913
2360 44.0964447258
2361 53.3182685899
2362 44.0190888957
2363 44.8520617991
2364 48.978631254
2365 43.9372546928
2366 44.8870972121
2367 69.3260089913
2368 46.6624122134
2369 40.3158239625
2370 43.8554619491
2371 42.8781039689
2372 40.7724260522
2373 50.7006597012
2374 46.4222287315
2375 37.4191200183
2376 44.623784586
2377 46.5294071595
2378 42.6854899227
2379 40.8099983915
2380 45.7750206701
2381 44.4008807434
2382 57.134703641
2383 72.1295122963
2384 45.3171419673
2385 44.61063068
2386 45.3075373718
2387 44.127226133
