u s
60 34.4252317324
120 36.9306908266
180 35.5373340207
240 38.1781829531
300 38.9735975584
360 33.1463420922
420 23.7868037382
480 26.1042342503
540 57.3149302169
600 41.9197975292
660 27.3212299054
720 39.6673027231
780 43.5311103402
840 24.7885164133
900 36.4392534804
960 44.8616072176
1020 40.4488118557
1080 26.7108113139
1140 25.0603497532
1200 48.2610611973
1260 38.6244874662
1320 35.8483289587
1380 42.7251292338
1440 46.938312642
1500 24.8889857211
1560 37.005112573
1620 33.3630691748
1680 42.6089756554
1740 24.4780779407
1800 43.6409274343
1860 25.8397591339
