u s
1 60.9265404936
2 65.7188097042
3 55.0738883445
4 60.2445412392
5 58.4673564462
6 49.187525431
7 56.5369499288
8 55.5531430907
9 63.4225343245
10 57.7712505489
11 52.0823939771
12 63.6671430448
13 63.0312821437
14 57.5238183138
15 73.1191951608
16 58.0035397648
17 55.4303479213
18 59.1747477287
19 175.417809366
20 61.8256758526
21 59.2466930792
22 52.9448296162
23 60.7973329776
24 58.5071799945
25 62.7612794555
26 86.9151461117
27 60.9946458047
28 51.1614648751
29 59.0728762322
30 65.602232907
31 62.9924046246
32 76.1195709105
33 56.9025342882
34 64.2159377674
35 51.5421881151
36 65.9056320258
37 74.2666985686
38 57.256302313
39 47.6262329177
40 50.1858082688
41 61.9311456251
42 58.3243419919
43 59.3632193704
44 59.6727012331
45 68.6471521668
46 61.9285990969
47 58.9619632519
48 52.0718334441
49 57.0382369507
50 58.3364553785
51 55.5373306979
52 59.7822433051
53 66.9262630553
54 65.1563531035
55 160.825658532
56 65.1342075148
57 78.4435354417
58 62.450693156
59 58.2782463949
60 61.552103825
61 56.1204251181
62 78.394230787
63 61.7024186368
64 63.5212834714
65 79.7532042135
66 44.7023212938
67 55.2200501434
68 54.578746012
69 129.42283217
70 54.551682141
71 48.891853634
72 54.1139829279
73 56.4680572681
74 62.1653416027
75 60.4445336601
76 58.5415981226
77 55.2176757694
78 53.7018474522
79 55.4091025104
80 57.6920466321
81 50.1083400001
82 55.285033535
83 44.8212356072
84 53.4146349873
85 53.8863110219
86 51.2775159972
87 56.348827668
88 47.0507904394
89 62.2460941363
90 49.6739403615
91 55.8831427957
92 55.098926163
93 64.2850200638
94 59.8557234904
95 45.7656655604
96 49.9415691268
97 57.8228297993
98 145.326638957
99 59.3608713463
100 53.7262219687
101 54.9455096929
102 54.0894033866
103 55.3308616306
104 59.0257315065
105 55.8647288197
106 66.2184098359
107 48.3271045826
108 57.505128694
109 60.0588376569
110 47.6634211751
111 57.6850092073
112 69.4723334259
113 65.4210010598
114 57.8028744667
115 49.9268722745
116 56.3431683742
117 55.1486943164
118 53.1876717513
119 55.2364491728
120 57.3842116084
121 56.4190196815
122 53.0297505793
123 61.0390137645
124 55.7580978534
125 46.4879881289
126 54.9539872013
127 55.8215092555
128 49.0247727856
129 56.9194262466
130 50.0250492656
131 47.8356831853
132 57.7415733203
133 62.1181342291
134 50.6064443389
135 52.8833645601
136 55.4024706439
137 50.5756152028
138 51.671686607
139 51.8538533413
140 55.9433573623
141 61.0699719399
142 48.2657832227
143 56.3229209839
144 51.2339954641
145 54.3468529958
146 56.2514120784
147 46.6624273206
148 50.1919263828
149 58.3158939898
150 51.2691814459
151 56.1321155192
152 49.2437166959
153 49.2313460078
154 46.8463152816
155 59.5732392569
156 49.0661430847
157 51.6176176803
158 50.2475772063
159 49.8287047641
160 51.5367770439
161 48.28976182
162 47.5260842437
163 53.7724602542
164 50.6896621501
165 49.1736359155
166 57.8941169474
167 49.645132178
168 48.2058409252
169 70.8919834885
170 55.0893747952
171 48.6821687172
172 49.1204231391
173 43.7902771082
174 55.6949948507
175 55.7731114809
176 57.7600364237
177 50.8262072264
178 53.3559001976
179 52.0449021323
180 52.8557954079
181 47.9820868518
182 50.2576003393
183 52.2246052599
184 52.0038592181
185 44.0699949338
186 47.9163180929
187 56.5551867019
188 50.7419131849
189 57.6717602427
190 39.4237378594
191 45.4196656156
192 49.3633411826
193 51.2446671346
194 49.6375188397
195 51.3250331041
196 58.8060645572
197 60.9214431587
198 53.7903344978
199 62.9678590191
200 57.0655504625
201 48.6481321597
202 60.2481639737
203 69.0608366421
204 62.9079713565
205 59.8926532565
206 56.3615698588
207 54.5792569214
208 57.6852532815
209 72.7539385196
210 58.3931629862
211 48.8081894583
212 52.6999868524
213 45.4629032684
214 46.018377784
215 52.9153913451
216 45.0657419222
217 58.6542085994
218 64.3701165203
219 58.501932089
220 50.0116276483
221 56.7401965835
222 54.8527371616
223 63.2291422134
224 59.2385349087
225 62.3103465435
226 60.0995110175
227 70.3411064907
228 49.02178535
229 56.4655861479
230 61.907046958
231 75.1925456151
232 55.8136450289
233 181.626051214
234 57.1026608318
235 57.0538394216
236 197.184293436
237 62.1053169301
238 56.9611207974
239 65.5266678522
240 52.4324331469
241 92.325780683
242 60.1805799954
243 58.1267810445
244 56.8809155772
245 63.8332920349
246 58.0903008721
247 65.0896385782
248 50.7758311924
249 58.9047712985
250 88.3552718947
251 57.492237968
252 56.2494263897
253 46.5672587179
254 51.7352032226
255 66.7898404934
256 60.2740180361
257 63.9452365123
258 62.7828618842
259 50.3144101047
260 56.2468868724
261 46.0684899502
262 49.4033020244
263 115.466247854
264 55.3218583007
265 49.3781338106
266 50.8064901016
267 46.8460388604
268 50.8236115314
269 53.4231479181
270 49.6510373257
271 63.1729224097
272 50.2031993712
273 47.5528083937
274 53.6713294518
275 42.8135182041
276 48.6968326857
277 58.4517187018
278 66.3224031859
279 53.5636417484
280 46.6966356297
281 48.1042803994
282 44.2462902405
283 48.2796496038
284 47.5158470107
285 45.8596721151
286 51.5137499843
287 58.5792668115
288 47.1025915793
289 49.7755247778
290 61.3825839858
291 53.7223213132
292 50.5593464111
293 49.8124298836
294 53.7703398571
295 49.9364320108
296 50.6924848585
297 48.870838173
298 53.1166925883
299 45.6614982614
300 51.5889085754
301 49.3720325698
302 51.5348898344
303 47.2878842681
304 48.178233181
305 43.411113536
306 65.1867792102
307 46.7592850404
308 51.5606534743
309 48.9801303822
310 46.8234764663
311 51.073445996
312 43.9591410242
313 44.9478841125
314 45.537296963
315 57.5707104076
316 54.3245373378
317 46.6376136892
318 44.4529882792
319 48.8832799469
320 46.7029695513
321 48.1937155753
322 51.2869635907
323 57.3842461319
324 68.0270431841
325 48.0109799746
326 56.3299249689
327 48.317549559
328 53.1765048954
329 52.8849145383
330 48.2001719064
331 47.3465191157
332 59.1632523754
333 53.8107056676
334 47.7846240334
335 43.3144007141
336 54.7664149164
337 49.2474912807
338 52.0826729668
339 52.0418845726
340 51.704706579
341 66.9903526179
342 47.7447479123
343 48.247887143
344 50.9319655226
345 57.0765135967
346 44.456667206
347 59.0799656169
348 53.7823218828
349 58.2990729483
350 52.1646595983
351 47.7766860494
352 53.6934969552
353 48.4327932064
354 49.1224452077
355 44.8003288162
356 57.1306929883
357 50.037171279
358 49.4422233622
359 48.8426213733
360 49.8192117633
361 46.2446177923
362 59.2197514251
363 49.8570900115
364 62.3076664066
365 48.2814414114
366 48.9873156795
367 63.6550797534
368 49.2492715472
369 44.0925815262
370 108.705782461
371 54.6280493855
372 64.906076667
373 60.8944837005
374 48.6120556921
375 49.6661198803
376 45.9334683562
377 49.7663789817
378 48.0566784989
379 59.0991877875
380 50.0420015263
381 48.4284990019
382 49.9811307893
383 56.0778094334
384 50.0995681273
385 47.9137479594
386 47.4532582204
387 54.2108170864
388 44.3265802482
389 56.8702133278
390 51.6093939851
391 55.9491823243
392 57.243008811
393 48.482449333
394 58.451999439
395 60.1487822363
396 56.9193538778
397 64.6548380068
398 56.8202797934
399 67.0768833644
400 54.9734716137
401 55.3144410999
402 50.8908754443
403 57.3893413532
404 68.4378689938
405 65.4971629413
406 62.0026326759
407 53.3341539183
408 38.805903613
409 57.717502884
410 59.9776436722
411 55.5671742315
412 60.3749580991
413 67.8679303984
414 57.0623183065
415 61.6145233077
416 52.9015316218
417 60.0912445396
418 42.7715208269
419 47.3136645881
420 56.5262714327
421 64.8733336664
422 44.5136824849
423 72.7185279216
424 61.6616138339
425 59.154203019
426 60.1839129095
427 59.8196298652
428 57.5698336886
429 60.6160477168
430 46.0168209511
431 61.9967992328
432 46.5512007298
433 62.5504699613
434 62.4442446317
435 75.6694234671
436 51.6636366288
437 65.9021676088
438 57.3071638181
439 54.4184699979
440 54.6855083684
441 54.3591759704
442 48.0082500918
443 62.2291961275
444 53.4364959017
445 64.7975500255
446 56.4109621939
447 60.0681561658
448 57.2234864121
449 54.958086593
450 64.6212003839
451 56.5113742664
452 56.0326775047
453 65.3176954054
454 89.8987787583
455 48.5526604464
456 54.1365835268
457 60.9193445169
458 48.75329708
459 41.6120265463
460 54.1034077864
461 48.8821261054
462 52.371479474
463 52.9461555048
464 46.2300018663
465 55.7068844276
466 58.4074948063
467 47.4289051732
468 52.3137878029
469 57.0080999882
470 57.5442597409
471 62.648859326
472 56.678915393
473 47.0999009656
474 47.3362184664
475 43.6595216748
476 55.4951787838
477 55.6936638731
478 49.9911992589
479 51.1256919305
480 46.0365999191
481 51.1855958751
482 47.7002906637
483 51.0181279165
484 47.9311212949
485 45.4257756441
486 46.2249560849
487 54.3471170016
488 55.0833136763
489 44.5658419859
490 112.296260543
491 51.267775577
492 47.1189453764
493 54.2115556269
494 50.2858542058
495 53.9782149466
496 49.1487702669
497 53.6240541063
498 59.4230638631
499 44.6950579081
500 53.6060636989
501 47.7653426793
502 47.3498029438
503 50.5461243591
504 48.4391153163
505 56.1738131488
506 56.0683161142
507 46.8920555094
508 50.0312743163
509 46.5553259057
510 50.8522544878
511 46.0847024841
512 49.4438968546
513 49.4280452625
514 63.4606222319
515 57.2454666382
516 49.1733176901
517 47.0790690974
518 48.9590623843
519 46.4398959677
520 53.0515024113
521 50.6880362175
522 46.988191924
523 45.8249732806
524 52.2410294944
525 44.749655502
526 63.8661371231
527 51.5523073187
528 49.4521736748
529 53.2876412695
530 42.8703529735
531 50.1516940068
532 48.8181918011
533 59.5719114417
534 50.508761872
535 44.7097853709
536 55.3300612852
537 50.545346081
538 56.6952580199
539 53.1501553508
540 51.7385219088
541 56.3800626113
542 54.1625228894
543 52.1936882193
544 50.9725165497
545 55.0563799829
546 53.0319114276
547 48.6485748479
548 57.6749559934
549 49.8590309614
550 55.7220639706
551 51.9991728496
552 53.1843931708
553 53.411773318
554 64.5767453097
555 42.0523117841
556 52.6433133701
557 118.379795788
558 53.3606821723
559 55.5304338226
560 58.2105646078
561 54.1666581995
562 128.144290684
563 43.9768510751
564 61.2338863525
565 53.2703391088
566 51.6955724543
567 58.2240500676
568 53.4651977405
569 44.702744954
570 53.0464134866
571 53.5262113355
572 53.5659869006
573 50.2609864083
574 62.4234602978
575 54.7354531771
576 62.7694598257
577 61.6643233653
578 48.8512996444
579 48.5210565252
580 46.4311633855
581 59.7368515121
582 54.9006841562
583 52.5440394407
584 54.0849276864
585 62.2161000141
586 59.4876322307
587 75.3067810427
588 57.0070060791
589 59.4024722608
590 65.3839326475
591 47.669150866
592 53.836688715
593 50.8838862222
594 57.9500579082
595 49.7444833654
596 53.6069897419
597 63.8158942852
598 51.7526005391
599 54.193740315
600 61.8065121787
601 51.6221940339
602 48.7910763993
603 54.045680583
604 52.6042136676
605 55.5675276198
606 45.9309286035
607 61.0821660895
608 54.3263430148
609 60.1062489741
610 110.319106596
611 58.7324138628
612 57.0172288552
613 54.9801151746
614 46.0045669028
615 53.6666933569
616 49.4313109694
617 67.540815166
618 52.3945784781
619 55.6026601943
620 54.4286468103
621 51.7438447273
622 60.0263128493
623 50.7610317048
624 51.092346042
625 52.9341342203
626 51.4113194971
627 48.2507262481
628 51.4367103138
629 50.6354207283
630 49.4522908256
631 57.187246534
632 54.4453200359
633 66.2760306693
634 57.975117954
635 50.4895510132
636 51.6774659753
637 57.9565328211
638 50.808814393
639 54.1994465336
640 52.3552291887
641 48.7373255119
642 58.2975998633
643 51.6174842996
644 52.553513335
645 63.7559746822
646 55.3851120064
647 45.6824827962
648 57.8998358204
649 49.6252262092
650 60.929217608
651 46.2375981765
652 40.3331299604
653 55.8780571502
654 49.9931208354
655 48.8365381718
656 55.1025055061
657 51.6483154195
658 56.4230112537
659 50.0988227617
660 57.2888564996
661 57.6247536484
662 49.104621899
663 56.4590451189
664 48.8769373136
665 53.6292480492
666 50.4594534711
667 63.8255080738
668 52.8137253721
669 52.3476501181
670 45.9208234895
671 50.8547415628
672 55.2095462083
673 51.1476460505
674 41.0443766393
675 51.6166932549
676 49.9763278497
677 51.7764526853
678 50.5662206414
679 48.5294267158
680 49.505776913
681 52.5923655465
682 58.1205552624
683 46.7150117962
684 91.2390132686
685 44.2504046641
686 50.2682833941
687 49.9515965083
688 51.6537715668
689 45.7435361277
690 51.5632818436
691 43.1634342033
692 49.0471344319
693 45.6495369422
694 47.7668344738
695 45.9571693964
696 49.0747654551
697 46.348652107
698 60.3343382806
699 48.8680135604
700 55.0316237558
701 45.6738331663
702 54.6972160091
703 51.3419450914
704 45.3035268311
705 54.5071905829
706 43.3581900176
707 50.9358850682
708 67.7624664113
709 58.2892613967
710 48.9072548421
711 51.8112787601
712 48.9914859712
713 58.2898772431
714 51.9046631075
715 57.815185098
716 51.5529148255
717 60.6015927397
718 59.2461759906
719 68.7960409932
720 54.8973089661
721 63.3818119747
722 53.6171715073
723 53.509530734
724 58.8572121921
725 79.9264772892
726 63.2365314909
727 55.8178614642
728 62.3030290348
729 66.47056593
730 60.2924665323
731 54.4550864457
732 55.3588009212
733 55.1043158327
734 54.0269843841
735 65.2669641619
736 56.3198019135
737 57.0246071086
738 63.125354033
739 63.7650632052
740 60.7572547598
741 59.864256149
742 72.9432215854
743 54.1821379062
744 56.4538993684
745 55.8818445801
746 57.1030007747
747 54.6111449291
748 57.8909811846
749 70.5317022409
750 57.6406574703
751 67.4462716452
752 62.832771998
753 54.5684489819
754 53.7112724345
755 134.290897755
756 57.2809332766
757 51.7464039379
758 71.9948222338
759 55.2513594107
760 53.7527267431
761 63.7000536557
762 61.1466565455
763 55.9945859755
764 55.7105534711
765 60.5944530234
766 55.9268929781
767 60.9974030936
768 69.8613995512
769 59.2037217073
770 54.2234260699
771 64.4196661948
772 52.9642146136
773 63.3148806671
774 55.6872844562
775 61.5443059586
776 53.7035532631
777 55.1641617036
778 61.6554514021
779 61.1741561013
780 51.427507034
781 60.9593379775
782 45.9235924361
783 52.0811432515
784 52.4423766472
785 45.1004416776
786 41.6044511255
787 42.2190740293
788 49.6250017337
789 51.9386320794
790 54.4272250823
791 52.667916105
792 51.5661746412
793 45.600024208
794 47.2807671335
795 50.048632574
796 65.1403490777
797 50.5158563002
798 52.9043195606
799 53.083951483
800 43.9483162563
801 48.5347672676
802 49.58955378
803 49.446488807
804 47.8647833104
805 52.9788029579
806 48.2048433472
807 50.296039162
808 52.1760363213
809 52.4629148386
810 48.0519540584
811 55.101871211
812 73.9870040411
813 54.78766536
814 54.8242988735
815 57.9344978739
816 48.1154547327
817 56.2943829523
818 55.9251730103
819 57.8147498792
820 54.6500885174
821 52.8465726754
822 62.120138891
823 52.4073912458
824 51.1987576384
825 60.3507065342
826 55.5200491948
827 50.0943959146
828 52.4537544137
829 49.0257780552
830 54.2782499664
831 49.6371415559
832 50.1014580476
833 49.1204169716
834 50.2850116567
835 52.7745445788
836 48.927073142
837 48.6075465895
838 52.9971388293
839 54.1199354326
840 55.9122716059
841 61.4580554582
842 48.5503230651
843 51.421435574
844 44.9403900134
845 56.1192538393
846 50.0320600411
847 57.9652211947
848 57.8540493634
849 59.400292447
850 53.3248068857
851 67.6586221809
852 58.6837624711
853 62.3026962053
854 54.4344554429
855 65.4030876266
856 57.2840041145
857 57.4265708773
858 53.0129995874
859 64.2586905385
860 57.4477827835
861 53.8022102084
862 57.7327421345
863 56.0742280394
864 57.6141265313
865 54.1603219252
866 56.2527032076
867 50.0541469163
868 60.2295860003
869 65.1251002399
870 50.4972921765
871 52.0086026293
872 48.9189551575
873 66.2502875348
874 49.3144906288
875 54.2462282176
876 57.7719998268
877 63.269420654
878 56.283641189
879 43.3507127713
880 49.442426916
881 113.905493559
882 58.7986907792
883 67.9690906687
884 55.4186203918
885 53.4033470175
886 46.584287361
887 54.5737087981
888 57.5524558902
889 52.6992955257
890 54.0024874455
891 47.0555119732
892 48.7138601507
893 57.1091062493
894 65.6282024663
895 55.3676666538
896 62.4622515385
897 53.4676555752
898 49.5385011621
899 57.4765934626
900 55.948500939
901 53.5435783721
902 65.7082037188
903 53.239827638
904 52.9783479146
905 59.9470721699
906 60.6381102258
907 57.0291958701
908 56.6720679572
909 67.9501508445
910 48.7880105671
911 53.3658160985
912 63.8980714077
913 55.3172519639
914 51.5333726892
915 43.0202401876
916 60.6648478751
917 54.8205470765
918 53.5791870252
919 86.6137380025
920 56.5245962082
921 53.9728705991
922 52.4831361133
923 49.5495917223
924 61.2655805027
925 51.8314222022
926 51.5372425723
927 53.939142515
928 50.3894768871
929 50.0239664089
930 53.1766824783
931 48.4719443955
932 55.2989285723
933 47.8348000588
934 53.3446234882
935 46.2966941755
936 55.2430351724
937 47.1023134993
938 51.5135699699
939 48.8623124341
940 51.3546366578
941 55.4223410568
942 50.5218697724
943 52.1972569597
944 51.4408264875
945 62.9470169568
946 45.1020636485
947 45.6677673294
948 53.928248005
949 49.6225819852
950 55.3038053409
951 48.6473305748
952 52.2491887254
953 45.6016610778
954 53.150828269
955 56.6908108662
956 49.3013774078
957 62.1761397529
958 47.3349937163
959 49.629752413
960 45.2958481801
961 55.3635250667
962 39.9640848179
963 53.9940836394
964 50.5528208639
965 51.220213058
966 47.9852454974
967 50.511280632
968 50.128350301
969 54.592648901
970 60.6526551647
971 52.458760144
972 53.5900187676
973 54.2519853694
974 50.7095675651
975 48.0673062522
976 43.7426578948
977 47.7973026089
978 45.9045245134
979 49.2169633024
980 38.8661791798
981 45.1918158448
982 42.4578085637
983 41.3791388938
984 42.4703083601
985 46.0465608403
986 38.3881216481
987 40.8444686098
988 43.1633218351
989 52.2898794945
990 51.7054528665
991 50.4004158188
992 44.0381300226
993 57.7584592809
994 44.2888241982
995 39.3282204626
996 37.6509164564
997 49.7230934475
998 40.1698531896
999 45.3258168527
1000 48.9489418717
1001 52.3541736938
1002 54.9032964093
1003 53.4992454866
1004 53.3497662042
1005 46.6312675914
1006 44.1811352116
1007 51.3463553598
1008 47.535123626
1009 45.9589977955
1010 49.9706590078
1011 39.7689043383
1012 43.9513394466
1013 51.255406658
1014 51.3449219228
1015 56.3098020619
1016 45.9460420965
1017 56.400458255
1018 44.8098341807
1019 38.1714077888
1020 42.9315515652
1021 76.3750198543
1022 44.4361252753
1023 48.8594330119
1024 43.1316554449
1025 40.61976995
1026 43.1912906723
1027 47.8428383409
1028 48.4877230364
1029 44.4946184146
1030 45.6584893842
1031 45.8791609122
1032 38.9607760862
1033 45.3913339945
1034 44.1484256256
1035 50.5628903895
1036 51.0962944077
1037 52.9078641002
1038 45.9915328672
1039 51.3067193912
1040 52.2307574485
1041 54.9439639061
1042 65.8236433681
1043 50.6146666004
1044 44.4707711997
1045 54.1100745397
1046 54.6890497651
1047 60.7727407216
1048 46.1457621239
1049 49.0449568297
1050 52.9345579553
1051 57.1263157776
1052 45.6464556495
1053 46.2753115565
1054 63.7075704304
1055 56.4405504596
1056 62.6003249881
1057 48.4018599044
1058 40.776169191
1059 53.2728958773
1060 56.2991940317
1061 61.2653969892
1062 65.5463387947
1063 64.5792157796
1064 49.0955421774
1065 53.8566216267
1066 49.9171655403
1067 48.6742419332
1068 51.7069899806
1069 61.8964436287
1070 60.893843433
1071 53.417919055
1072 54.8143367852
1073 58.5350434298
1074 51.8943573001
1075 86.257912769
1076 47.204038574
1077 52.7496040066
1078 50.1624023024
1079 53.6044291996
1080 54.4239944147
1081 52.5447184991
1082 52.1417640942
1083 55.4149098511
1084 48.482227586
1085 54.2997500143
1086 51.6004461818
1087 55.6824947675
1088 46.3969944649
1089 53.7136141024
1090 50.1618654209
1091 53.8841903291
1092 51.3739642506
1093 58.6848076981
1094 56.4128357997
1095 47.8976173548
1096 58.0612918074
1097 50.9353092673
1098 53.7913377106
1099 44.0630569414
1100 43.0193867851
1101 52.4283325319
1102 50.6753425814
1103 49.9591773289
1104 64.0286234289
1105 51.9406804947
1106 53.4101018391
1107 51.5330475334
1108 55.9698581119
1109 49.8595602844
1110 43.0359257228
1111 50.2544542935
1112 49.969244991
1113 52.5707818023
1114 43.5215958641
1115 55.2068579639
1116 52.617051241
1117 93.6962651942
1118 52.5171174932
1119 45.7121439273
1120 63.2121173089
1121 63.5354810104
1122 54.6266186536
1123 52.9159322136
1124 54.3073644073
1125 43.5532717392
1126 47.8708328107
1127 62.2796731148
1128 49.6185835292
1129 56.2985728845
1130 50.8463411557
1131 49.5449336726
1132 46.0897926595
1133 50.347876238
1134 59.5396379413
1135 48.4928241737
1136 54.6484102418
1137 54.52839962
1138 53.5783984199
1139 64.5496225815
1140 57.3271575076
1141 53.1067244673
1142 47.6138554859
1143 52.8001021729
1144 69.1288993276
1145 66.1017005224
1146 57.5049138412
1147 49.6891558838
1148 63.4440289459
1149 54.1704519441
1150 56.3942586457
1151 50.799196955
1152 50.7109590019
1153 49.8313408228
1154 50.9682449418
1155 46.4339482702
1156 51.0324933194
1157 51.0869905312
1158 48.3784045825
1159 46.6272317033
1160 49.9491559428
1161 51.4763389936
1162 57.6361114653
1163 51.4280190327
1164 53.2180359358
1165 55.6704739909
1166 46.16047412
1167 44.3990105494
1168 49.7515617872
1169 49.4779060081
1170 56.9885201009
1171 43.5824077671
1172 46.3889320716
1173 57.4037338694
1174 49.0756586176
1175 49.7709216223
1176 48.2368425934
1177 52.2502031322
1178 51.0415316899
1179 47.9508356685
1180 47.0283470999
1181 49.6263896029
1182 47.1839144082
1183 41.2052935742
1184 43.1649789257
1185 40.8324088801
1186 38.2049355722
1187 54.4952306507
1188 47.1937958502
1189 51.1428235414
1190 56.6488557435
1191 39.8313571709
1192 54.6320854277
1193 53.5616046216
1194 53.540477595
1195 51.4151084626
1196 38.0043848188
1197 47.4974585078
1198 48.6354351652
1199 53.652325702
1200 50.4189337075
1201 42.5527923935
1202 56.9324317408
1203 56.5957265907
1204 45.8431388423
1205 42.6962717267
1206 47.9643921713
1207 91.410945659
1208 56.5247195029
1209 55.8597199795
1210 46.5851553771
1211 45.8677430906
1212 55.3361099028
1213 50.2328560308
1214 51.7392152653
1215 43.766221488
1216 53.5235838302
1217 50.3076014328
1218 50.1170514702
1219 47.2237308621
1220 51.5148157764
1221 45.6892663133
1222 64.3919445273
1223 46.3725543904
1224 45.2422786275
1225 68.6455730311
1226 40.98221986
1227 61.7475466037
1228 54.1389290614
1229 46.1995877542
1230 51.293528397
1231 61.5709038837
1232 60.5401532379
1233 43.4055809714
1234 57.1373194042
1235 54.735808798
1236 53.8386423218
1237 56.0418765332
1238 70.509953068
1239 54.4615789045
1240 63.2627059638
1241 56.0666402457
1242 52.6314171057
1243 53.4174657133
1244 52.7985405614
1245 59.9725749114
1246 54.3255068161
1247 52.3481926237
1248 55.6516958508
1249 56.4462039175
1250 49.1808957709
1251 55.152036519
1252 56.413530961
1253 51.9055213246
1254 52.208764586
1255 55.0072205073
1256 47.6702324637
1257 51.0042660458
1258 60.7782497789
1259 58.6946299806
1260 140.199879899
1261 60.5272407462
1262 51.4950579876
1263 50.0562390493
1264 58.7795502863
1265 52.7026681261
1266 51.1365747327
1267 57.8741575743
1268 50.9882603613
1269 62.1936916267
1270 61.8957380505
1271 68.2390174904
1272 58.4430315732
1273 50.265579009
1274 52.9371329426
1275 49.9689250234
1276 60.6381387018
1277 60.4525207484
1278 46.7592610806
1279 56.2365180199
1280 54.9195687056
1281 55.8935951719
1282 52.0788739219
1283 50.363071738
1284 57.8530299746
1285 60.6349105234
1286 49.3564901291
1287 49.9315897454
1288 55.6414983441
1289 56.5545454332
1290 53.0318011614
1291 64.4815435133
1292 49.8229854646
1293 59.3546924786
1294 51.7583096618
1295 50.9087330692
1296 72.8502753867
1297 43.2582142613
1298 62.7361405027
1299 50.1936881644
1300 61.6631569752
1301 52.8372654395
1302 48.7641685335
1303 130.514457798
1304 55.9171073158
1305 50.1473609658
1306 48.5422426977
1307 69.5714430291
1308 53.1002146404
1309 52.4288001737
1310 52.3223819362
1311 55.6548049753
1312 62.0908709209
1313 57.1496459973
1314 49.8394186032
1315 59.1891796288
1316 66.8339773478
1317 61.7590378857
1318 52.805923064
1319 57.2571050428
1320 55.8989663095
1321 53.7237300172
1322 55.4037098782
1323 56.0840687948
1324 51.1314042431
1325 53.8537925946
1326 64.0202759029
1327 49.7427303856
1328 55.5512848816
1329 48.330386723
1330 55.1268982939
1331 54.6579212337
1332 44.8337225375
1333 125.619553153
1334 55.1122643055
1335 53.6883576815
1336 53.5522541966
1337 54.772662215
1338 45.9930654049
1339 53.2628595775
1340 60.3358153214
1341 50.8234186035
1342 54.4805192981
1343 43.0270028818
1344 59.0110476885
1345 46.523973924
1346 63.7187616521
1347 58.0125878851
1348 58.4610872681
1349 58.2550012491
1350 55.8480622245
1351 53.2289182001
1352 50.4226453842
1353 53.3837554014
1354 67.3378973729
1355 56.6530280987
1356 55.5868411201
1357 47.734211106
1358 61.3325220076
1359 64.8196205124
1360 52.1762087565
1361 51.3530830419
1362 46.5372592654
1363 51.8539932817
1364 43.9717679183
1365 61.8589355884
1366 55.1523007857
1367 53.7509823511
1368 57.1476158572
1369 45.4712003751
1370 53.4787655933
1371 53.1584134592
1372 51.8201265517
1373 56.4851046603
1374 55.7164477928
1375 51.5255143763
1376 101.902386172
1377 59.5992836992
1378 45.2713889688
1379 50.9949689816
1380 54.6187785955
1381 49.7113996774
1382 58.7130621316
1383 55.2461369675
1384 46.0706302319
1385 51.8982751938
1386 51.8421543616
1387 44.0203273533
1388 54.7118308834
1389 47.8488426767
1390 43.005252744
1391 52.1973953521
1392 54.1268629957
1393 48.6568159897
1394 52.0272440452
1395 52.4899311341
1396 52.3274323859
1397 45.3706409468
1398 55.8059045878
1399 52.1985498097
1400 41.8500077194
1401 55.8662499656
1402 56.2611517333
1403 39.4608491287
1404 50.2456501902
1405 59.2097207052
1406 50.3744660692
1407 53.8157035804
1408 56.0835809528
1409 51.333759587
1410 49.6367171269
1411 70.984780837
1412 55.074168624
1413 52.1632380275
1414 54.3413935398
1415 50.3132661162
1416 60.2507575631
1417 42.9569319296
1418 57.6260600429
1419 46.6546433605
1420 53.3926684384
1421 42.9077908658
1422 51.0531113409
1423 52.631990129
1424 49.1460279305
1425 47.7648581553
1426 51.5177402204
1427 54.4607803938
1428 63.7466139986
1429 54.5162026924
1430 46.6543857172
1431 52.0306657595
1432 49.9436821764
1433 50.2147451072
1434 52.2902222272
1435 49.6944964218
1436 49.9140982373
1437 51.2123753373
1438 47.8466895178
1439 43.9510877049
1440 58.0067688701
1441 56.2235129674
1442 50.0584920042
1443 57.8028786225
1444 48.4911622925
1445 50.9063894728
1446 49.4415247547
1447 54.0499194963
1448 47.6371509708
1449 46.3003566399
1450 59.0402458119
1451 49.3363752344
1452 122.730609475
1453 53.7786609048
1454 62.9579652039
1455 52.2203989266
1456 53.0394385603
1457 53.8841269852
1458 51.8441328966
1459 51.2510135178
1460 50.6178948479
1461 58.6768706272
1462 86.437833263
1463 50.4694844362
1464 44.2677896049
1465 58.474557691
1466 47.4981137641
1467 55.3108882825
1468 47.7966698381
1469 49.4495809307
1470 54.6103645753
1471 45.1591798058
1472 57.6277295697
1473 51.3079597103
1474 87.0345314734
1475 50.9805463852
1476 50.1814911423
1477 46.0993991735
1478 47.8747176909
1479 53.7947041443
1480 46.536399354
1481 54.8729702321
1482 56.1738984908
1483 53.0314752689
1484 56.3458128944
1485 52.0004457482
1486 54.3812084775
1487 53.6782120155
1488 42.1775558938
1489 44.5493948008
1490 54.2942202812
1491 49.3289366294
1492 47.2821800847
1493 48.4915076391
1494 44.9890134146
1495 57.052570145
1496 44.1412845795
1497 48.7934749971
1498 48.3131596538
1499 48.8607124129
1500 50.5450600647
1501 54.8728139843
1502 52.7264646949
1503 50.8830813896
1504 46.6366286578
1505 43.2416182827
1506 58.2425170615
1507 57.5544426399
1508 44.8342348835
1509 53.6266517109
1510 48.1118402405
1511 41.8375999432
1512 48.3770114387
1513 46.1974177205
1514 57.4217847146
1515 49.5887074441
1516 48.9195525035
1517 108.976253987
1518 47.2447330488
1519 51.0701151199
1520 57.6882627989
1521 53.1324205758
1522 45.905124919
1523 57.7954423723
1524 49.2119206556
1525 49.1045127989
1526 49.5554850816
1527 47.529180959
1528 43.671114148
1529 57.5235574038
1530 46.5245289677
1531 47.1366029708
1532 41.3046868223
1533 52.9971896639
1534 52.57363986
1535 50.2033909691
1536 54.5889739467
1537 51.6831362414
1538 47.2854512102
1539 50.0621283513
1540 47.5853100083
1541 43.3279625188
1542 40.5937098175
1543 48.8599726305
1544 52.5633152359
1545 50.4956505958
1546 52.8015476474
1547 50.6957483229
1548 54.9977752748
1549 44.5898387147
1550 50.2134424979
1551 51.2944293636
1552 51.9000975684
1553 61.7319115477
1554 54.4531036866
1555 57.8998398596
1556 45.9825127652
1557 55.2223846181
1558 50.881209743
1559 52.5164394372
1560 62.5446673903
1561 52.6493016246
1562 57.3571371754
1563 49.6372473691
1564 59.0770359567
1565 51.7263463379
1566 64.5175965391
1567 53.7753202936
1568 51.4776329799
1569 54.1183367059
1570 45.8948126079
1571 51.6675894205
1572 59.6369100404
1573 47.6911804906
1574 51.3245276831
1575 51.3408588277
1576 55.9118778275
1577 51.6899748751
1578 56.8088754658
1579 62.9453934296
1580 57.4032623054
1581 57.2999202225
1582 46.7935126525
1583 47.0271928499
1584 57.7468806333
1585 52.5459952084
1586 55.3294081231
1587 58.4710862958
1588 51.2455037319
1589 48.4637479846
1590 54.3986528561
1591 50.1467958122
1592 72.2559542848
1593 61.1577551849
1594 55.0751228585
1595 54.4923745407
1596 56.9550316263
1597 58.412411589
1598 61.9699081361
1599 55.2138972594
1600 50.7548377171
1601 64.0115522487
1602 52.2792035948
1603 118.154760988
1604 47.853563543
1605 55.5232984202
1606 56.0611626533
1607 54.1503041659
1608 51.0927614758
1609 132.92999323
1610 64.5494639658
1611 52.8201190288
1612 52.0645324086
1613 54.6438628951
1614 48.1893369802
1615 55.4821160689
1616 51.0872226942
1617 82.7102573878
1618 74.7975562819
1619 75.0752350535
1620 73.4268830177
1621 74.6379518977
1622 59.4570968237
1623 66.1024582941
1624 69.2106349597
1625 76.6018557361
1626 69.3961688778
1627 48.9507380079
1628 57.7725062043
1629 57.9375357127
1630 84.6293175606
1631 61.0247756698
1632 65.2156691232
1633 63.3932607664
1634 75.6257875329
1635 69.4578811358
1636 78.5254143556
1637 69.5101283688
1638 79.5700270055
1639 76.7713703466
1640 75.2633844938
1641 79.4128031139
1642 64.8057370984
1643 73.9346404658
1644 74.5124800871
1645 69.0096451937
1646 73.9668042818
1647 87.9628547962
1648 72.7819623148
1649 67.3195895238
1650 66.4854851858
1651 61.2633689314
1652 60.9862329623
1653 89.3997457878
1654 64.9011006482
1655 70.5598659546
1656 85.4915291459
1657 74.1892310892
1658 70.7204242356
1659 59.4152569394
1660 74.209695418
1661 44.399774895
1662 67.3455331452
1663 76.9106543045
1664 63.1620816065
1665 67.5886189834
1666 68.1783240466
1667 78.2952698277
1668 86.3513629995
1669 57.6531720608
1670 75.1539224995
1671 85.0859303445
1672 77.6203097517
1673 74.4366390846
1674 76.9610575557
1675 70.0279759629
1676 81.0743208432
1677 83.6879549614
1678 44.4487817382
1679 55.4885923768
1680 59.9463864857
1681 63.2739222374
1682 65.9304609417
1683 45.5774981985
1684 67.6920203618
1685 59.2285741253
1686 59.935267064
1687 51.0714448251
1688 58.3552402003
1689 59.4696281321
1690 58.9317412029
1691 53.2102757271
1692 60.518270382
1693 64.5654957048
1694 60.3463162865
1695 60.7711290695
1696 61.3361486817
1697 57.0216101981
1698 55.0709852216
1699 65.0186935617
1700 56.9812242056
1701 47.5416586964
1702 56.02400134
1703 57.9576423953
1704 59.7053455167
1705 66.9500441266
1706 62.7557226215
1707 57.5862566528
1708 62.6908988029
1709 69.4099568484
1710 60.3445452407
1711 60.6830239435
1712 62.2789036492
1713 58.898782426
1714 49.9480985668
1715 59.741248168
1716 59.9048234309
1717 59.8940301439
1718 60.5076768131
1719 58.7345535622
1720 87.8158497213
1721 59.8065747568
1722 61.8056827039
1723 74.5820192619
1724 61.2997749581
1725 69.2793790297
1726 57.0515738049
1727 59.1313558849
1728 60.8387549799
1729 59.468431977
1730 52.0053386374
1731 49.6252610531
1732 58.2134605732
1733 49.6590378995
1734 54.7277697841
1735 52.7984425713
1736 58.9957015089
1737 60.2873891316
1738 54.6167632092
1739 59.7825075088
1740 56.718797565
1741 53.3766319312
1742 57.7007661393
1743 47.0626819939
1744 55.2626660728
1745 51.3554928941
1746 50.2839680987
1747 46.6513685539
1748 46.1136462065
1749 59.1309502919
1750 56.6318231601
1751 47.8182499668
1752 42.2646970843
1753 51.3753029264
1754 51.0390791182
1755 48.9143767607
1756 49.3585708898
1757 48.7223639897
1758 48.7033241543
1759 49.782976901
1760 55.6889305426
1761 44.0510685497
1762 53.7943809622
1763 52.6804899787
1764 120.036725467
1765 44.652293702
1766 51.549861238
1767 56.1809586951
1768 46.9256358368
1769 46.6064429524
1770 66.3842022583
1771 50.1445868824
1772 47.4625952457
1773 50.0561149018
1774 50.3421006051
1775 52.1724006194
1776 45.4801626307
1777 49.8124755034
1778 50.5299777016
1779 52.1400676259
1780 55.1971183701
1781 52.9164663211
1782 50.6570093289
1783 49.946963522
1784 54.7204070128
1785 52.8740995695
1786 56.3824832678
1787 55.2079526544
1788 54.0122502218
1789 51.3898038738
1790 47.3452742779
1791 51.7688898622
1792 48.4341042849
1793 51.6045366412
1794 53.9964406316
1795 44.7085521862
1796 47.7073054588
1797 50.9445595453
1798 56.1002102897
1799 52.0480805013
1800 49.2256245783
1801 48.4564807528
1802 55.0846452948
1803 47.1778274737
1804 50.9003410286
1805 54.0470603558
1806 46.5887681639
1807 57.3265676538
1808 50.4675517411
1809 59.3251922601
1810 55.8343688135
1811 51.316779435
1812 65.2020557735
1813 61.3217596558
1814 52.7999319305
1815 54.0720847443
1816 53.4596145461
1817 49.7284565605
1818 54.2626925517
1819 49.1919035958
1820 49.9064693305
1821 51.9626125132
1822 60.6719514384
1823 48.3012603158
1824 48.0029512099
1825 51.6175042029
1826 54.2619665688
1827 50.5901610745
1828 48.8617402368
1829 63.654356404
1830 51.262738325
1831 55.0625803816
1832 49.3285715915
1833 48.4641876623
1834 50.4347954309
1835 50.1713164187
1836 120.358786525
1837 59.8286722017
1838 50.0895021106
1839 45.5134064403
1840 145.669179597
1841 45.5032502353
1842 49.8988234245
1843 49.0439098625
1844 49.386519031
1845 51.6005614407
1846 48.2309300855
1847 50.4863679233
1848 49.3421031618
1849 50.2983252182
1850 49.2771567718
1851 59.3731660484
1852 47.8610200212
1853 66.8331757528
1854 49.4476812083
1855 50.6614940928
1856 65.3548956554
1857 45.7073411117
1858 51.6999997325
1859 49.9723535186
1860 52.2270325459
1861 50.6184698042
1862 55.6236891065
1863 48.945981
1864 53.3178687447
1865 55.9228507608
1866 57.7620031928
1867 50.3959036181
1868 56.5915949553
1869 51.8871476893
1870 52.2221472989
1871 57.4621437685
1872 54.209602092
1873 41.1276559984
1874 51.8056291507
1875 54.5341760583
1876 54.0713265531
1877 61.399571343
1878 54.6228717123
1879 52.3313605229
1880 51.9356936435
1881 50.4863754811
1882 52.8278107602
1883 60.5171310765
1884 60.4922742468
1885 55.3820953424
1886 54.6106945507
1887 43.2586794604
1888 48.7197120481
1889 56.0540584639
1890 49.7875730581
1891 44.3028986971
1892 58.4653519937
1893 47.1639474423
1894 51.5572265054
1895 51.9679994063
1896 58.8167874221
1897 47.770154824
1898 59.8998233374
1899 49.0268032141
1900 49.1408900808
1901 57.2124920215
1902 52.3799099252
1903 46.3592940986
1904 45.1533870151
1905 62.3280251966
1906 53.5770370173
1907 57.4758074242
1908 71.3616425698
1909 50.1081901193
1910 58.2647457333
1911 51.5496726283
1912 46.9880838538
1913 43.5626881594
1914 123.900445348
1915 56.0172616862
1916 48.4955419919
1917 59.686266721
1918 64.8392192522
1919 49.9651644704
1920 47.5902063469
1921 51.450298954
1922 53.0194721874
1923 44.2946777928
1924 48.4514429753
1925 103.318880086
1926 54.5878997974
1927 55.8767603393
1928 50.1530306274
1929 51.945769699
1930 53.629546478
1931 49.5094626887
1932 54.1665174298
1933 53.0766149823
1934 45.3960462712
1935 45.6188717127
1936 59.4953699115
1937 49.0447705266
1938 56.378541271
1939 49.9954200355
1940 50.0541492207
1941 47.0875134575
1942 82.8414512708
1943 47.5308813964
1944 48.6613953351
1945 56.4273930411
1946 50.0529989207
1947 49.483164219
1948 48.543435756
1949 44.8649689419
1950 47.4259163098
1951 50.0250603375
1952 46.701922058
1953 44.8600260806
1954 61.2426805992
1955 41.9944301362
1956 48.8408414845
1957 45.2556494242
1958 49.7093874698
1959 58.9558866805
1960 40.2732848866
1961 45.8707221281
1962 45.3973943468
1963 45.2850405446
1964 45.5528301842
1965 48.8469626961
1966 47.7416560797
1967 49.8251474226
1968 51.6608633429
1969 59.2359631324
1970 43.9227908634
1971 45.2675275295
1972 50.9152198684
1973 45.6069064465
1974 46.0403809483
1975 49.9120863556
1976 48.7306402357
1977 46.606145558
1978 50.2126682617
1979 55.6524953251
1980 50.2655096818
1981 44.2642719654
1982 46.6400399708
1983 48.6154040943
1984 55.6054609187
1985 40.8349381432
1986 57.6826238516
1987 60.1034642309
1988 51.61740319
1989 53.1851037293
1990 46.0694600568
1991 51.2027139513
1992 60.9641268214
1993 41.1037812185
1994 45.509439314
1995 50.4009305329
1996 40.2077338583
1997 46.4811868202
1998 41.9400431688
1999 38.7239322112
2000 57.4625958134
2001 51.1938019076
2002 52.012119625
2003 55.7618284676
2004 49.9905923795
2005 58.7910864617
2006 41.0660882145
2007 54.4493177718
2008 54.9801891109
2009 66.39665555
2010 50.7077114737
2011 47.1785608236
2012 56.7759279623
2013 56.3163403261
2014 61.7164036825
2015 62.2649860287
2016 56.5619253933
2017 62.8920495936
2018 52.2410699306
2019 49.4583785246
2020 51.4814683862
2021 48.0142846202
2022 63.8927368404
2023 57.3374616197
2024 53.5145178223
2025 60.1821125466
2026 52.488019273
2027 48.7286159696
2028 60.0403846191
2029 43.8463557548
2030 56.7279155235
2031 98.0880366697
2032 56.9240314435
2033 53.3570101944
2034 45.3160263695
2035 54.5997102251
2036 57.8314728056
2037 57.3880802178
2038 61.8492083093
2039 56.5142986197
2040 48.6689984502
2041 52.4309340902
2042 49.0015309281
2043 63.9634460487
2044 52.33432026
2045 55.0081566428
2046 62.8049482745
2047 61.4177587216
2048 40.260789011
2049 53.5324565693
2050 51.4249481556
2051 54.5677871518
2052 43.0440687934
2053 61.8950731774
2054 58.226773229
2055 53.2858106476
2056 57.1661496318
2057 58.9606703818
2058 56.7845894603
2059 51.3484690333
2060 51.4733345329
2061 52.5653354285
2062 71.2679963316
2063 44.6603383398
2064 68.5810696612
2065 38.966696246
2066 50.198290899
2067 50.2185046978
2068 71.583433067
2069 58.7674584606
2070 48.7569650674
2071 50.3350350733
2072 66.5551774382
2073 58.922414644
2074 57.153923307
2075 54.3095178806
2076 56.5768625222
2077 55.6020228197
2078 55.5018008686
2079 48.1257851065
2080 69.7462092089
2081 56.486909182
2082 50.4345090087
2083 61.4888748523
2084 57.8438667173
2085 56.7490569169
2086 46.6419747334
2087 54.9393739733
2088 56.6039844185
2089 56.9807407984
2090 62.5882782761
2091 56.836806594
2092 51.4455830909
2093 62.628650362
2094 47.92062566
2095 56.8177224913
2096 51.9440421342
2097 62.2559520564
2098 61.832453629
2099 69.3220533285
2100 64.6589666914
2101 58.4691200819
2102 63.1308180867
2103 51.06499551
2104 57.2244034515
2105 56.9203972943
2106 56.9874070917
2107 61.2859433753
2108 50.7898449878
2109 46.3395080968
2110 55.4098761415
2111 64.5976806859
2112 62.0281645014
2113 58.5711958437
2114 61.2267899516
2115 60.2034350825
2116 57.856091053
2117 57.273622915
2118 59.8174259026
2119 54.5398914392
2120 63.2273432019
2121 47.4789592114
2122 42.2596646433
2123 48.4298959646
2124 52.9178410478
2125 47.0437048582
2126 92.0184701105
2127 59.9286772889
2128 44.401517952
2129 60.0407176635
2130 41.0304546464
2131 55.6619926155
2132 56.0570335446
2133 44.1842711202
2134 51.4810860204
2135 58.8156137719
2136 52.5467235217
2137 114.075103556
2138 50.6593846364
2139 58.170250601
2140 49.1748234255
2141 57.534547614
2142 55.1532668259
2143 59.59742179
2144 56.2603093166
2145 47.440003208
2146 55.7119876411
2147 55.1762883526
2148 54.5595147013
2149 57.5226000559
2150 40.4700601803
2151 55.593540213
2152 56.5897034138
2153 44.599257327
2154 60.1309292002
2155 59.8102513588
2156 55.0028297126
2157 55.9571230577
2158 60.374000421
2159 61.9342205738
2160 55.4808445201
2161 51.7833936047
2162 59.3369784739
2163 63.9519413805
2164 62.9303105367
2165 66.720417713
2166 53.2686749683
2167 61.0521921055
2168 51.4349978243
2169 53.3273825163
2170 61.9288193946
2171 52.0862281063
2172 56.2316786503
2173 44.51026043
2174 54.2964238256
2175 65.6039597056
2176 72.0383641531
2177 42.9983358286
2178 45.5623412316
2179 50.6273934193
2180 45.9946487124
2181 66.2828548391
2182 56.7437961679
2183 48.0973288592
2184 62.7246191722
2185 57.2527057864
2186 51.6201326985
2187 47.7733500003
2188 55.2974223888
2189 65.6857162337
2190 64.5898634712
2191 50.6858258929
2192 52.2926174433
2193 55.3062849394
2194 50.0042328137
2195 52.8056342711
2196 52.4227863719
2197 62.4978144997
2198 52.49269789
2199 54.1053542301
2200 55.9596476904
2201 53.5729909495
2202 59.797279059
2203 61.8487467367
2204 53.7210306779
2205 53.0178937733
2206 52.665389762
2207 59.5718327249
2208 72.3694193553
2209 57.2527781874
2210 62.6516595697
2211 48.8354520771
2212 53.5356508981
2213 59.7685543548
2214 51.0328867041
2215 52.3674039975
2216 58.6028518208
2217 51.61756234
2218 55.4523075434
2219 54.6897513434
2220 51.7512320344
2221 54.5953024637
2222 118.642392177
2223 68.8459879811
2224 52.5427852789
2225 57.3208616295
2226 56.5129276354
2227 51.7149212024
2228 54.7359269269
2229 65.1824567229
2230 52.501764369
2231 58.688520925
2232 54.9720622619
2233 58.2024752839
2234 50.2368529939
2235 61.8960075744
2236 50.649137317
2237 53.4463744305
2238 55.7597735101
2239 51.7906422556
2240 62.992835693
2241 60.9944882989
2242 62.7459544146
2243 54.6615419753
2244 54.6800432694
2245 52.6903285254
2246 52.074213034
2247 61.7310683259
2248 51.9545698094
2249 53.0156261412
2250 58.289606198
2251 52.3156308557
2252 50.668003182
2253 57.5636219723
2254 53.2101336205
2255 52.0677086377
2256 55.424854522
2257 60.1617301761
2258 45.7517216655
2259 52.7345423513
2260 51.62026826
2261 55.9133429326
2262 60.4267788139
2263 48.8362662174
2264 54.2247354099
2265 51.8714542741
2266 47.8603454305
2267 46.4487803875
2268 49.6442801027
2269 52.0874288148
2270 50.4170444335
2271 54.4986906411
2272 64.2308436431
2273 54.0502936592
2274 50.547035969
2275 46.3175204355
2276 43.4074848633
2277 57.5279966126
2278 53.1073063678
2279 79.5748981927
2280 46.8834447506
2281 63.4925495248
2282 54.8594916845
2283 49.1454627717
2284 61.3002164424
2285 50.4970743628
2286 49.2850648226
2287 55.0760875064
2288 64.3413354872
2289 57.9743983051
2290 46.7510514627
2291 46.085384372
2292 44.1702998578
2293 50.2747603413
2294 48.4880090545
2295 52.739876282
2296 60.2995935712
2297 46.7483835163
2298 48.275053386
2299 56.5425115346
2300 52.7510937399
2301 58.7845033867
2302 62.0179304833
2303 66.2228317624
2304 52.4425907013
2305 51.4265231921
2306 50.2122652275
2307 48.7108589206
2308 47.5509127386
2309 55.7104775896
2310 49.8470190237
2311 44.1217102449
2312 49.0185850865
2313 56.4956302503
2314 50.5779686714
2315 42.2018826434
2316 50.4957292212
2317 50.8466941004
2318 59.9128631649
2319 48.1079880284
2320 57.1809297489
2321 49.7562824831
2322 47.777841868
2323 50.8693340104
2324 54.7151778441
2325 49.0569153773
2326 48.1211163563
2327 67.7735058826
2328 46.3259053404
2329 39.9826230509
2330 48.7212898495
2331 47.5565977716
2332 50.7258115959
2333 48.2744555063
2334 52.6835019082
2335 44.8607500039
2336 57.2782837001
2337 48.9926201697
2338 49.9667599316
2339 44.0687535793
2340 52.1260913644
2341 45.1779866778
2342 47.2013572833
2343 50.0027942146
2344 52.4772955434
2345 49.2160256007
2346 44.6987907271
2347 53.2401378045
2348 47.4128580419
2349 45.3499014059
2350 57.7968263806
2351 46.909068511
2352 52.2846155332
2353 46.3402794954
2354 48.831655349
2355 45.3708751179
2356 56.823829892
2357 57.8279477495
2358 49.160612254
2359 48.9483757972
2360 45.4854590126
2361 54.5418329616
2362 49.0464921064
2363 44.6942044107
2364 51.0319370765
2365 45.0849290008
2366 49.0247355538
2367 58.8272297863
2368 46.3159841331
2369 43.0652341027
2370 45.7940940302
2371 46.547630984
2372 42.4641155877
2373 56.1964087099
2374 52.3900679864
2375 53.3977055744
2376 45.9048416572
2377 47.5204536931
2378 49.147555151
2379 48.2027494773
2380 53.1466690786
2381 44.4376071468
2382 60.7880474344
2383 92.8307191078
2384 48.1223928505
2385 51.0209334259
2386 50.8756373749
2387 45.9957215704
