u s
60 34.480660316
120 27.5927708931
180 32.7418402995
240 37.5358112582
300 33.9320150518
360 32.7877925788
420 26.9493119795
480 42.8120501538
540 34.1173820467
600 32.6538461079
660 36.1648472575
720 38.4804165179
780 42.061987363
840 60.5238147225
900 34.8426708925
960 38.4632151025
1020 24.8648539342
1080 31.4159885009
1140 40.8680720152
1200 38.6972935488
1260 97.0027498034
1320 44.9781800744
1380 25.6354430538
1440 24.3066502419
1500 31.8224790471
1560 40.116223955
1620 26.3024326588
1680 43.1404720902
1740 31.3423256264
1800 48.6412322461
1860 42.5823115864
1920 23.618839701
