u s
1 62.8723016029
2 63.234763529
3 53.9696761038
4 55.1632249176
5 57.4250422994
6 60.1295468517
7 57.7577081439
8 49.8937901692
9 65.2687229396
10 56.4766196811
11 56.601500521
12 64.1879522209
13 59.208001373
14 57.972546949
15 65.7458878617
16 54.9166638951
17 48.4063263217
18 51.6220038085
19 162.865593136
20 60.4212133839
21 56.2201042519
22 49.5436026853
23 58.0424248494
24 57.6611651123
25 60.4495007954
26 70.3428550612
27 60.1101148157
28 54.776495025
29 63.3765842101
30 57.0434142128
31 56.4452452662
32 70.2117912233
33 55.4243964925
34 59.981964586
35 47.9967402706
36 63.5285089582
37 71.998037705
38 55.8874062891
39 56.2438915474
40 57.9835250157
41 61.4790212923
42 54.4949928938
43 54.1828755076
44 58.5110652185
45 69.4373875178
46 61.9538226952
47 56.4076405792
48 49.4759086674
49 61.8193115465
50 54.533053122
51 52.9704472642
52 57.6336704426
53 61.4975796726
54 64.4679179772
55 158.309168731
56 60.9462211778
57 75.451549311
58 59.8618998914
59 55.5123449131
60 55.9772334659
61 53.7168230705
62 77.2342992803
63 55.6214853721
64 62.8122426902
65 80.3946440997
66 41.8734340876
67 50.7711692682
68 49.4337041392
69 32.3327701009
70 51.5834509411
71 50.0394935366
72 45.229775823
73 57.2491093838
74 62.5253476119
75 56.677738188
76 54.1565542971
77 48.6008681739
78 50.8727486768
79 55.2388964634
80 51.4654997398
81 46.2000115352
82 50.122571308
83 49.4202724309
84 48.8424879893
85 41.235420729
86 47.4206413111
87 53.1976597641
88 46.7850792621
89 58.2296594281
90 44.5360924227
91 50.3758835911
92 49.8095807351
93 49.5699429329
94 55.9431857856
95 50.989600785
96 47.4565204635
97 46.3405558151
98 60.6048876333
99 50.8496689246
100 48.4708189884
101 49.9503705241
102 53.7794000715
103 49.0840784667
104 53.9325885661
105 49.6688633531
106 53.6381040071
107 44.1773751122
108 56.3585683903
109 55.4159501542
110 42.880133926
111 53.4317027331
112 71.8711289776
113 54.5041618954
114 53.8914074421
115 50.4666852827
116 53.3150111326
117 50.6347523717
118 55.9310252462
119 49.4126458653
120 52.4493383012
121 51.5940358866
122 54.4263496072
123 54.5095239007
124 49.1933280284
125 50.0283099626
126 50.2566563336
127 48.3446790026
128 43.3953972128
129 49.6624844009
130 47.8240735344
131 47.3411692946
132 51.328879996
133 62.057791523
134 46.068478718
135 57.1546627683
136 48.0342808748
137 48.7843108775
138 52.7705016527
139 55.0964653927
140 57.0206076136
141 49.8117970923
142 49.2136094433
143 60.6415567126
144 48.8409956608
145 54.7918671519
146 57.0156200737
147 55.0469146652
148 54.8667473701
149 69.6991357123
150 51.9468692192
151 54.3768530106
152 50.1848584681
153 49.6764178594
154 49.7427556525
155 65.0415813409
156 45.7694580509
157 49.2501746496
158 53.750016785
159 52.5073009651
160 53.1864820858
161 50.6766362413
162 51.8771449996
163 52.3876235497
164 52.5112300222
165 48.9062987773
166 48.3719546798
167 48.5557532177
168 49.2565138261
169 70.9928561832
170 53.6872044622
171 50.1921266469
172 50.6611240174
173 47.17214335
174 48.0540000914
175 59.7632735304
176 56.633815193
177 51.2387908414
178 53.3377371528
179 52.5382350593
180 59.284559351
181 46.9968065621
182 54.3797773862
183 58.5876143184
184 56.9808692343
185 45.812426597
186 46.673414591
187 54.1839636589
188 53.225516094
189 47.0189951345
190 54.4372358427
191 47.0620270296
192 47.3808837358
193 56.4319789877
194 50.3243803609
195 50.6111266363
196 63.0500305167
197 58.7470286228
198 54.282453165
199 69.6235850893
200 59.2877032356
201 48.9059128459
202 58.2808575602
203 66.6446186886
204 61.0775022558
205 61.038903394
206 53.9105225186
207 51.8357886929
208 59.3422294333
209 68.5824678293
210 65.558660282
211 48.6405006544
212 48.2017160556
213 50.8535171865
214 49.9086226532
215 47.9120132245
216 49.9606270094
217 61.222958023
218 65.117032259
219 58.960460293
220 52.766350401
221 58.6060230702
222 56.9224072884
223 64.8538992142
224 57.9969474838
225 65.8990206073
226 64.8881531285
227 52.3573064135
228 47.2383267754
229 55.4858759903
230 63.7199950422
231 70.0437038725
232 59.6878891554
233 179.473737346
234 58.0066091506
235 59.9206233573
236 195.660366642
237 62.9703732703
238 58.4517389742
239 60.9187036923
240 49.1074640969
241 58.4013753516
242 60.486585474
243 56.5010812228
244 58.2649159138
245 52.7410374506
246 60.3355541374
247 64.9391328773
248 50.6403681038
249 58.9968187597
250 59.8389639577
251 58.616517176
252 57.7300608273
253 47.5638673452
254 51.99868189
255 65.3099215489
256 61.8766258409
257 65.3895456744
258 64.9828870785
259 42.4959417452
260 60.5451644335
261 49.9105534367
262 55.9700162931
263 48.685316981
264 46.419363919
265 52.0183801295
266 49.1736824166
267 48.5199913373
268 52.784654546
269 52.0255846242
270 50.0618748895
271 52.6842076221
272 50.6806715527
273 48.0541381145
274 46.6496586352
275 47.6495181664
276 51.0267669805
277 51.3121865486
278 60.9041193243
279 50.0885123472
280 47.8567173691
281 47.1814660845
282 44.9533864824
283 43.3474812062
284 60.4027103862
285 42.1246029558
286 48.725086826
287 48.2553243304
288 48.9767067681
289 57.2008802855
290 57.8044424098
291 47.4931631065
292 50.1788067965
293 48.0361441581
294 48.0692078295
295 42.9011367652
296 51.0247212187
297 49.946778089
298 55.6491661543
299 45.256665844
300 53.7876848155
301 47.303628735
302 48.7350987441
303 49.3955812084
304 49.2494181191
305 43.7245378815
306 49.131445588
307 54.8855787171
308 56.3318119395
309 50.7854952626
310 48.4877483599
311 52.3143289697
312 41.3615195008
313 46.903606438
314 46.4054558699
315 53.4072566471
316 52.0310656473
317 49.0455591473
318 50.5279139941
319 48.2451547324
320 44.9299562225
321 46.4177454213
322 44.1537178082
323 49.2769074811
324 76.2814406111
325 52.0599257404
326 67.6653951427
327 57.1509551186
328 52.6990541249
329 50.0396968192
330 55.3463902896
331 50.9224012391
332 48.7612463146
333 61.4434570405
334 55.0897042207
335 53.4123049019
336 66.4074165813
337 53.6119769888
338 52.9857906357
339 52.4980397291
340 45.961479291
341 52.6124551907
342 49.0955258088
343 55.5863617138
344 56.2249584634
345 49.821123996
346 45.4696346363
347 59.8780690912
348 57.3291397003
349 53.0648130902
350 54.0764512964
351 54.7658510327
352 48.8604097409
353 54.7781297166
354 53.3586769327
355 47.773323928
356 59.7949291294
357 48.1342187435
358 56.7180618314
359 54.6121659942
360 58.0730861352
361 51.2542716185
362 57.0035879918
363 59.3924954135
364 53.2921406425
365 56.0968176787
366 49.4042071116
367 59.0711219375
368 59.7901089747
369 46.8598815315
370 21.8479951177
371 52.9375617052
372 76.427850075
373 53.5586493432
374 48.1829564453
375 53.8487826502
376 47.6089356601
377 60.5630556038
378 48.9989591099
379 68.5709041968
380 55.5123534991
381 54.857967496
382 58.0565830791
383 59.4315820188
384 53.3237652722
385 53.1657357939
386 51.6617581688
387 50.9096191244
388 43.2750196153
389 54.8991576901
390 59.6351544948
391 57.5457847629
392 51.6217104526
393 55.2908583139
394 57.4200166398
395 56.0536449278
396 59.9839880829
397 69.4822286676
398 62.063832297
399 60.3562566383
400 58.0109730953
401 57.7075320266
402 51.1222404648
403 62.7518661969
404 63.2218627817
405 61.9890132765
406 58.5911697619
407 51.1199333489
408 43.5295909735
409 59.3383350517
410 63.7493715351
411 58.071842668
412 59.7059513717
413 66.7914953777
414 59.0269632129
415 52.1109602785
416 61.2627291476
417 62.8790658549
418 44.4782955053
419 54.0508625987
420 58.5422859591
421 69.6049457049
422 45.3771103543
423 70.7999463024
424 64.0020389854
425 55.3616618545
426 58.4979246178
427 63.104615206
428 59.9778812021
429 58.8251953442
430 48.2515460615
431 52.6342030254
432 51.7270757688
433 62.1641318618
434 57.9989760824
435 67.7062007709
436 53.0439895749
437 57.4777460394
438 53.9861716874
439 48.2590409562
440 56.6292411833
441 60.448921189
442 46.1434976964
443 62.0017053135
444 47.1105789852
445 54.8887847898
446 57.3936664444
447 63.4398931836
448 60.1318537447
449 53.8694153983
450 63.6928852422
451 59.239063756
452 54.7865625241
453 69.5273617956
454 30.609739082
455 51.8346498238
456 54.0456330365
457 75.240204512
458 48.4683458214
459 44.5191523807
460 62.0384220555
461 45.9496156302
462 52.4962586409
463 55.2328396688
464 43.1920378537
465 54.3044779641
466 47.3442005956
467 49.0872364174
468 55.1468040176
469 45.1136733704
470 56.7193591786
471 50.5202222077
472 56.1689972749
473 46.8109608738
474 50.903595799
475 42.7867893431
476 56.3973871816
477 60.9810321237
478 49.7377386734
479 53.3677869146
480 42.0035881158
481 51.4351254231
482 48.4395047251
483 45.4304920727
484 49.3348378334
485 49.347691124
486 42.5740747962
487 42.4759569471
488 47.0071150538
489 42.229243506
490 20.7843434819
491 57.2215687545
492 48.9215450583
493 48.8833363664
494 50.1470340504
495 50.0672048547
496 49.1078288142
497 44.6458145344
498 47.1336900621
499 50.9685696097
500 52.5393209345
501 54.5994144598
502 50.1624864811
503 49.6517644258
504 49.1029062423
505 48.1958799651
506 47.9314941559
507 47.8882569357
508 49.8418836975
509 50.3200676192
510 52.2370974896
511 46.1259481547
512 49.8113469089
513 51.5339482518
514 48.6101518737
515 52.3968767497
516 43.5504366482
517 48.8454072311
518 46.6211838877
519 57.9229406032
520 52.2928732449
521 44.8362978627
522 50.6367587573
523 52.4986446466
524 50.4597615481
525 43.585729475
526 56.2076647665
527 54.8874929324
528 51.7337617264
529 53.2643754483
530 50.9668817837
531 50.5659692824
532 48.5284858037
533 53.2241753439
534 45.6181029117
535 48.4770450777
536 48.0735991614
537 51.3285762702
538 47.7791494619
539 48.988878534
540 48.8980967016
541 48.7716987985
542 51.0888788775
543 49.5729704777
544 50.4660399418
545 46.2507568674
546 46.9241703851
547 53.5476762605
548 46.5694581652
549 53.727448284
550 48.2222809668
551 47.6294176424
552 50.5840476591
553 51.8242346635
554 56.9575552611
555 41.1359205984
556 55.7982391598
557 50.1241109241
558 45.9922234992
559 51.4112876534
560 49.3354084769
561 55.322541033
562 58.1403256545
563 52.258733946
564 58.9456892566
565 45.6157207209
566 50.2498421742
567 50.7500380984
568 51.5415039274
569 43.2065698597
570 55.6293174244
571 49.4885847108
572 47.0053639826
573 44.3295498681
574 70.2854368609
575 49.7319530333
576 53.4656144483
577 49.4490259086
578 48.9786003034
579 48.9495388755
580 55.812898329
581 45.9507566713
582 54.6281253162
583 43.6916334603
584 49.6302600908
585 52.493719685
586 55.558615718
587 80.1092862738
588 57.0307763826
589 59.3369480649
590 52.3996174967
591 47.6978868681
592 50.344792431
593 50.6965953152
594 56.6160201686
595 50.0447829115
596 44.8206154333
597 58.762639955
598 46.9315525982
599 57.2828183099
600 64.0570727681
601 51.6992164281
602 45.6929899176
603 45.1761519929
604 54.1116850106
605 55.2487811899
606 52.2624602035
607 57.7976460503
608 59.4660237092
609 61.4526629366
610 20.0763618895
611 52.9755243965
612 45.3462256395
613 54.5668714374
614 44.6983424217
615 52.1590066239
616 57.3960916801
617 59.2713896605
618 53.1348130621
619 52.3835681637
620 47.2347288606
621 51.6095620906
622 60.0486388769
623 52.4572028467
624 52.2855605425
625 54.8194766195
626 43.7186609977
627 41.3087130295
628 49.4219377997
629 47.2955295064
630 50.9300252938
631 63.4306642292
632 53.0345681406
633 56.3032805632
634 43.5750114646
635 43.4010269787
636 50.8187684006
637 54.8134891463
638 49.7946025597
639 50.0070540008
640 48.791424077
641 50.5891025531
642 60.1546330776
643 54.5677526841
644 51.2098942848
645 46.7180945177
646 52.4457861263
647 41.4605768985
648 58.5082894894
649 48.8204563658
650 51.1549263471
651 39.0809257749
652 40.3274667866
653 53.5689752135
654 51.1868090332
655 45.1382813803
656 56.5076957208
657 44.9709500283
658 54.5335600102
659 39.4923357062
660 43.699953125
661 58.5372781133
662 50.8782978785
663 40.8065461738
664 47.8235776811
665 47.7603985949
666 44.9933358691
667 58.9788945184
668 54.1954225951
669 52.00660768
670 40.3036718497
671 50.2577472709
672 54.095766174
673 51.8436629713
674 46.4693463841
675 45.6942094148
676 52.177052258
677 45.2001973662
678 49.6251652661
679 51.2578684052
680 49.8633329111
681 53.80617149
682 51.1409828923
683 49.3726153949
684 29.1649367631
685 36.759790824
686 53.4596568931
687 50.4447902023
688 52.3979600933
689 47.7188388762
690 41.4224158131
691 44.0650096837
692 50.7169181849
693 44.7642588407
694 49.3134186585
695 44.1922682611
696 54.6860304384
697 47.6481729589
698 58.6418827637
699 48.5941752601
700 60.8191831595
701 38.5365778345
702 60.2495585259
703 47.1064135368
704 46.5402280673
705 40.9232259011
706 36.1187794737
707 52.5911993736
708 59.3820207482
709 42.9082529821
710 49.9657980763
711 51.345692351
712 51.1000339748
713 42.204874932
714 49.4550368587
715 64.3329443869
716 49.6758514344
717 52.1753190217
718 63.5049179287
719 58.1625445379
720 56.4684557028
721 64.9550556746
722 53.3831495065
723 49.4281489456
724 60.2880567452
725 80.0880407907
726 64.9633232706
727 53.792598663
728 63.0145400985
729 60.2134292363
730 54.1671354965
731 56.7335282978
732 50.1975371003
733 54.0257774758
734 55.2164952639
735 60.9304896074
736 55.9319903308
737 54.1617385518
738 61.4467702649
739 54.687521455
740 58.6399259238
741 60.9963881712
742 62.4036551353
743 54.9826955929
744 57.5535783474
745 60.6391445523
746 56.9986421589
747 57.1064164859
748 60.5571162052
749 56.7900126278
750 53.1046486358
751 65.3817358095
752 64.3888653158
753 54.9615929358
754 55.5245381599
755 36.3653970558
756 52.566901539
757 51.8587729272
758 66.6852229562
759 56.8330529762
760 54.9780089457
761 58.9469156455
762 60.7832184379
763 55.5137015666
764 56.6920880269
765 58.1521147833
766 54.1557357565
767 57.2226225191
768 62.575070457
769 55.1412003185
770 58.6787893581
771 55.2540242351
772 51.9058351091
773 61.7041811804
774 54.7077419934
775 57.962595788
776 49.5967709659
777 54.2954120961
778 61.1820338912
779 57.0971802628
780 48.3316308624
781 44.9534469169
782 47.2226729604
783 55.599226427
784 58.3794066454
785 41.2889357646
786 50.8696906306
787 44.7385349528
788 51.3604407369
789 49.4378673688
790 53.5325783614
791 53.715796087
792 52.9223372896
793 39.9627275827
794 40.877120759
795 48.7686533278
796 56.5011258021
797 51.2177979007
798 48.3376295775
799 52.5190218232
800 47.4447818662
801 48.8250307422
802 49.4038899956
803 44.5263158061
804 42.8620657694
805 51.503861677
806 50.0867699625
807 52.8480980514
808 50.1716003665
809 52.1190281995
810 43.9266101061
811 49.2393185628
812 65.6216108691
813 60.3830565978
814 45.4859348903
815 53.9759216795
816 52.7148918497
817 49.9003315516
818 52.4821417921
819 46.1987313904
820 43.891107674
821 41.0821462254
822 53.67656051
823 59.2104127652
824 49.5396309452
825 59.6315237556
826 60.0372951864
827 51.1422245699
828 54.2901625903
829 49.3486488388
830 46.4905655997
831 50.5704945244
832 50.6566717897
833 45.4728339291
834 53.139107113
835 43.9723028893
836 50.8180694994
837 49.8888250496
838 56.308541526
839 55.2357606418
840 49.2896267968
841 60.9011673459
842 50.1879440278
843 49.068655343
844 38.9004650911
845 55.8853204874
846 51.392971757
847 54.7409196783
848 54.7748493173
849 59.0822721421
850 50.6294030791
851 67.3270477235
852 62.5453331588
853 66.3788695424
854 51.2989058543
855 54.5650986653
856 53.4642707125
857 52.8125391698
858 44.8076359692
859 56.0261815916
860 55.9444095763
861 50.8344902216
862 52.3304493443
863 53.530393423
864 53.5826577984
865 52.498046807
866 56.1262409791
867 48.073798988
868 58.6964380316
869 58.0789193234
870 58.1790950257
871 47.0299842195
872 53.8250623226
873 72.5906368253
874 42.219587628
875 48.7552076845
876 55.5037193832
877 59.5473329025
878 51.9937952083
879 54.113394161
880 44.0299036016
881 52.1884702566
882 51.741491044
883 57.61971316
884 55.2805312477
885 50.7738003816
886 49.9192433553
887 52.8147393762
888 51.0563475632
889 44.7870988191
890 51.1899457497
891 52.867223556
892 44.9694713977
893 49.7133353679
894 56.3309913314
895 56.8556292862
896 54.8994963337
897 53.3963148534
898 51.178230223
899 53.6913381084
900 52.4032459619
901 49.4238660766
902 65.230592194
903 51.5170909062
904 54.2578335794
905 52.6299943015
906 59.0586070785
907 52.7961374683
908 52.9843386438
909 56.7107837698
910 45.2359701398
911 51.9896435535
912 56.508879614
913 53.3595426171
914 54.331871151
915 44.6903306436
916 63.1171196215
917 55.0986720564
918 51.5568923631
919 65.7798420744
920 45.733910121
921 50.2705708697
922 54.0576688139
923 48.730696125
924 52.0301986753
925 53.0739857626
926 49.4932660777
927 53.3104409857
928 50.6432989
929 42.4326607897
930 49.8924151731
931 44.312294339
932 52.1644767279
933 53.4103030594
934 53.1848281251
935 38.0880816429
936 45.1823624803
937 44.2786557252
938 51.6753766634
939 52.4194931804
940 53.3791612274
941 47.0972759451
942 52.4407722174
943 55.7061112137
944 54.4378641374
945 55.3625328155
946 43.8391484111
947 44.3506124818
948 53.4443415495
949 48.3743966523
950 60.0636661754
951 51.126115096
952 51.5871440217
953 41.4973966086
954 42.4507183393
955 57.2782696382
956 54.0733131682
957 52.5525207709
958 42.8298771051
959 51.4020485759
960 40.875302727
961 47.882770251
962 49.6630942102
963 61.143234347
964 52.7602216889
965 46.6331744337
966 40.3402706982
967 52.8776284895
968 49.560725188
969 58.732496309
970 50.0770816163
971 52.9661885737
972 50.5761097404
973 54.5134255111
974 50.7496558996
975 55.1349739282
976 49.7957278543
977 55.0318194288
978 53.6069702418
979 57.7764931644
980 47.9088167624
981 52.0965181323
982 51.9917319935
983 46.4150114459
984 50.5543206001
985 53.024669245
986 50.8217610347
987 48.3633670143
988 50.280682771
989 56.7869904711
990 61.865350833
991 62.4498678986
992 48.7773975867
993 62.1461835916
994 54.1586452945
995 47.1770158305
996 45.1575721755
997 56.0330887718
998 42.9522538579
999 54.5843636375
1000 50.2476759063
1001 63.2198730491
1002 57.5113317933
1003 54.3273378028
1004 51.3483949775
1005 55.7441934883
1006 50.5240221569
1007 44.7995595893
1008 53.7220873016
1009 57.147300631
1010 54.0417035273
1011 48.2373735826
1012 45.1380191317
1013 48.093667721
1014 56.700400707
1015 48.4633411369
1016 53.6935586375
1017 56.6121588951
1018 55.4518555924
1019 44.2783136195
1020 50.6531477538
1021 51.3898171371
1022 59.900850062
1023 58.773011338
1024 51.3314982793
1025 56.4134808078
1026 50.4921698253
1027 58.0849716835
1028 51.0071970048
1029 52.1908521696
1030 45.2542446622
1031 50.6801985449
1032 48.2602762902
1033 52.8976899973
1034 52.1941496421
1035 58.9886520524
1036 53.937641052
1037 55.8620305666
1038 54.3840917657
1039 52.5156849024
1040 59.4211106505
1041 56.0382306595
1042 70.1090741906
1043 54.3360316392
1044 51.3256206173
1045 54.8228559106
1046 53.4615190334
1047 65.1916778053
1048 47.5092756352
1049 52.2576336088
1050 56.4407841137
1051 55.5905013462
1052 50.9710751414
1053 44.930864774
1054 65.0153346048
1055 59.3750330308
1056 60.5531313927
1057 52.8146314853
1058 47.5907179744
1059 56.6358664324
1060 56.2594798571
1061 63.3437776526
1062 58.434222828
1063 65.5080355811
1064 50.9069875859
1065 51.4554968898
1066 52.6547356841
1067 50.0150950596
1068 54.1398201399
1069 64.1526510174
1070 58.0830542097
1071 50.6072470478
1072 45.3861400474
1073 61.1892190324
1074 47.6094727111
1075 32.3235295587
1076 48.4616566651
1077 57.2719698303
1078 54.4750160851
1079 49.0828560038
1080 51.951279929
1081 63.7912840879
1082 55.3710358936
1083 62.4286254236
1084 50.4021609265
1085 58.519049039
1086 54.2098170732
1087 54.565996347
1088 44.1531515905
1089 53.7144161366
1090 51.7923050703
1091 56.8077292161
1092 55.1770073577
1093 54.5930362836
1094 56.6699079198
1095 51.1134448732
1096 53.3331779866
1097 48.7133872769
1098 56.3237296528
1099 47.027504698
1100 52.6981566483
1101 53.3095090438
1102 50.3580234819
1103 54.4495426105
1104 52.4043810809
1105 53.7650278035
1106 57.5547691941
1107 52.8700342999
1108 50.8551453454
1109 52.0141037467
1110 48.1539528316
1111 48.1643703082
1112 42.2481086302
1113 52.6238156131
1114 44.6207073226
1115 53.1259705276
1116 55.6604544345
1117 58.016817888
1118 49.8781805559
1119 46.0380083707
1120 58.4037469015
1121 74.5385932645
1122 55.3520194224
1123 51.6187636262
1124 54.8936592384
1125 51.0197744658
1126 46.5206901518
1127 52.9262483794
1128 48.4821256607
1129 47.3073291971
1130 46.9361741881
1131 52.8016384767
1132 40.4620578572
1133 50.1287554724
1134 50.1434835648
1135 50.5984742753
1136 49.937748273
1137 56.0902254713
1138 50.5280018209
1139 57.3006535801
1140 41.2757230203
1141 51.9346045058
1142 44.3844842328
1143 51.2602448351
1144 53.7553932872
1145 61.1674270043
1146 49.8623997406
1147 50.772266972
1148 53.4230145137
1149 50.1262812091
1150 45.8038755108
1151 49.1158005572
1152 52.3133185881
1153 44.4287459267
1154 51.3072981107
1155 44.7868365011
1156 52.6418784257
1157 59.1769978701
1158 48.8958870899
1159 43.9656838448
1160 47.1129216855
1161 50.5007585526
1162 48.9673614901
1163 53.7156492418
1164 50.3624311754
1165 48.0653967688
1166 48.2059009273
1167 47.7101795261
1168 51.3338312488
1169 50.1948433367
1170 59.2050235918
1171 47.0707608892
1172 48.686753516
1173 55.1249700202
1174 49.3018154254
1175 52.4132655068
1176 49.5921045887
1177 58.9029631698
1178 53.1205665003
1179 48.8717833566
1180 49.0669851872
1181 53.4666023727
1182 55.4333331817
1183 45.6729214853
1184 43.115542827
1185 47.7588490035
1186 46.3378433922
1187 59.0387507315
1188 47.6778725554
1189 49.5928903504
1190 55.9262779708
1191 52.854171021
1192 48.8333012581
1193 55.0001498755
1194 50.562468996
1195 51.8606124671
1196 41.4173311878
1197 50.2141687007
1198 48.6931557978
1199 50.221234309
1200 53.3808434145
1201 49.1335327159
1202 54.2812445666
1203 56.1336195903
1204 48.8557548851
1205 44.5484024075
1206 47.2129579527
1207 61.185719863
1208 46.0284881882
1209 50.6068688717
1210 49.9707091037
1211 48.0974909187
1212 55.6143606985
1213 50.8317074116
1214 53.1251669129
1215 49.4115554018
1216 49.2609950598
1217 48.2437940738
1218 46.611626804
1219 47.9123454338
1220 49.4522492288
1221 46.2753196538
1222 62.239373828
1223 48.1651828968
1224 52.8750084583
1225 65.9544598144
1226 44.8052373102
1227 59.3098730248
1228 53.4861658734
1229 48.5572441926
1230 47.4630467822
1231 43.3279625188
1232 50.4861012614
1233 60.0816174433
1234 58.4110739481
1235 51.0701151199
1236 53.3209777391
1237 51.8163216613
1238 42.7686125464
1239 54.1723226761
1240 55.4611560379
1241 44.5493948008
1242 48.921604627
1243 43.2416182827
1244 62.1341954339
1245 50.0621283513
1246 48.4911785772
1247 48.8599726305
1248 49.9896249775
1249 49.1045127989
1250 49.1904248847
1251 56.9112556928
1252 49.2551406094
1253 48.3256642325
1254 44.1985355585
1255 49.6969910712
1256 54.7716266242
1257 49.1599415248
1258 49.6658029848
1259 47.9468003615
1260 54.4977638031
1261 51.2944293636
1262 51.6035350783
1263 44.5898387147
1264 45.3452944942
1265 49.5887074441
1266 55.1082417358
1267 43.3616499858
1268 50.6871452399
1269 48.7934749971
1270 45.7811320132
1271 47.529180959
1272 50.0815724582
1273 41.8375999432
1274 49.8563465378
1275 53.1324205758
1276 49.8131282764
1277 48.0683598155
1278 52.2505581305
1279 51.412470904
1280 46.8242477142
1281 48.4915076391
1282 59.5105170192
1283 48.6833915133
1284 59.5319483392
1285 49.3289366294
1286 47.1355569689
1287 49.9170065506
1288 49.256095014
1289 46.1974177205
1290 49.1624653583
1291 50.0423184974
1292 66.7238840498
1293 47.1366029708
1294 49.2680411242
1295 51.6831362414
1296 58.3812090548
1297 63.6175548661
1298 46.8555859041
1299 55.7621514415
1300 66.9159974761
1301 58.4381233507
1302 54.8530973338
1303 67.572789779
1304 47.9292186125
1305 64.7279914617
1306 52.0275847299
1307 56.1210523252
1308 50.4624593856
1309 53.3508143797
1310 61.5584973085
1311 57.6925488548
1312 54.1210068196
1313 54.1155478662
1314 62.2100944905
1315 51.9910775606
1316 56.6136641766
1317 56.0314484349
1318 54.283948359
1319 54.1076936672
1320 56.0812128753
1321 50.107801852
1322 53.7875694206
1323 49.6463995201
1324 56.9419066069
1325 44.1023521566
1326 65.623776079
1327 49.738911889
1328 47.5991824818
1329 64.944671543
1330 54.5751087223
1331 45.7070012756
1332 51.4001117974
1333 52.4365973883
1334 67.4800409932
1335 62.4824488488
1336 67.7449224726
1337 62.5631497196
1338 53.0334597796
1339 51.0589820746
1340 53.1098221111
1341 55.1924736622
1342 61.0472587612
1343 52.0122045207
1344 67.7346168541
1345 55.6734924434
1346 56.2733900933
1347 55.6076126173
1348 51.2946209657
1349 58.4138069957
1350 65.0582761153
1351 45.1564030915
1352 53.0698973869
1353 56.4737526915
1354 60.1784911696
1355 55.8749865712
1356 64.0914767221
1357 50.8051798949
1358 58.9077317385
1359 53.2918952625
1360 51.2727791898
1361 66.638726275
1362 46.9407724668
1363 66.8232818757
1364 48.2830561684
1365 59.5850676016
1366 53.6981794145
1367 43.8701804499
1368 63.3988616603
1369 48.8771023607
1370 63.6909853489
1371 50.1948265579
1372 50.4162707043
1373 53.2177205043
1374 51.5098683613
1375 48.4822861989
1376 42.8851424777
1377 56.1020544309
1378 55.7429649387
1379 56.8338926158
1380 61.4508352698
1381 56.5994230068
1382 51.8225118942
1383 53.8451978602
1384 58.9918368971
1385 53.5187458323
1386 54.4999127803
1387 54.3582315595
1388 52.6838305163
1389 51.257219505
1390 54.7353726108
1391 69.3918129306
1392 45.6380305136
1393 52.166437393
1394 43.9879005257
1395 59.7040546882
1396 57.3821817134
1397 46.3740926608
1398 37.9638507474
1399 56.3428275931
1400 54.109637163
1401 54.6556609355
1402 52.948673931
1403 44.2904150466
1404 55.5787328397
1405 59.3575871029
1406 51.8087386285
1407 52.6036512216
1408 45.1428932978
1409 47.7651798378
1410 40.6521292562
1411 68.0681729065
1412 56.6128252624
1413 57.5980864287
1414 57.7478998956
1415 49.9090571741
1416 53.1612885537
1417 51.9042720125
1418 54.154336741
1419 61.6088545555
1420 54.6984386086
1421 59.9017628741
1422 49.5617977218
1423 60.2623916123
1424 61.1762900883
1425 53.883955975
1426 52.545192336
1427 48.4490634186
1428 53.9861583098
1429 43.2767663516
1430 53.456982892
1431 52.8559237826
1432 61.0373106531
1433 61.4268398478
1434 49.5583440649
1435 55.381702075
1436 56.276499984
1437 54.8605815837
1438 51.7488744057
1439 56.6069289831
1440 53.3350421056
1441 24.4766197887
1442 46.6765203279
1443 46.2119148577
1444 54.1897254624
1445 53.1207072536
1446 52.6892815042
1447 59.7988339314
1448 54.2504391115
1449 42.1821210917
1450 55.8425164007
1451 53.6930928066
1452 51.2872202304
1453 56.4176009605
1454 51.9613612598
1455 40.4978821997
1456 52.7089466541
1457 49.7854833297
1458 43.5385672274
1459 49.5292234252
1460 54.092023788
1461 55.0487159341
1462 45.4562889039
1463 50.8014616874
1464 53.2768622924
1465 49.4152227575
1466 55.4575269608
1467 53.3227078178
1468 43.2009437102
1469 53.9418343279
1470 61.6284332524
1471 54.2554243038
1472 52.5571948621
1473 53.1521231319
1474 53.3873325321
1475 46.6654663543
1476 63.6812338023
1477 62.029214461
1478 54.4228031071
1479 58.1745168023
1480 44.6882733779
1481 52.374570604
1482 43.1589155829
1483 54.0014375864
1484 47.7030538826
1485 63.7567762867
1486 41.1448199223
1487 53.3431282342
1488 49.5601316621
1489 56.0706421769
1490 50.3362744782
1491 58.2233936414
1492 56.3046377704
1493 76.120219875
1494 57.1487142073
1495 48.2939762611
1496 49.0472379015
1497 53.3093324691
1498 55.0684652483
1499 61.1014548726
1500 54.4247739609
1501 55.9573230424
1502 56.2244090456
1503 53.1830388012
1504 53.4944622547
1505 52.0449177934
1506 58.7131827505
1507 56.7223645376
1508 57.9906584815
1509 50.7617392666
1510 60.1904882792
1511 55.2989351843
1512 57.3483084196
1513 56.6770211374
1514 55.0857936417
1515 60.133692014
1516 54.269932698
1517 62.2016557864
1518 48.9806796086
1519 54.008394735
1520 53.3978575848
1521 56.3609043363
1522 59.7756899392
1523 53.4966093429
1524 56.1918426335
1525 55.3313599879
1526 59.851083063
1527 79.1570559964
1528 49.9667817153
1529 53.3581678933
1530 59.3393206635
1531 50.8453853714
1532 54.8456896492
1533 49.4657270312
1534 55.9180487646
1535 55.2502174693
1536 47.7980275039
1537 56.651604394
1538 56.024373702
1539 82.9631400726
1540 55.1312871051
1541 58.5066367701
1542 46.6290170799
1543 53.0625548733
1544 51.5696412616
1545 47.642145813
1546 62.8151535653
1547 61.7572898868
1548 57.5088375734
1549 53.4812966301
1550 56.6493248547
1551 58.4078096909
1552 58.2102687186
1553 49.091109225
1554 47.6559705371
1555 63.935300825
1556 52.6478701852
1557 57.8785961557
1558 51.1306892207
1559 67.87862662
1560 50.5240335307
1561 53.4442613684
1562 63.2166101491
1563 56.1066363758
1564 58.6794040466
1565 49.5979116053
1566 59.0234574492
1567 53.1119469659
1568 64.52482453
1569 55.2685978018
1570 54.7059392153
1571 53.4885025086
1572 43.656280954
1573 49.6334854137
1574 57.2071850314
1575 47.9081222568
1576 50.5219794957
1577 48.7012728361
1578 54.3902037361
1579 51.7328560435
1580 58.2309868869
1581 60.6031823124
1582 52.5443542159
1583 53.1992251525
1584 42.9161476309
1585 53.8854762509
1586 56.2121719437
1587 53.5514259188
1588 52.3039384118
1589 52.45592912
1590 50.6699040214
1591 55.7124147184
1592 54.6746913688
1593 46.8408164276
1594 76.6706159002
1595 55.8947729859
1596 52.1576048223
1597 53.2197165975
1598 58.2758822692
1599 60.8483713737
1600 65.2170168415
1601 53.8302199671
1602 53.3643708428
1603 59.7919283637
1604 50.0067999546
1605 32.0447720857
1606 43.9212971192
1607 55.9161295623
1608 55.0214107213
1609 53.0259216261
1610 50.226936235
1611 64.1750983169
1612 57.9697663653
1613 52.9051825847
1614 42.8213338575
1615 50.0847545509
1616 45.5160636521
1617 50.5859542205
1618 51.6405313114
1619 78.0126647811
1620 68.0920242677
1621 70.3743339553
1622 70.0554395321
1623 71.356264576
1624 52.0154517007
1625 64.9975137791
1626 64.1562475586
1627 76.0466527373
1628 64.1484743172
1629 58.16124046
1630 55.2330751317
1631 63.9536502803
1632 81.3264318829
1633 57.7839083114
1634 62.023382521
1635 62.5546655722
1636 65.9895479657
1637 64.7128773255
1638 79.6184667428
1639 70.5787631128
1640 78.9866989024
1641 72.2124242627
1642 69.5177093185
1643 73.0355451891
1644 64.0356673058
1645 77.0918118619
1646 68.2693284559
1647 68.1409819665
1648 68.9167647441
1649 79.8136657862
1650 67.0849533843
1651 61.8749056541
1652 63.8544640637
1653 55.9027083013
1654 62.3937614091
1655 84.1244806176
1656 62.7716427289
1657 64.3311630301
1658 85.5248081491
1659 70.2919874966
1660 67.9060728293
1661 59.3953012896
1662 71.0667607283
1663 54.4022250085
1664 63.304600925
1665 74.871957815
1666 63.7186468033
1667 60.5341026582
1668 66.4675473126
1669 69.5989173266
1670 77.2178307982
1671 58.4774310584
1672 75.4891827989
1673 81.6470194591
1674 72.3323573478
1675 74.047488361
1676 77.914273551
1677 65.5703624982
1678 75.7172461621
1679 75.4608101973
1680 52.3374847384
1681 55.0673360104
1682 54.6604245532
1683 62.8125961418
1684 63.1720522666
1685 45.322054311
1686 65.5053248189
1687 57.1729286779
1688 59.9848661742
1689 53.8395329583
1690 55.1090900815
1691 58.3215064278
1692 58.1843514964
1693 55.4020579036
1694 57.7678428363
1695 50.5567993347
1696 64.6806870071
1697 63.1121454822
1698 61.6017887651
1699 58.4273676147
1700 60.4444558312
1701 63.9922654675
1702 60.0971202176
1703 46.7663144609
1704 63.3107964813
1705 57.8199033142
1706 57.8490853724
1707 59.6742902122
1708 62.9259029827
1709 55.3423879419
1710 59.355283797
1711 64.5930504607
1712 59.4250382833
1713 59.7948715558
1714 59.2727785337
1715 61.1109752489
1716 49.7796061378
1717 58.9372998035
1718 64.2193712077
1719 57.7629215037
1720 54.9217455141
1721 59.4152784502
1722 35.3695192553
1723 57.4452642535
1724 61.9670399233
1725 76.4710722562
1726 64.2373311989
1727 62.2665652156
1728 67.6524981473
1729 57.8948286096
1730 58.2007331973
1731 61.511764985
1732 51.7925956807
1733 51.8611943488
1734 56.9279364447
1735 49.2063718522
1736 43.0705948473
1737 54.2681111848
1738 61.812886683
1739 59.5820371359
1740 57.785914671
1741 60.430807544
1742 51.9284375378
1743 49.7468102783
1744 55.9477923953
1745 43.0377595659
1746 50.6113964215
1747 51.5408966995
1748 52.1398307295
1749 45.9372285324
1750 41.8174524748
1751 52.5891739205
1752 49.9186999409
1753 45.3254000139
1754 44.0974376074
1755 50.2360914358
1756 50.4905508035
1757 49.1325495907
1758 50.4416376201
1759 57.9792068273
1760 50.2375486384
1761 50.0793811933
1762 44.5737027865
1763 39.11164533
1764 60.2604546587
1765 50.6059173276
1766 58.2444492082
1767 50.7511299494
1768 46.6361703584
1769 48.6424664838
1770 42.7589800278
1771 46.9964683538
1772 63.8962806985
1773 43.263797058
1774 47.6795382185
1775 49.8140266973
1776 52.7341564718
1777 52.9222159386
1778 40.1995204707
1779 48.1591980893
1780 49.1903900487
1781 50.50113862
1782 52.5512065862
1783 51.7139289419
1784 45.3898905666
1785 49.5450629045
1786 53.2235816884
1787 44.3268004339
1788 60.205691973
1789 53.7656418619
1790 45.023010271
1791 49.2954502887
1792 53.8373587525
1793 51.2841299139
1794 50.0045705971
1795 54.0297030305
1796 54.4397082196
1797 51.4044572475
1798 48.8528250732
1799 52.5855420208
1800 49.4202483291
1801 52.7982420387
1802 48.4547394461
1803 48.3324713451
1804 48.0175416332
1805 41.4510462698
1806 50.6457372659
1807 56.2507517596
1808 45.0821352733
1809 43.3332619156
1810 57.1356500213
1811 65.5902588069
1812 53.3158189285
1813 63.6185543888
1814 58.5840719708
1815 75.3195106426
1816 57.5991392185
1817 58.7245332606
1818 60.6156532426
1819 56.5518520362
1820 59.2378411027
1821 59.9543235003
1822 58.0095025989
1823 54.7417223287
1824 55.2560157361
1825 56.9617283932
1826 53.8494747432
1827 53.706058222
1828 60.174337549
1829 52.0194409042
1830 56.4731477604
1831 48.8373934252
1832 59.6377078121
1833 58.829755173
1834 55.7311056802
1835 55.6507536513
1836 58.6769772036
1837 58.3109945999
1838 28.8458907075
1839 55.2924525616
1840 56.3877748029
1841 49.2159740653
1842 64.4643985991
1843 49.9401623021
1844 59.355759549
1845 53.8714562509
1846 52.2761610401
1847 65.2777739496
1848 61.8286926062
1849 53.3236889933
1850 55.1102806977
1851 59.1467403987
1852 57.4794802877
1853 61.3629670582
1854 57.4166403783
1855 55.5355273255
1856 59.1157740394
1857 58.5199130041
1858 69.7032002959
1859 50.8561608642
1860 57.2790406814
1861 56.4760134889
1862 57.4474388117
1863 59.0216786934
1864 64.5887674909
1865 56.9375538639
1866 59.7748122287
1867 58.8841577489
1868 60.0609437425
1869 59.873638369
1870 56.6277496047
1871 59.0511551459
1872 58.6990234663
1873 65.8248973631
1874 64.206271693
1875 44.8658524635
1876 50.6240443252
1877 44.9987052451
1878 56.9665207403
1879 61.1952919743
1880 55.9455765454
1881 46.5921301021
1882 51.9538849782
1883 51.0079256197
1884 54.6360969732
1885 54.4111473245
1886 61.0501716639
1887 51.4273767882
1888 54.2010276537
1889 43.948910176
1890 53.7034686108
1891 55.5037848842
1892 49.1256282034
1893 46.5247524882
1894 66.8709256029
1895 50.8070635578
1896 51.2977406942
1897 56.4770229241
1898 63.8067839874
1899 46.7033558818
1900 65.0823994807
1901 51.1386919959
1902 50.9119355836
1903 53.5711598132
1904 52.4909080557
1905 41.7904605415
1906 41.5010130461
1907 60.6425068875
1908 53.1538871012
1909 56.8641713559
1910 66.0112386336
1911 47.4639911592
1912 62.0625375159
1913 51.1948187576
1914 48.434749149
1915 48.4417314359
1916 61.113048327
1917 56.605384981
1918 47.4865699885
1919 55.7643182639
1920 61.9069468333
1921 49.7378147891
1922 47.5408689736
1923 49.6719646394
1924 46.3565926659
1925 44.9328215279
1926 50.0358413162
1927 57.2130451004
1928 54.915092924
1929 45.7648949584
1930 49.4693800939
1931 52.098414718
1932 51.4589010524
1933 51.3721582542
1934 56.3562876621
1935 51.9589005513
1936 45.680595525
1937 47.5615810136
1938 58.2350268116
1939 49.5009183131
1940 56.2553545912
1941 47.3420462043
1942 50.7531045028
1943 52.7757711659
1944 31.6480553045
1945 54.1945659701
1946 55.1072027518
1947 57.2228725144
1948 47.5251744248
1949 54.5513770715
1950 50.3525151434
1951 51.3848632557
1952 49.1960116909
1953 52.5293658538
1954 53.2523711958
1955 51.3148772023
1956 54.9887763269
1957 41.1393931373
1958 55.2792166827
1959 50.8390032383
1960 54.9609093873
1961 54.6739048548
1962 45.5944982922
1963 50.6498831281
1964 50.9519996606
1965 46.5034618177
1966 55.2327945394
1967 60.7483972815
1968 58.6138680907
1969 54.3211804125
1970 54.8204121191
1971 59.3440977895
1972 61.8692490219
1973 51.719652701
1974 57.5484075841
1975 48.3661634923
1976 45.380612208
1977 56.2075791314
1978 52.1596497027
1979 51.0269056684
1980 52.2317451533
1981 57.2614259415
1982 51.9309242965
1983 44.3210534205
1984 57.4859589294
1985 54.0113479374
1986 58.7730240472
1987 47.8775008213
1988 61.5060905812
1989 48.9255658144
1990 59.8610504288
1991 53.4743974359
1992 50.3663533481
1993 55.0814245113
1994 73.7278026357
1995 56.3206685574
1996 51.0892346586
1997 57.2479874418
1998 49.0560087139
1999 49.8743148066
2000 47.186921933
2001 43.5727227909
2002 51.0711513043
2003 57.4043999606
2004 55.24073752
2005 60.941773375
2006 54.1283541436
2007 54.4399829632
2008 48.8601917219
2009 43.4505966825
2010 56.5309135744
2011 55.9701361267
2012 52.5246553832
2013 54.9660460308
2014 54.2494271594
2015 54.0918994214
2016 57.5533177179
2017 58.5845355406
2018 59.378705788
2019 63.9072526626
2020 50.9265858264
2021 58.7362676258
2022 55.5815887917
2023 56.6640085664
2024 62.2885865864
2025 54.6957979739
2026 55.7838245473
2027 50.5216963769
2028 52.6878007885
2029 49.5408251284
2030 59.8798921865
2031 42.6710942108
2032 60.8641139322
2033 21.6913867322
2034 58.877921363
2035 49.4687792465
2036 50.0958607605
2037 59.11611658
2038 60.1342139465
2039 58.8590912545
2040 65.0334062577
2041 55.782875554
2042 57.6387952355
2043 55.0111429631
2044 48.2850383338
2045 56.2217305454
2046 54.1283322791
2047 54.4256929009
2048 63.1410835399
2049 55.5868454911
2050 42.0833562749
2051 54.3175640129
2052 53.6864192711
2053 55.7909325752
2054 49.2589136443
2055 58.3665408139
2056 51.2903734136
2057 55.5046486395
2058 59.2503607554
2059 58.1584231049
2060 57.9852242261
2061 48.3514658826
2062 54.0485082729
2063 54.2647872097
2064 70.1067096755
2065 46.5612757564
2066 64.434849736
2067 42.7435035132
2068 47.242114648
2069 52.5788451783
2070 69.5076630713
2071 54.5998753015
2072 45.9842042737
2073 54.98144132
2074 66.2839757373
2075 58.8880489945
2076 56.6327265416
2077 54.9561665903
2078 55.6142014497
2079 54.2061183495
2080 54.0746464713
2081 46.5282651949
2082 62.3075625211
2083 56.3354288819
2084 57.2322053919
2085 58.3757055732
2086 55.8793873114
2087 55.5668924177
2088 43.6928563962
2089 53.1447007336
2090 57.9413448076
2091 49.1017364489
2092 60.7375692487
2093 52.6344653418
2094 47.4396525761
2095 58.0293485959
2096 47.7927507972
2097 58.2826956678
2098 49.6057226233
2099 51.2017821109
2100 57.4885940098
2101 64.4801648339
2102 58.0680324855
2103 56.9673224596
2104 53.293955226
2105 48.4324438318
2106 58.5143051057
2107 54.8666293857
2108 54.9465311049
2109 60.00783765
2110 55.7458135635
2111 51.5976627094
2112 55.0023756331
2113 65.3575396012
2114 56.2670394931
2115 54.7210816918
2116 56.1770403632
2117 56.66472514
2118 63.5847072686
2119 56.1745957669
2120 57.6867697285
2121 54.1059252535
2122 66.2362228183
2123 52.1999645055
2124 42.0659586983
2125 47.5703408965
2126 57.3075224306
2127 46.074385543
2128 29.4165440383
2129 59.0257214919
2130 54.1066461124
2131 59.8461900713
2132 44.3219944504
2133 52.5056769331
2134 57.1650899198
2135 43.6318710405
2136 47.5419525178
2137 60.8082815103
2138 51.6710655022
2139 38.7460984574
2140 50.8613864807
2141 56.7418060441
2142 57.2226031644
2143 56.177540718
2144 51.5404721761
2145 57.4276436199
2146 54.8009363675
2147 49.0940733899
2148 54.5134613339
2149 57.1674214975
2150 54.098366624
2151 59.2823019821
2152 51.8888909573
2153 52.0702273199
2154 58.4651419052
2155 45.1436953806
2156 62.7946162582
2157 59.5167693668
2158 57.8442265883
2159 59.4482520008
2160 52.2066396764
2161 63.098514462
2162 54.6365825707
2163 60.1169369776
2164 67.7235806827
2165 60.8767645139
2166 70.0335992224
2167 74.3904080839
2168 56.3861519632
2169 60.6396460898
2170 52.5496746271
2171 55.2663123234
2172 59.1680276783
2173 53.0486276794
2174 58.2814360518
2175 47.3828354743
2176 55.88381535
2177 50.9104022483
2178 75.2900279603
2179 52.4065820096
2180 48.6106241714
2181 52.4678416481
2182 51.277596265
2183 70.5212470647
2184 63.4694500163
2185 53.1834928768
2186 67.5947712928
2187 61.9330014722
2188 52.9300020883
2189 47.7891772527
2190 59.9936261736
2191 71.7211617261
2192 62.2604747271
2193 54.1521751681
2194 53.712470721
2195 54.6225649174
2196 49.6800329206
2197 57.6430294198
2198 54.1711675724
2199 61.0265386017
2200 53.3466596759
2201 46.8759561375
2202 57.9415090592
2203 59.3190430919
2204 47.906437035
2205 50.1305305133
2206 48.485865725
2207 50.6411045791
2208 47.4910676067
2209 56.5661162698
2210 53.324947171
2211 53.2000985331
2212 55.6567280086
2213 53.915354937
2214 48.5731129374
2215 51.2824122124
2216 45.8807938379
2217 56.0745773591
2218 58.1494769963
2219 49.6154473101
2220 51.4174234213
2221 52.5570605442
2222 46.3950480888
2223 51.1297729336
2224 42.356177434
2225 58.5116242203
2226 47.6628414084
2227 50.8778603429
2228 53.6479606284
2229 47.3921697001
2230 56.4092712215
2231 63.8868978877
2232 54.8530792786
2233 55.0397142287
2234 54.5393909075
2235 57.567027022
2236 51.030675729
2237 59.1127739939
2238 45.4228968693
2239 52.0832567031
2240 51.830361954
2241 48.6261524954
2242 44.1518328013
2243 45.956578197
2244 59.3937273011
2245 48.7850457956
2246 51.9714647887
2247 47.4273449348
2248 48.2760067862
2249 60.5080521686
2250 50.397020837
2251 50.9296336073
2252 54.7910246269
2253 59.2140750981
2254 47.7828273784
2255 53.3613493302
2256 51.7148831706
2257 55.3077152598
2258 53.6667228254
2259 52.7883088331
2260 50.4806109799
2261 56.2424989126
2262 55.9712312651
2263 52.0696937631
2264 51.1894332266
2265 53.7242125714
2266 50.4558291148
2267 55.6550426147
2268 54.1757624415
2269 54.0580623426
2270 56.6900939246
2271 48.9948637172
2272 54.3524676623
2273 50.6088576125
2274 62.3347149496
2275 53.8735863545
2276 53.2794995681
2277 48.1228247097
2278 45.3881784229
2279 56.6053063858
2280 54.246036439
2281 60.579907659
2282 47.8981864398
2283 50.157344619
2284 63.4658246077
2285 54.2215617202
2286 60.8646262911
2287 54.4242359065
2288 54.8981462068
2289 50.1659826949
2290 58.5966984341
2291 59.7409984745
2292 52.1932165608
2293 47.7305200638
2294 48.9843839076
2295 53.6924762579
2296 56.0045088143
2297 55.4293541396
2298 56.0200951898
2299 51.6515953819
2300 49.9687723872
2301 64.3839153344
2302 54.9283256001
2303 52.7598473099
2304 57.4922525228
2305 72.0804464456
2306 54.6389570097
2307 59.7432361249
2308 57.0513183586
2309 54.9557606072
2310 57.0026117428
2311 54.2932430905
2312 47.6970373705
2313 46.2893683531
2314 54.6173869821
2315 62.9274908145
2316 54.3608146637
2317 53.3653243791
2318 56.0400174278
2319 56.903745583
2320 52.575298189
2321 53.8480745713
2322 66.3392694861
2323 56.8737536939
2324 53.2007566607
2325 48.9104259747
2326 45.322347924
2327 53.1293146808
2328 55.2224170242
2329 60.3957342191
2330 47.9206983087
2331 48.5498530414
2332 45.1551422391
2333 47.4072638204
2334 50.9312206951
2335 49.0912342621
2336 46.1442046621
2337 45.4576886508
2338 46.1133236127
2339 41.5735375597
2340 53.4741622203
2341 46.3075593013
2342 45.4350900336
2343 44.9036171445
2344 41.6419558717
2345 41.9083498646
2346 43.9661760875
2347 46.253273287
2348 47.7892751711
2349 52.8474264669
2350 48.3806207202
2351 48.5524159619
2352 53.9996198397
2353 49.3252924293
2354 51.1444220217
2355 48.6625894209
2356 46.91976564
2357 42.3496574598
2358 52.9714827097
2359 43.4993984378
2360 45.8325341082
2361 47.9790626248
2362 47.1182398561
2363 45.5509953284
2364 46.9771460309
2365 46.3102029942
2366 42.125994907
2367 48.0889420495
2368 46.4102982548
2369 50.0242540531
2370 40.165657205
2371 39.2103490983
2372 48.0416018402
2373 47.0139212309
2374 47.8683984538
2375 41.6805579673
2376 53.7020215695
2377 49.1353330225
2378 47.984087076
2379 44.4414134063
2380 49.0630822247
2381 40.5323072063
2382 50.327216286
2383 48.293134813
2384 43.8985659109
2385 60.2406105848
2386 50.2791191596
2387 44.8630080708
2388 53.4561888158
2389 48.6890927921
