u s
1 58.0876833033
2 74.3736316297
3 57.359526036
4 58.3146586966
5 57.4306084161
6 46.9737633249
7 56.1160894895
8 55.9403734057
9 64.6982329483
10 59.4090759617
11 53.9518101712
12 65.6454588361
13 65.1351677943
14 58.8178992903
15 71.7807532785
16 55.9884901746
17 55.1660849839
18 55.8636406164
19 169.126439085
20 56.9334182866
21 57.0767478052
22 60.2289006501
23 70.0128444193
24 58.1374734416
25 59.0197443364
26 67.9370859571
27 64.8246186709
28 51.9105225207
29 52.2870717219
30 66.5577787362
31 62.1464439521
32 74.8622139829
33 58.3719756896
34 66.3263221649
35 55.2926394946
36 64.5907892423
37 73.4814806299
38 56.9618550041
39 49.4925899693
40 53.2676026714
41 59.8176614373
42 57.8829584128
43 56.4292703564
44 58.8604735488
45 68.8842642107
46 60.9754596067
47 58.5134765131
48 56.0845467088
49 47.9529875085
50 55.1605009535
51 61.3335110729
52 59.7747984189
53 63.1893029912
54 63.8591369264
55 154.249753957
56 64.9579552524
57 77.2835239544
58 68.5692855695
59 56.90957749
60 56.8327723628
61 59.8797056263
62 85.4543479341
63 56.6383225609
64 65.3231658785
65 80.4394393835
66 40.743199678
67 50.7679955732
68 49.379155199
69 114.193149707
70 49.3396298686
71 47.9116756271
72 46.4066221972
73 42.5260484146
74 57.5278262589
75 53.922472742
76 50.5346130059
77 49.4129345003
78 48.8058658773
79 54.4315525998
80 51.618330198
81 44.6527742215
82 50.5209280011
83 45.0435257707
84 49.610128821
85 42.0035913176
86 48.0973439788
87 50.7332375312
88 37.7018634109
89 51.2544549372
90 46.7254167478
91 51.5267619946
92 49.796622965
93 58.5536626533
94 59.7762717272
95 36.615287766
96 47.4684536356
97 52.0228977308
98 123.739863761
99 48.2138668208
100 48.1732323864
101 51.18312855
102 50.3233842221
103 52.3294364367
104 58.2676623008
105 52.3071571472
106 63.5666321259
107 42.4434762806
108 54.4568236027
109 59.5137919381
110 42.734601531
111 54.3226782865
112 60.1077038724
113 64.5867371354
114 54.4126203113
115 45.2033275686
116 52.2081658641
117 48.8452733199
118 52.2857183091
119 49.9573526848
120 52.4147237041
121 53.3007551102
122 52.3612931404
123 54.7051899801
124 49.4916580428
125 40.2108237776
126 49.2203897162
127 52.4151530547
128 48.5840487493
129 49.2516393648
130 46.0275946742
131 46.9848778572
132 54.1509377348
133 56.829090398
134 51.7254492915
135 52.3758972152
136 49.498667398
137 45.7076792857
138 45.6223784029
139 47.5501286803
140 49.7232510596
141 59.8840982264
142 44.8419050241
143 58.3521593042
144 58.438405366
145 58.4653969931
146 58.7705717479
147 44.5604437586
148 46.4762211287
149 56.2471004253
150 53.7118627816
151 55.9889695916
152 47.7776325453
153 43.9863467847
154 55.1769820616
155 59.2915385664
156 53.098663467
157 51.8696038236
158 46.0295294941
159 64.3879323178
160 46.4683157837
161 44.8362264243
162 47.3664642981
163 52.5010701177
164 45.9556301343
165 48.7789610764
166 56.0094997352
167 56.2436427292
168 45.2054173016
169 59.9953322995
170 44.2293543377
171 45.2074389505
172 45.6777918661
173 46.1269906773
174 51.0786578631
175 56.1159258317
176 49.8203354395
177 45.7991289154
178 45.9026549034
179 51.0338222945
180 50.9819829461
181 58.3538100076
182 48.0838280412
183 47.5418782947
184 45.3636204343
185 53.7079232957
186 50.7924860069
187 43.7857736923
188 54.1194883884
189 58.2043745773
190 44.5584668765
191 46.6566033612
192 46.8326383031
193 56.4662158956
194 45.2620383779
195 48.0359322351
196 60.7385715061
197 59.2454018905
198 53.7748549171
199 64.9742690589
200 60.4552812169
201 53.0544401356
202 59.9461891877
203 67.4344008873
204 67.7878171749
205 61.5749674781
206 55.7493994592
207 59.9285857478
208 59.83472426
209 74.1264790205
210 64.0705191803
211 54.3109735364
212 54.1604911663
213 44.4825984485
214 51.9215488381
215 59.9020734422
216 43.7232342485
217 74.2718073313
218 68.0862817287
219 58.7050935902
220 53.1783790496
221 60.0051794773
222 58.5537168707
223 68.8989158797
224 59.438021873
225 66.2206091061
226 62.5369276542
227 71.446693739
228 53.1197736504
229 47.5743303593
230 63.6303358505
231 82.4472026712
232 60.3065884384
233 177.093261412
234 59.3902153929
235 59.5603006929
236 194.055107878
237 69.2425635289
238 61.3888172548
239 64.4888152241
240 55.4679638647
241 72.0160398607
242 61.2027849221
243 66.0341213966
244 58.8021741642
245 56.6593293342
246 60.635640677
247 61.939414705
248 53.1939561003
249 59.7604139219
250 69.2253660521
251 59.8688703637
252 60.9118818155
253 50.3124835848
254 57.4373893431
255 68.535723847
256 61.0326243282
257 64.7613900708
258 68.9009864477
259 53.7246663766
260 65.6552270447
261 45.2614881375
262 63.7102702511
263 103.371489564
264 52.7766239292
265 54.2595177077
266 54.7923170198
267 56.8604721551
268 47.1229694463
269 54.226100242
270 55.8440987633
271 73.1136601982
272 59.431708452
273 53.232296889
274 54.4496251136
275 49.7929324438
276 58.5329066719
277 55.5469237313
278 69.7348801509
279 60.8124996251
280 56.6461024593
281 61.4689765618
282 47.6785053161
283 50.403578327
284 60.7719433255
285 49.2998826697
286 54.3129095172
287 69.8649093235
288 55.8206894612
289 58.064073995
290 63.4584665284
291 60.1910707797
292 58.2835156767
293 56.3389726451
294 53.4300511127
295 47.1577007857
296 56.9897048254
297 54.5528916064
298 56.9086491989
299 49.2271262101
300 56.5210802172
301 52.4268609345
302 52.937046771
303 54.1709583062
304 54.6073960392
305 44.3003831463
306 66.4243356371
307 58.1234350974
308 59.5672625678
309 52.7870937399
310 49.6463111189
311 61.192226345
312 48.7157735849
313 44.9143234698
314 53.0936119753
315 60.1361429774
316 63.3166181245
317 52.9115168568
318 46.3389789037
319 60.1093739214
320 56.399088892
321 50.6664832112
322 59.3389156321
323 54.8413157265
324 57.2888448418
325 55.8123176523
326 52.2036229211
327 49.3669488499
328 45.2138335992
329 44.8766168109
330 49.1669358971
331 44.1857479027
332 50.9291898452
333 50.8159152995
334 46.5616434612
335 40.0136439333
336 60.6574367766
337 45.7810463014
338 38.2090487663
339 46.2360544122
340 43.4930349397
341 63.8325985815
342 49.804651635
343 47.5418767388
344 48.4698111296
345 46.3080406702
346 42.6473331417
347 57.3959264144
348 50.8619012876
349 51.1346106067
350 42.4621912323
351 47.7667265387
352 49.7992172242
353 48.9474422702
354 46.2891578015
355 38.8651535543
356 58.4118228702
357 42.9269950722
358 47.827946852
359 45.4217055956
360 50.6081189182
361 35.3653199136
362 54.0727411534
363 50.4811810984
364 60.3914882079
365 48.8562329345
366 46.9881791599
367 48.9583254846
368 48.3010423263
369 41.3051863487
370 95.3184426609
371 50.5588797517
372 54.1716133413
373 50.269791088
374 42.0840580941
375 48.062374283
376 43.9698936179
377 39.7184054535
378 50.126802546
379 55.8448095488
380 46.6590067912
381 47.7308288345
382 49.4834313661
383 58.4646245337
384 46.0685809627
385 49.6368094377
386 42.5957479553
387 44.6133913288
388 42.301767622
389 51.4602028467
390 54.1981599242
391 51.1404274539
392 54.1248848725
393 54.8745153011
394 50.9039777964
395 55.3388322557
396 56.5695805654
397 59.9362551093
398 59.0906843722
399 60.7856008632
400 49.220752728
401 49.4151349006
402 49.1845468454
403 53.2576764145
404 58.32889466
405 64.7023764926
406 56.9047449684
407 57.2177292478
408 41.4514873466
409 53.0429482053
410 55.7543957268
411 48.4504887128
412 53.9877016212
413 65.3814635385
414 50.8793613228
415 54.0771712071
416 56.2415175312
417 66.5277166011
418 43.9479906625
419 47.9341116473
420 51.0812824107
421 66.8197148789
422 46.3662250358
423 74.0392195663
424 62.6159919234
425 54.9231965491
426 54.0197495727
427 52.6090927549
428 50.5876671166
429 58.9707018085
430 48.0047368989
431 55.4513861155
432 47.7107153105
433 61.332333696
434 55.3569371454
435 66.8381688548
436 53.3238133614
437 65.4375394227
438 59.4294064644
439 53.915058343
440 50.1718520381
441 60.5444507029
442 48.7415635925
443 54.0004351359
444 50.6760250053
445 61.514355337
446 49.2807395565
447 53.7816921484
448 53.0481070973
449 55.189965288
450 57.6025319209
451 51.093245062
452 45.7383495274
453 59.4770472509
454 76.9142460257
455 46.9446036534
456 50.110760083
457 47.6194423528
458 42.3221038564
459 45.6683109135
460 45.4987183752
461 49.0840643887
462 48.9647833374
463 44.5763551485
464 46.0116050297
465 37.6412613618
466 45.9228589722
467 50.6407459964
468 43.6033619453
469 52.348697832
470 41.0419410343
471 46.9389398224
472 44.264424719
473 44.6620218699
474 50.9030198702
475 45.0334195615
476 50.5487063878
477 49.298258236
478 45.3144433226
479 58.7463937348
480 47.067863487
481 48.8412443708
482 41.5030205962
483 48.868987079
484 48.7149714395
485 44.5531937112
486 47.8583373163
487 45.9047229709
488 45.8731044666
489 55.5254351538
490 39.2493424979
491 38.3108460771
492 102.982667342
493 41.8944462307
494 46.3489957167
495 51.7194183404
496 51.4316662596
497 105.179421018
498 40.554746508
499 58.4339107036
500 44.3738042163
501 47.3144496277
502 54.4806323528
503 45.9524469335
504 42.6894102778
505 53.7190080625
506 51.8215443417
507 44.1829299187
508 44.4885080544
509 50.7183026219
510 52.8201625432
511 59.8946622589
512 58.9216437532
513 43.33469246
514 44.7878882104
515 47.7972475332
516 50.1136874029
517 50.812384897
518 41.0053620455
519 45.1268570333
520 61.2498997043
521 66.8166604001
522 74.7224105821
523 60.1226048805
524 76.5251856306
525 65.2660114572
526 51.2117730831
527 56.1375366111
528 52.3139741672
529 66.1278220433
530 56.5294349349
531 55.5818507574
532 66.9917644436
533 58.2968316366
534 66.4134802806
535 64.2952625989
536 59.951934778
537 55.3754530102
538 54.3276166113
539 58.2027749252
540 58.9873885325
541 44.4490744841
542 61.7403293879
543 63.7359758872
544 67.4734689709
545 97.753591318
546 59.0512116943
547 54.2534629059
548 44.2850066401
549 46.9775311493
550 58.2004694351
551 59.82882322
552 72.8892630264
553 58.2786622967
554 56.2872391687
555 59.7861070843
556 57.2020387937
557 62.8758036951
558 57.6334209581
559 59.1968123405
560 58.9549710138
561 56.8691664514
562 49.0989586242
563 56.1265238212
564 57.0709988681
565 56.4263830499
566 70.485986096
567 61.8617782293
568 68.1523475121
569 55.6258471495
570 54.5278393898
571 56.6323205682
572 66.3217008724
573 59.1388862132
574 56.8898571868
575 55.3377999411
576 57.3801556986
577 64.5712249324
578 59.9240823417
579 58.1239362054
580 63.5505736532
581 52.2654143083
582 51.0278824788
583 61.5216992783
584 57.4681381249
585 65.4159054992
586 45.1782696384
587 40.464519337
588 58.729661788
589 49.3287599014
590 52.6370035409
591 59.3215524601
592 57.9734284272
593 54.8246230892
594 53.9944474827
595 54.7458091185
596 59.5395611469
597 47.4796721507
598 48.4448138475
599 46.5489185496
600 49.8086882017
601 55.4768883923
602 61.4694597637
603 49.5020108249
604 56.4765310448
605 53.7048021643
606 56.1944992797
607 54.7867340558
608 49.0116281891
609 42.7862353409
610 48.9815726663
611 49.5535484476
612 64.8885795519
613 51.4194281488
614 49.4368976038
615 50.9810001435
616 49.7368355918
617 54.5402090342
618 48.9853327912
619 77.9701593115
620 45.8657331901
621 50.6625016236
622 48.2544632885
623 49.8356230893
624 45.9387905175
625 47.5621037608
626 43.936589825
627 50.7823967182
628 46.6032924599
629 47.1054574935
630 49.3804275114
631 58.2595185163
632 46.8549800141
633 57.0024000496
634 47.7010009855
635 56.2266338366
636 48.1838646555
637 57.2493303214
638 52.2424270367
639 47.1652905989
640 52.266064697
641 44.9705892528
642 52.1302180449
643 64.3384764732
644 59.6851629892
645 49.8519367395
646 48.0017006688
647 49.1975940897
648 51.507856581
649 46.1464119595
650 57.1593067145
651 41.235040938
652 53.392436521
653 54.0615559843
654 48.9386077341
655 54.9611587601
656 50.3614339193
657 50.0499441946
658 47.8225309134
659 54.2405801318
660 67.9377440907
661 58.8612669096
662 48.4141441701
663 52.8057922692
664 66.5784877701
665 49.6272349223
666 50.8343103285
667 49.9500061695
668 47.5064812501
669 49.4720733234
670 55.562630017
671 53.8786473991
672 52.8927630698
673 62.4426935015
674 52.3895461591
675 54.0690402202
676 55.3062812345
677 72.6769753749
678 49.9341135109
679 50.4858053405
680 55.9455666908
681 54.1039694344
682 51.0705346833
683 57.1719692543
684 60.8280592565
685 51.2235052381
686 66.2180765402
687 55.5297656752
688 53.0102527494
689 50.6688416297
690 117.050940635
691 55.0477021548
692 55.8303815125
693 61.5880826026
694 53.8839526273
695 54.8908442296
696 57.4112836199
697 56.7776793735
698 60.9850919563
699 53.2628612862
700 56.8301646425
701 51.5019582562
702 54.7950497311
703 59.7758306342
704 53.774467704
705 51.8447918148
706 55.6034970274
707 51.3341420923
708 60.8845288664
709 52.2271828691
710 50.5744371472
711 50.7389110057
712 51.1074108743
713 59.3410492646
714 56.2273258256
715 52.2023408574
716 58.9491284952
717 41.9690661928
718 48.720316077
719 54.6658426401
720 43.2503633855
721 41.4175781919
722 42.2947642551
723 45.9734711226
724 62.2533317296
725 45.4576887984
726 46.6652659221
727 46.0330112916
728 47.8052558482
729 46.0259516093
730 50.5095371768
731 65.9083468
732 47.3451672298
733 47.965792716
734 40.2441246868
735 46.7160836861
736 45.3591116733
737 43.8436333733
738 56.1970050551
739 46.012934158
740 48.7480872414
741 46.659436789
742 44.6823098199
743 45.5175523295
744 45.6644249113
745 52.3348366136
746 59.7148375675
747 53.6092438734
748 56.9268601751
749 50.4007178514
750 50.9170516116
751 41.4161989588
752 54.3057957286
753 56.5270191364
754 49.9872301895
755 48.7832826823
756 53.3094057059
757 62.6645706638
758 46.3659164556
759 45.5389390606
760 47.4712690157
761 51.8895856994
762 44.3849325896
763 45.1992319669
764 47.1182844687
765 52.8613082366
766 48.4890460455
767 51.058434467
768 44.6360178494
769 46.4729517619
770 44.9708943606
771 47.2818359716
772 46.9045507566
773 49.7694752699
774 45.3999225093
775 47.6028051743
776 54.3719542114
777 45.8207371331
778 50.7419191973
779 43.7714043299
780 56.762033664
781 41.9585994108
782 59.5102811175
783 56.8189754979
784 69.8974192693
785 52.0194677952
786 60.1134058807
787 45.9362471655
788 61.5635310601
789 57.8322836881
790 64.9241296623
791 59.083123524
792 58.2723353999
793 52.9173674193
794 55.5601224678
795 58.3100115299
796 51.8197486038
797 55.6116341847
798 55.7325328065
799 55.167288006
800 54.4091491393
801 43.4839522883
802 51.7101610786
803 66.4639532487
804 65.0601976391
805 41.8338013439
806 50.9991533309
807 46.7315108857
808 64.2805942858
809 52.6210926435
810 58.7193856797
811 58.2235312696
812 62.99350493
813 53.8038171602
814 43.5272205373
815 54.6936890091
816 100.914369321
817 59.0001711994
818 69.3874007263
819 54.6867987281
820 56.1645620815
821 43.1408400181
822 54.8766859394
823 56.9312611783
824 49.5759776695
825 57.326915238
826 48.0084053497
827 50.7990902698
828 60.8489748956
829 64.1358826316
830 61.9806938311
831 63.3545351586
832 53.6981506256
833 45.5686537206
834 57.159748212
835 56.5487176432
836 52.5283613675
837 59.3716871081
838 55.7084158189
839 50.6989081075
840 59.0488273976
841 62.4761698667
842 57.9592978068
843 56.6448569486
844 70.8163515416
845 41.0485186118
846 52.8096630116
847 64.6961256523
848 50.4911496364
849 49.0028993675
850 41.1957133045
851 52.8934008519
852 53.9129607145
853 54.4800003034
854 64.3369995484
855 48.451640202
856 50.8403604863
857 49.122511714
858 47.6402404151
859 61.1248489298
860 47.2842504006
861 47.6759204681
862 50.033564549
863 54.2131070008
864 45.1786041724
865 50.9538363536
866 51.8583523923
867 53.9252443308
868 46.3480315463
869 47.773331989
870 45.8740255955
871 49.6779354558
872 44.6947388267
873 49.3551120657
874 48.934966035
875 48.6029562041
876 51.5351946286
877 50.4916852956
878 48.7841409367
879 49.3632669664
880 59.2481890129
881 47.3432265774
882 42.7678429381
883 49.6259626018
884 50.6202993338
885 50.3652387981
886 47.393872903
887 47.7693456461
888 44.3654785599
889 53.2312869799
890 51.7782370178
891 47.9837394166
892 66.2267245709
893 52.9939665454
894 47.6968694318
895 43.190472792
896 50.8503095528
897 41.904495828
898 58.4400375555
899 47.8664133615
900 51.8822487861
901 47.7267616863
902 49.7765879917
903 54.1246969031
904 51.9389798479
905 56.5278421106
906 49.9995018958
907 54.0694195654
908 50.2133113495
909 45.1290937803
910 48.618940867
911 49.5661760929
912 64.376393455
913 49.8624623081
914 48.8539103522
915 43.183738303
916 52.523035754
917 46.0799794771
918 46.131205588
919 51.7708184542
920 51.0062048816
921 42.6237534462
922 46.1023270782
923 50.5901300419
924 55.2646709667
925 57.5678362433
926 59.3870110518
927 50.2510080195
928 60.1373146138
929 50.8022262656
930 50.8847243074
931 46.3795329396
932 48.4828589912
933 47.7992235708
934 47.4262065661
935 55.5922768573
936 57.5884119464
937 48.9211788948
938 58.1250579231
939 49.2188198466
940 52.5284837672
941 49.5096247108
942 51.4032163507
943 49.913434539
944 48.8233174738
945 52.0135354036
946 41.0960897049
947 52.8732443664
948 58.6549079753
949 54.3530654965
950 61.7183608032
951 50.9333418774
952 58.8671470993
953 47.9045708335
954 42.7711756798
955 52.7846100004
956 67.0383201371
957 48.0556949791
958 49.7992885325
959 48.1065045382
960 53.5751273274
961 53.9077236068
962 52.2431900437
963 53.4362802361
964 47.685854188
965 47.8468137174
966 55.505684728
967 49.8530850441
968 46.5198301698
969 49.902814886
970 55.0834083627
971 43.4276687127
972 48.103519176
973 50.9190784771
974 44.8629544874
975 52.5517455441
976 50.1073278936
977 59.0072958835
978 44.5408483713
979 43.576743375
980 51.2314999436
981 43.9705060251
982 48.6726834081
983 48.1346407147
984 43.6633400612
985 44.9889017377
986 54.9285377421
987 43.7397947606
988 51.0283234285
989 55.9344582734
990 46.3700056268
991 58.9158711998
992 44.0169166207
993 39.9311155461
994 45.8539510784
995 44.5907883475
996 68.5599238522
997 54.8341828107
998 61.0942480906
999 43.831729614
1000 42.9968303134
1001 47.1439587484
1002 49.6437797044
1003 45.0487439444
1004 52.1483388686
1005 56.2588821438
1006 48.6242113463
1007 45.6794492281
1008 54.4137429007
1009 51.354914195
1010 72.9170177602
1011 46.8160943079
1012 52.2536500536
1013 43.9797259933
1014 48.0766452619
1015 47.4990417201
1016 53.968375184
1017 44.0306768309
1018 49.0890809283
1019 46.0687095366
1020 56.8556777183
1021 45.6759369969
1022 52.553868265
1023 42.4141227495
1024 49.8781270699
1025 42.5861026401
1026 43.7518333978
1027 46.7094335083
1028 52.5728464589
1029 49.1029824499
1030 51.2320838146
1031 52.7936548239
1032 45.3032526242
1033 46.4672407877
1034 44.2865023734
1035 40.8911300577
1036 49.1890475865
1037 48.3129933767
1038 46.5747253539
1039 62.1242725
1040 47.9689636618
1041 53.6722709971
1042 50.0530097853
1043 53.0203692111
1044 50.8261032621
1045 42.8881045897
1046 48.9557012084
1047 47.3722307904
1048 58.023777352
1049 45.0380430402
1050 39.6178125628
1051 49.8830192989
1052 72.0546603742
1053 51.4931028739
1054 44.4847433856
1055 58.2297982583
1056 55.7940785215
1057 52.0979836831
1058 56.6001344589
1059 51.7897524944
1060 41.1382334349
1061 46.5474960495
1062 56.3185038386
1063 54.651920957
1064 49.8804271689
1065 54.1818890462
1066 46.9096819568
1067 48.8768970951
1068 66.466975686
1069 54.0373339028
1070 47.2729566992
1071 47.9817457179
1072 53.3644240323
1073 48.931728249
1074 58.7939551703
1075 49.3870069006
1076 47.9496744541
1077 48.1041648664
1078 47.7104609198
1079 68.312479071
1080 57.8637402878
1081 52.1158945916
1082 46.4960628227
1083 56.2462869513
1084 55.5449428608
1085 49.9857493097
1086 48.1424576568
1087 47.9680584895
1088 52.5151070442
1089 48.4579761675
1090 47.0055681519
1091 48.1655289652
1092 56.2056892186
1093 47.715039805
1094 47.3140251293
1095 52.1420521766
1096 51.5832864573
1097 50.3949340216
1098 52.9753812517
1099 48.2386796408
1100 49.8371748866
1101 47.7068003762
1102 45.6978651839
1103 47.0530535194
1104 49.4240193636
1105 55.7000315538
1106 52.5108905407
1107 47.7635391378
1108 65.1200795851
1109 54.4341482275
1110 49.7840489488
1111 47.3595105501
1112 51.5317663773
1113 50.4466458505
1114 47.2804834634
1115 49.5614802452
1116 62.9105696365
1117 49.5396988345
1118 44.9798219489
1119 46.73588252
1120 43.7403454335
1121 40.8533048322
1122 47.878892898
1123 49.0951979458
1124 57.2283811069
1125 51.1288613011
1126 40.450272788
1127 55.5632584457
1128 65.5663368825
1129 50.2956190167
1130 53.4900922245
1131 46.473003271
1132 52.402659874
1133 47.5761312075
1134 52.3798919334
1135 58.2102006643
1136 51.4032947038
1137 52.4157225544
1138 55.3760879002
1139 51.5331799571
1140 48.9879314341
1141 50.4288769207
1142 71.4267926953
1143 52.1761701866
1144 58.9922439078
1145 52.3722025944
1146 50.7926851238
1147 51.1805231675
1148 49.2518458714
1149 56.174069766
1150 51.1430849918
1151 51.5982237807
1152 50.6844975775
1153 47.3041855221
1154 47.2503758685
1155 52.2217898211
1156 56.6674753248
1157 65.08552078
1158 45.3811660556
1159 49.3048779666
1160 65.7662330477
1161 47.4137959323
1162 52.8800398134
1163 56.825414872
1164 48.2337676388
1165 51.7386107116
1166 49.3094909012
1167 50.2998300912
1168 60.0493595328
1169 48.1273797157
1170 57.8651544818
1171 52.7352842253
1172 44.6950579081
1173 45.5058902363
1174 56.489016496
1175 56.9853340376
1176 53.6240541063
1177 53.7424713125
1178 49.5292811502
1179 65.8050973266
1180 54.2115556269
1181 53.7475873636
1182 50.7246792478
1183 48.653640231
1184 47.0999009656
1185 49.7802357538
1186 47.7653426793
1187 48.0570105463
1188 49.0491880763
1189 63.3668771592
1190 48.4454350921
1191 51.4618236593
1192 47.4289051732
1193 47.9443223854
1194 48.8821261054
1195 52.7487565368
1196 53.3409124663
1197 47.4836508722
1198 44.5658419859
1199 48.6088760969
1200 62.648859326
1201 56.9469426989
1202 41.6120265463
1203 48.4058331838
1204 48.3669245636
1205 65.1063983893
1206 48.8346487257
1207 49.4139781991
1208 43.6595216748
1209 55.4813962947
1210 54.3779208798
1211 52.2799433656
1212 46.4398959677
1213 64.8968396437
1214 57.0080999882
1215 54.7394613264
1216 51.267775577
1217 76.9899397584
1218 47.0790690974
1219 75.1003889626
1220 51.8858803973
1221 50.0355596199
1222 46.5553259057
1223 47.5429572947
1224 46.0847024841
1225 47.4987386713
1226 45.4257756441
1227 59.4101881526
1228 65.5949087831
1229 51.0207318261
1230 52.9461555048
1231 60.2153638424
1232 62.569218817
1233 35.7879828148
1234 59.3139129045
1235 55.8699130417
1236 49.6614080995
1237 55.8880870552
1238 70.7647110069
1239 55.0666044746
1240 63.9980631676
1241 53.4256206275
1242 58.1830254246
1243 49.9467266699
1244 55.1277358743
1245 64.3390624833
1246 50.4241803097
1247 45.0291424108
1248 58.8605949849
1249 59.1352698283
1250 55.7433046902
1251 54.8618453399
1252 56.2114252146
1253 53.4107642965
1254 53.1978273429
1255 53.3254262544
1256 48.5029298041
1257 53.7650881408
1258 54.2765483208
1259 64.6410031888
1260 121.535256694
1261 66.1573850241
1262 53.175537427
1263 53.6635519705
1264 65.800816736
1265 59.1346158564
1266 48.9151175691
1267 57.733115212
1268 58.18134088
1269 55.5574935803
1270 67.8858902256
1271 64.1048421939
1272 56.2043497378
1273 55.6814811823
1274 52.4671259607
1275 45.3828423155
1276 60.3102313382
1277 62.068158124
1278 43.6071139379
1279 62.4283531504
1280 55.3712235856
1281 53.9252239346
1282 56.6049045
1283 54.8767657795
1284 64.2941141851
1285 67.7560483495
1286 48.4140439282
1287 54.4647594614
1288 55.4720135567
1289 59.9572077855
1290 53.6013060801
1291 72.9189673846
1292 49.1980996307
1293 62.5901583709
1294 54.4345146856
1295 55.7040636115
1296 71.0128541103
1297 39.4510164116
1298 65.8930533888
1299 46.299486826
1300 58.6855051578
1301 54.7556024457
1302 47.0608933869
1303 107.310315607
1304 53.5907629055
1305 63.946963371
1306 51.7144813055
1307 67.5145190213
1308 55.924179554
1309 51.1341542064
1310 52.9703318137
1311 51.8360288431
1312 64.8556056076
1313 63.5262268122
1314 53.9956378323
1315 66.0854512357
1316 65.5551360108
1317 58.8981148161
1318 56.4864498478
1319 70.2433074538
1320 52.4688054505
1321 54.5742942057
1322 55.3543784711
1323 42.9207058412
1324 51.8748820173
1325 55.9052567446
1326 73.6858787317
1327 50.5269666511
1328 55.5816245343
1329 47.8351622635
1330 58.3191499271
1331 61.6169747951
1332 47.5617180397
1333 111.653582996
1334 56.9188282917
1335 53.157687584
1336 55.9886397523
1337 60.3328472899
1338 54.5952888095
1339 54.73121891
1340 59.5868250882
1341 50.0403819157
1342 52.8061488956
1343 41.7411852411
1344 52.9399818988
1345 44.7195185656
1346 65.5200008981
1347 58.1886263973
1348 57.3527007348
1349 63.6699702756
1350 56.0749832739
1351 57.2004235878
1352 53.3381150464
1353 54.8124702868
1354 61.1764924013
1355 54.8816931134
1356 62.0635729462
1357 52.7164659889
1358 67.948575613
1359 57.2386057471
1360 47.5738411022
1361 52.9245092677
1362 41.5110648435
1363 48.4007124903
1364 44.4595799578
1365 56.5784759388
1366 46.2909919776
1367 58.9226993055
1368 53.2974590044
1369 46.9252105475
1370 55.5167746731
1371 46.0319923837
1372 46.2628714332
1373 58.9031379227
1374 52.2630543355
1375 46.6896704698
1376 88.5039833379
1377 56.0070284667
1378 37.5728913119
1379 46.5311045514
1380 46.8626300315
1381 47.600620359
1382 51.4022878954
1383 51.851108736
1384 49.2976462724
1385 45.4234158592
1386 45.3653271847
1387 41.7208380635
1388 45.3978972441
1389 49.8497304422
1390 44.8042807626
1391 45.905081274
1392 49.0017476829
1393 42.3701819657
1394 51.6423268183
1395 46.3723701447
1396 46.4575378738
1397 51.6193166791
1398 52.0931315929
1399 37.4325088177
1400 41.2610882398
1401 47.0309229673
1402 45.4878971466
1403 36.6160785379
1404 45.3541315161
1405 43.7829246303
1406 46.4106467252
1407 50.0355667041
1408 54.6104448873
1409 49.281128535
1410 44.9908393779
1411 61.9215831338
1412 48.3476621778
1413 45.4559094959
1414 47.5950294834
1415 49.0142167481
1416 56.1536035276
1417 40.8336430868
1418 51.1657286725
1419 41.6255734856
1420 55.9618665831
1421 41.6478408918
1422 49.0225313763
1423 47.4239831601
1424 49.1664893046
1425 54.4309902033
1426 49.2047208993
1427 50.4197318572
1428 58.3123298977
1429 53.8735414716
1430 45.1168556857
1431 48.4955122223
1432 53.3471106787
1433 51.5495322734
1434 57.6383255723
1435 51.7796015597
1436 49.2723557382
1437 49.6757170736
1438 49.7015593688
1439 52.0120277898
1440 49.5480844394
1441 62.0287202048
1442 51.1739453611
1443 56.4771797921
1444 45.0638333009
1445 56.342662681
1446 50.9186943898
1447 50.2023432242
1448 48.126960704
1449 42.8838608985
1450 53.8568109136
1451 49.6066589989
1452 100.864061554
1453 42.5540301174
1454 64.7106468057
1455 50.2489864451
1456 51.0132270217
1457 55.5942327725
1458 54.3611830775
1459 50.1634560417
1460 49.8744571116
1461 51.3227287937
1462 84.4419330486
1463 49.4214726768
1464 48.6790202546
1465 61.6549397581
1466 46.9479034277
1467 45.1106108069
1468 39.9188854627
1469 49.4185079208
1470 49.9123763195
1471 45.4024859082
1472 54.8348944048
1473 49.0089740138
1474 82.6373629318
1475 51.7136707999
1476 54.3856692636
1477 42.4560522168
1478 49.3854995022
1479 48.5534855119
1480 45.2363257402
1481 53.3598667525
1482 60.4838879835
1483 50.7454531513
1484 52.0034316105
1485 51.7145256681
1486 50.3110283024
1487 50.9562959776
1488 40.5146881244
1489 51.5103666489
1490 51.8933503007
1491 55.2328396688
1492 49.7508108839
1493 48.1958799651
1494 48.6896716882
1495 50.0672048547
1496 41.2754595685
1497 46.8109608738
1498 46.9256652579
1499 45.4304920727
1500 56.3571609069
1501 58.3468404901
1502 50.6190188965
1503 44.6458145344
1504 45.6333923914
1505 44.5191523807
1506 52.28577603
1507 60.5004261339
1508 44.3032313214
1509 49.6517644258
1510 46.5457817158
1511 42.7867893431
1512 48.92113201
1513 46.1259481547
1514 54.7317976858
1515 50.5202222077
1516 48.2379401616
1517 94.8759025772
1518 47.1201960799
1519 45.1136733704
1520 48.1097879697
1521 57.1914284481
1522 53.341949276
1523 52.3968767497
1524 48.7816190848
1525 47.8882569357
1526 49.2637917966
1527 50.4970185813
1528 40.3416487444
1529 53.4342233702
1530 51.0599894506
1531 65.402471724
1532 40.1361793708
1533 51.4065964305
1534 51.1346431025
1535 49.0872364174
1536 37.1710490957
1537 51.4351254231
1538 49.0177159421
1539 48.8833363664
1540 58.5446388194
1541 45.9496156302
1542 45.4784574661
1543 50.3672579272
1544 53.4870559634
1545 51.4765897345
1546 51.0930311787
1547 50.9020385067
1548 56.4758524099
1549 42.229243506
1550 49.1324004552
1551 42.4759569471
1552 53.1814758618
1553 70.6647325808
1554 55.6279764937
1555 61.4845763458
1556 38.8164024634
1557 61.0185043736
1558 50.3956402499
1559 56.2045747322
1560 62.140135693
1561 53.5446370757
1562 58.0098581079
1563 53.1725397825
1564 56.984125168
1565 52.6501908981
1566 56.2602192353
1567 53.220851022
1568 54.6977280496
1569 55.1459319275
1570 46.4118899696
1571 53.6335523289
1572 61.7619349117
1573 52.1740932341
1574 50.9012902178
1575 52.8838192292
1576 54.3247070793
1577 51.4699308462
1578 57.8243145627
1579 59.5060539803
1580 53.0733742999
1581 55.8925134195
1582 43.6440965332
1583 43.9675649336
1584 55.3508153466
1585 54.4986394626
1586 52.5853677351
1587 53.9803494619
1588 51.839870915
1589 47.5070546085
1590 53.2766815633
1591 52.6284737826
1592 70.1851784234
1593 62.8772758187
1594 51.061155119
1595 51.1799655838
1596 60.3598013474
1597 57.9853215606
1598 64.7197841618
1599 55.7916729642
1600 51.894363967
1601 61.0752654312
1602 51.6718218213
1603 104.859992923
1604 45.7371958075
1605 43.2136419258
1606 55.0001744204
1607 53.0236617834
1608 51.7802650776
1609 111.083863226
1610 64.5329105598
1611 53.5735577323
1612 46.8710668408
1613 51.2900865711
1614 49.1087184385
1615 51.3866727429
1616 51.5842428236
1617 75.461216844
1618 69.0811703756
1619 67.7415151367
1620 64.2867925437
1621 67.5396969037
1622 61.8704810751
1623 61.6991420436
1624 62.7968782035
1625 71.2762295086
1626 69.140683647
1627 52.211057827
1628 48.9225995464
1629 57.8638076942
1630 76.1825002004
1631 63.2898043382
1632 64.3326595336
1633 62.0748061955
1634 70.1791980015
1635 65.8860206196
1636 69.5826057149
1637 71.2137007987
1638 73.6409786505
1639 72.3947011574
1640 66.2361946941
1641 73.8443761421
1642 62.8762307242
1643 71.7859534107
1644 65.537552761
1645 66.5480355576
1646 75.7619129101
1647 86.8281104821
1648 70.2964138338
1649 64.9858277837
1650 63.2075215987
1651 59.5139213223
1652 67.5209270074
1653 82.1978135323
1654 61.3158032079
1655 66.6239984297
1656 79.5904736305
1657 69.3831997993
1658 68.4898013402
1659 60.10037433
1660 67.6373136689
1661 48.7157952312
1662 62.4004468015
1663 64.1928433227
1664 49.6382356209
1665 62.652436102
1666 64.7550473236
1667 73.73605258
1668 81.887292694
1669 56.8641640225
1670 63.4557986818
1671 79.3843313547
1672 68.7562193944
1673 68.0426147706
1674 81.2911265126
1675 64.185354585
1676 73.1768488106
1677 76.8194748459
1678 45.9781135554
1679 55.5111461824
1680 56.163317402
1681 60.7776937525
1682 65.2954306371
1683 46.5627540423
1684 57.4786582563
1685 56.2236884315
1686 57.2105916964
1687 52.6905183619
1688 60.7518446114
1689 55.1682245737
1690 56.6356275946
1691 49.9453803628
1692 57.3202179247
1693 61.0288227966
1694 60.6493978585
1695 64.5718841566
1696 60.5779629399
1697 55.0581428799
1698 60.018820962
1699 67.176696911
1700 61.8570928455
1701 46.677614318
1702 55.8711262321
1703 55.145296769
1704 58.2369199164
1705 61.5515166464
1706 58.5276575777
1707 57.1412561107
1708 64.7338197684
1709 67.7857208797
1710 57.2139764431
1711 56.3018042971
1712 56.306491433
1713 57.3441873044
1714 53.8364933629
1715 58.1895888203
1716 62.1949814873
1717 60.4514066139
1718 53.7297687573
1719 56.5137258163
1720 78.3282678825
1721 55.8202400479
1722 59.3589769337
1723 66.5046558324
1724 61.0091312129
1725 68.158003756
1726 59.7427965721
1727 56.9132730254
1728 56.7023690877
1729 58.3210334164
1730 51.7072354582
1731 50.9179989883
1732 43.8306743795
1733 57.0001828064
1734 53.0489797251
1735 58.5391691661
1736 56.7617394007
1737 57.288452783
1738 53.0143516584
1739 60.6793321996
1740 54.7577717786
1741 50.0726668306
1742 68.7423492082
1743 52.0527476339
1744 46.64853014
1745 49.6218360949
1746 48.9616850347
1747 39.5200642535
1748 43.3170230449
1749 57.6699351209
1750 54.7484274509
1751 47.9035374278
1752 35.8868948425
1753 45.8211566462
1754 52.0539186215
1755 46.0309970563
1756 45.1457250148
1757 50.7384220186
1758 46.8684282696
1759 46.4944696977
1760 48.8306457618
1761 38.1567290221
1762 56.9578583538
1763 46.3884484925
1764 104.732799475
1765 38.1241277829
1766 46.4275753026
1767 55.3131162286
1768 47.967123108
1769 44.3272472505
1770 56.3883057547
1771 47.8216698702
1772 45.4614354986
1773 48.5818716525
1774 54.3942089419
1775 48.2288309938
1776 44.7979799724
1777 45.1216557313
1778 44.9632284871
1779 49.2684030326
1780 54.8604587592
1781 60.0760515039
1782 45.1476689931
1783 46.2028135955
1784 38.0484835629
1785 45.9917349401
1786 46.5471842249
1787 51.5828365552
1788 47.946725354
1789 47.3357381063
1790 41.5554497682
1791 50.8981480929
1792 45.7285033191
1793 56.1863681919
1794 51.270799769
1795 43.1422979737
1796 50.3326703501
1797 53.6200769719
1798 54.6331429918
1799 46.0633700969
1800 45.6908260834
1801 45.5452362096
1802 48.5154491927
1803 40.1576293328
1804 48.7485669413
1805 52.883243081
1806 36.6668288353
1807 51.7295069961
1808 47.2143825282
1809 61.1650911009
1810 47.2151664464
1811 51.7370715549
1812 52.9957315145
1813 54.1504411888
1814 50.2170823292
1815 45.5579282922
1816 49.7066460241
1817 48.182124691
1818 54.7484017421
1819 42.5578822017
1820 49.7238076389
1821 42.0096045322
1822 61.7708763079
1823 45.8628773121
1824 43.5203364836
1825 46.398088483
1826 52.7191584801
1827 42.7989302759
1828 48.7892486806
1829 56.1894087113
1830 49.9124212401
1831 47.4831177255
1832 50.7878138709
1833 53.4256569685
1834 51.6131562219
1835 49.3997078218
1836 106.751177933
1837 58.9543213504
1838 52.7856281449
1839 44.6483009976
1840 123.923923186
1841 49.6738326585
1842 51.023831122
1843 44.1336194955
1844 45.44154064
1845 50.3211426456
1846 47.4639388096
1847 46.2346950971
1848 47.1706701498
1849 49.9161107779
1850 51.0308396753
1851 49.4278493352
1852 54.4873019915
1853 54.0029886615
1854 52.0771143547
1855 52.9652980258
1856 59.0442991403
1857 42.8498993973
1858 48.9102722231
1859 45.9332265305
1860 54.1808276367
1861 50.9030236005
1862 52.0606196943
1863 51.0440945511
1864 55.2529414755
1865 51.2121723127
1866 50.2868284632
1867 49.9219555772
1868 45.6378229117
1869 52.8146467256
1870 53.279678184
1871 54.5914719728
1872 61.6931805983
1873 48.6088749322
1874 56.7300149697
1875 53.8861798938
1876 60.2969998261
1877 63.6518501527
1878 56.0393081412
1879 47.4100050006
1880 52.7379805894
1881 51.6097515079
1882 53.4492559704
1883 67.6995651706
1884 64.7828439559
1885 65.3122707797
1886 54.9228320779
1887 46.8094450083
1888 53.8025232868
1889 56.371826049
1890 49.3464062004
1891 49.9100114757
1892 65.2744658375
1893 50.8310277548
1894 43.4945062214
1895 57.0062160087
1896 64.9574553594
1897 49.5894414946
1898 64.9514482393
1899 54.6021327853
1900 70.461935614
1901 60.1662130411
1902 55.1147764562
1903 55.962789749
1904 48.3317366631
1905 61.6756700878
1906 55.7751404803
1907 58.152453421
1908 73.6515858691
1909 59.0872318029
1910 61.7818082655
1911 58.8977706593
1912 51.486893622
1913 47.3560211036
1914 101.168146816
1915 65.7907091991
1916 52.7142559128
1917 58.6110070802
1918 65.6075870203
1919 49.7805418817
1920 48.6616188576
1921 60.2155196543
1922 49.5562889594
1923 49.1281883696
1924 46.3291922077
1925 94.0334647905
1926 54.3864887887
1927 59.9763210096
1928 53.8820011116
1929 53.1297138294
1930 54.0051322447
1931 52.6037312842
1932 59.529991652
1933 55.9353661847
1934 51.0061312516
1935 49.8092040493
1936 65.784379842
1937 49.6379857443
1938 52.2706660367
1939 43.6674230587
1940 54.2684822753
1941 45.5355232875
1942 71.42066509
1943 45.9877753552
1944 48.7059053792
1945 46.4236402287
1946 49.9992517827
1947 50.3696497537
1948 49.7344431789
1949 46.0131580843
1950 44.6339897959
1951 51.5407370786
1952 44.8307764452
1953 47.412401622
1954 67.523006627
1955 38.6710578961
1956 48.6312497234
1957 46.3269427747
1958 48.0318137077
1959 53.8277087585
1960 50.9786742493
1961 46.1211120947
1962 43.7069991169
1963 51.3079577739
1964 53.9007756506
1965 55.0396040471
1966 54.4030477985
1967 46.0658871186
1968 44.3968880663
1969 52.8205890624
1970 42.7251549921
1971 45.9003282171
1972 46.8348719278
1973 44.1856057697
1974 44.4239499434
1975 45.7737045511
1976 50.7565885317
1977 42.3308194799
1978 48.2325641914
1979 49.4585705401
1980 54.9544640333
1981 46.151849953
1982 47.8785703044
1983 59.4696733613
1984 56.2388387017
1985 43.9083633388
1986 60.7177631271
1987 56.5907729252
1988 51.2256706956
1989 53.4605836837
1990 46.8798323043
1991 43.3966033172
1992 55.7137736593
1993 39.2650490309
1994 45.1177782852
1995 46.8811576424
1996 41.9137764665
1997 48.4666970555
1998 37.9297678565
1999 40.229027726
2000 63.2818448602
2001 46.6412912541
2002 39.3685754186
2003 56.4821878465
2004 49.0296657692
2005 54.5921806079
2006 37.5598229289
2007 47.588316484
2008 56.1936241652
2009 64.4446488753
2010 48.0686569149
2011 53.4375531255
2012 54.9531939094
2013 52.3215631255
2014 61.9567298359
2015 54.8784343591
2016 52.4407029689
2017 62.2442857587
2018 54.8477891774
2019 56.1722954836
2020 50.7074497944
2021 52.2120285703
2022 62.6353289295
2023 55.7537888074
2024 48.8539834151
2025 55.7151222683
2026 55.5123999833
2027 51.3513019688
2028 64.2857159009
2029 47.6271014444
2030 59.2841723322
2031 84.7217161629
2032 53.6477574892
2033 47.4081710623
2034 48.5537600534
2035 52.2944146091
2036 55.7966437788
2037 57.77931239
2038 57.5674929883
2039 54.1823705051
2040 42.4888179189
2041 48.4351459914
2042 46.4630995622
2043 56.8893450922
2044 49.2589432329
2045 49.2299961403
2046 60.0694583871
2047 56.3398320412
2048 44.5608628525
2049 50.054480157
2050 48.7689367755
2051 50.6126586828
2052 43.8100893949
2053 59.7648003526
2054 54.6684862473
2055 48.959772849
2056 50.4581250363
2057 52.2856895534
2058 52.9718978099
2059 49.5578958813
2060 48.7910007355
2061 53.1793941914
2062 66.5588397727
2063 48.758027593
2064 62.4724711331
2065 41.230000171
2066 50.4317726395
2067 48.6427574217
2068 62.1808059655
2069 51.0436125991
2070 52.4487558262
2071 44.9734945146
2072 56.1739179085
2073 54.4347667042
2074 52.9721563725
2075 51.5630780946
2076 49.4014884319
2077 50.1760723733
2078 49.6409792325
2079 45.9852795614
2080 73.4922673922
2081 52.5146450296
2082 53.1105544971
2083 52.0413042121
2084 52.5305926165
2085 51.6303856289
2086 46.0851098696
2087 49.3917843081
2088 50.5493999343
2089 47.9566865282
2090 54.9242975701
2091 49.2222060958
2092 51.4836510301
2093 65.2484394391
2094 45.934321232
2095 54.604882332
2096 54.1567838013
2097 50.8431859156
2098 60.5568534739
2099 68.4180541895
2100 62.4272326838
2101 53.9274206572
2102 58.1865618704
2103 55.3391560202
2104 58.4428470179
2105 53.4490239742
2106 50.8418370866
2107 53.6499711389
2108 51.6017943236
2109 45.6300003492
2110 51.4860330524
2111 54.6705403552
2112 60.2109626054
2113 51.5205799232
2114 61.1184043721
2115 52.5163683213
2116 55.3221963951
2117 50.2616949805
2118 59.4371090918
2119 50.3957078088
2120 62.5790748613
2121 52.7260052956
2122 44.7246079544
2123 48.3136145248
2124 50.4491866008
2125 51.1988545018
2126 77.9418624454
2127 56.3710170612
2128 42.8816580008
2129 52.4642819143
2130 43.4417751002
2131 51.7558762515
2132 51.2219000753
2133 43.5218709912
2134 49.40539522
2135 53.1233054417
2136 49.7321733537
2137 101.003990525
2138 43.8385583176
2139 53.5707892146
2140 48.7712645351
2141 51.9828291015
2142 50.7002561579
2143 64.4873745559
2144 49.9352705122
2145 54.9474920052
2146 49.8450237511
2147 45.3193309089
2148 52.3148663924
2149 55.8346250748
2150 43.1852125633
2151 52.9179442883
2152 52.9494409556
2153 44.6420137275
2154 60.6074428501
2155 58.7893635849
2156 52.1723643697
2157 55.208187752
2158 53.3575577733
2159 59.4793213604
2160 49.4632838325
2161 56.2485512627
2162 58.0769660573
2163 62.4843147186
2164 67.2860871381
2165 62.0808936556
2166 52.227259905
2167 59.6769631559
2168 49.4692297494
2169 49.5287550629
2170 56.4668618203
2171 56.2118581064
2172 52.6729329762
2173 46.5317805951
2174 49.9194556573
2175 63.3186140738
2176 71.1650129246
2177 40.8724063969
2178 50.3680875276
2179 49.0434354569
2180 52.6523089786
2181 59.5159601941
2182 57.5446867845
2183 48.7858670273
2184 57.6563033245
2185 56.2920134076
2186 51.3368236931
2187 41.2479331079
2188 54.8931249206
2189 61.7458411926
2190 58.8234872161
2191 49.3787433595
2192 49.6481802815
2193 52.0463163218
2194 46.5087322576
2195 56.5619262342
2196 47.6219182158
2197 67.6407303359
2198 51.2082836333
2199 54.2013709111
2200 58.9053289775
2201 52.4517542423
2202 54.2025310768
2203 63.906508535
2204 49.5673355186
2205 57.888202793
2206 54.2522499671
2207 57.320897458
2208 64.7781628743
2209 63.5232977476
2210 57.5524231705
2211 50.2229450996
2212 53.4641994189
2213 50.1809673847
2214 50.4286012743
2215 59.9141956988
2216 56.2453978166
2217 47.8055313854
2218 49.6430293454
2219 55.434916145
2220 49.4235621415
2221 51.650013342
2222 106.428427186
2223 67.7726057236
2224 48.4250891803
2225 57.7702420774
2226 56.6055767171
2227 48.7203099079
2228 60.0812994169
2229 63.3950096513
2230 57.1368251895
2231 55.782484159
2232 56.8502801249
2233 57.3877544583
2234 47.0094345345
2235 55.7273928002
2236 49.2108561815
2237 52.218565962
2238 50.8472707943
2239 53.4410118849
2240 54.7847491325
2241 61.849003756
2242 52.9464888784
2243 50.513789468
2244 51.8126996211
2245 49.2267886763
2246 51.323742303
2247 59.6239035842
2248 47.0367586338
2249 48.2258816011
2250 62.5463126479
2251 48.8538065401
2252 45.6453839167
2253 56.5651520176
2254 59.6739000047
2255 51.4952446918
2256 57.4057196131
2257 52.5628141221
2258 49.5156471631
2259 52.0533956449
2260 63.6947032256
2261 61.0993781938
2262 57.7347730299
2263 51.15465674
2264 51.7899777009
2265 65.0954575962
2266 50.0314677385
2267 49.9602842336
2268 50.4598999443
2269 57.8681178062
2270 50.3234123303
2271 55.9473735186
2272 67.7577910169
2273 55.1479398752
2274 52.0741383461
2275 58.1853451111
2276 46.6353596356
2277 60.4161044082
2278 52.5453623959
2279 69.6190745364
2280 47.7570349459
2281 64.2225199792
2282 59.2518029518
2283 51.8226290124
2284 61.6817576534
2285 51.2998192307
2286 50.4788302234
2287 51.5562223649
2288 64.860973578
2289 58.3809963069
2290 55.7143928745
2291 48.7461421162
2292 45.734030843
2293 48.5163365334
2294 52.3069152194
2295 50.1525314332
2296 57.8497843182
2297 50.71096267
2298 52.4617300303
2299 57.3987604301
2300 52.8632690781
2301 58.6042704898
2302 62.9500397029
2303 65.0171568837
2304 54.443517395
2305 58.2301343727
2306 58.3400792918
2307 50.5315005052
2308 50.9959428842
2309 61.8044965591
2310 53.9501237615
2311 51.195633717
2312 57.0680693413
2313 55.0878180749
2314 51.4623077795
2315 45.7558949037
2316 59.0089752692
2317 52.9322775256
2318 53.4055983295
2319 50.9012073383
2320 60.243695264
2321 49.6177778558
2322 49.2671060935
2323 49.9383403768
2324 50.6174417152
2325 48.7958569827
2326 50.5831890434
2327 60.0287239562
2328 45.5126401829
2329 38.3442078065
2330 51.2382355828
2331 55.4403601976
2332 51.7742815271
2333 45.8126523268
2334 52.5697262905
2335 46.8200299077
2336 50.0978131829
2337 48.301409764
2338 55.6500570129
2339 44.6145245741
2340 51.8393036193
2341 44.8833412574
2342 52.8590894791
2343 47.3410644306
2344 47.5633788349
2345 46.7961937717
2346 43.681271297
2347 51.6343328741
2348 46.959830502
2349 45.3240027056
2350 53.8792279232
2351 46.625542881
2352 57.119762269
2353 44.0591624117
2354 52.4971210955
2355 52.4766642026
2356 61.5717671583
2357 57.3740449638
2358 62.4209415611
2359 50.0291802665
2360 44.1220602836
2361 56.3592931196
2362 46.4000575612
2363 47.9400836928
2364 53.051615042
2365 45.4397734797
2366 46.5493634852
2367 65.2439540521
2368 46.6664409368
2369 44.4274978758
2370 46.8588628913
2371 45.3619551505
2372 42.2235363645
2373 46.6181270407
2374 54.2794425596
2375 40.3612300465
2376 45.69417118
2377 45.448614529
2378 47.3376037913
2379 48.9010624701
2380 49.9338338549
2381 45.229387238
2382 55.9080155909
2383 71.492504819
2384 47.2908915605
2385 53.5322419829
2386 54.8090481237
2387 44.8325111313
