u s
1 54.6473898482
2 72.7216061398
3 56.196179614
4 62.6571962249
5 60.1640929831
6 61.9683422443
7 54.6355072688
8 55.4304369864
9 71.0677740488
10 60.8793749684
11 58.5126110097
12 66.7713037916
13 66.7082615071
14 61.4269263785
15 69.4951516155
16 59.9148770582
17 53.0443379685
18 56.2746693536
19 168.231259162
20 54.8886752607
21 61.7733274709
22 59.904213294
23 67.9831849626
24 60.9328486701
25 65.5037960008
26 73.2708943029
27 66.9260812621
28 62.92717626
29 52.2945499947
30 69.5557076926
31 62.282893871
32 82.6871697444
33 60.1045621103
34 64.5395721682
35 56.9844125431
36 69.5762182808
37 73.4340711758
38 59.9799333319
39 51.1027478028
40 65.7562535077
41 63.0673926595
42 64.260515993
43 61.7758415573
44 61.2317640733
45 73.6978310482
46 65.3325795617
47 61.6821421504
48 57.1193500169
49 47.6685444313
50 58.8158886564
51 61.7849747439
52 63.2184093969
53 65.463671076
54 62.404465628
55 153.912331286
56 63.9854152682
57 80.765063057
58 68.4573613883
59 61.3087711315
60 62.6299195127
61 64.8762640807
62 81.7681725051
63 62.4166949147
64 72.191296302
65 82.492673015
66 49.3761455386
67 60.8601046934
68 57.187984551
69 117.06821143
70 54.8279415838
71 45.1005134979
72 45.9665421169
73 44.7742903037
74 61.4493595485
75 59.3985049658
76 58.7740894744
77 58.0198359036
78 57.626250029
79 61.3867629349
80 68.1103583786
81 49.0042296474
82 57.4622675751
83 47.4526609382
84 55.9114504463
85 53.930756454
86 58.3770686989
87 59.6238998352
88 46.5376517956
89 60.6956524267
90 47.3440148312
91 58.6099308106
92 56.3517722683
93 55.4232286935
94 69.5593083028
95 53.6558098347
96 51.598878451
97 49.1585636957
98 132.968648822
99 47.3496631701
100 55.6049604304
101 57.0915800593
102 58.4358467915
103 55.9307201987
104 61.8317604227
105 58.4822303313
106 60.8037481394
107 51.8717587247
108 61.0068011983
109 61.7508557586
110 45.559392921
111 59.6956931833
112 72.877115644
113 64.6442597231
114 59.9781169613
115 59.5220270874
116 68.2229995217
117 57.7968143103
118 61.4754758178
119 56.7711621527
120 57.8665182057
121 58.1037998802
122 51.8968895418
123 56.7483735291
124 58.5060076073
125 52.5033479817
126 56.0396635853
127 45.9981817204
128 51.7392238629
129 57.024504585
130 53.4854731165
131 63.2772911752
132 62.9289474836
133 67.632947738
134 59.4785321766
135 60.6024339871
136 54.4206690668
137 57.9486338499
138 61.1703509867
139 66.119537791
140 58.4707209868
141 65.3565163573
142 56.8456670105
143 62.3107638651
144 62.5497677034
145 63.4615420665
146 54.9064166253
147 56.1209568883
148 57.57305556
149 74.1444207024
150 61.727273003
151 68.1023824396
152 56.197108267
153 57.3227407941
154 61.626420672
155 63.433859992
156 54.4181886154
157 58.4042055316
158 58.2602230336
159 65.8478172955
160 58.4626343655
161 57.608083849
162 53.9185508589
163 63.040312564
164 55.897730126
165 55.6875891385
166 64.9131618797
167 56.2335228027
168 56.6635716623
169 74.8963982146
170 49.9239441465
171 56.0893059423
172 56.1770661225
173 56.8818723807
174 59.6002320331
175 63.5452943734
176 65.1799403412
177 59.1768666922
178 61.7434194983
179 56.411965839
180 67.3057988278
181 54.8951106989
182 64.2235440555
183 61.7948619684
184 49.0959977514
185 56.7064340379
186 56.5972926043
187 51.9435189843
188 67.1163708839
189 59.6163142811
190 56.6493079313
191 53.0688949185
192 54.8152067903
193 66.6852699766
194 57.7480886672
195 61.6505660238
196 62.4862827558
197 61.8845525757
198 59.2231066888
199 70.7151525725
200 62.4159305536
201 55.5622218509
202 57.7360433034
203 73.3231428111
204 68.4010957217
205 59.3327613135
206 55.3606635631
207 65.2513556277
208 58.8871788653
209 72.5656244029
210 60.0016518738
211 57.5631907092
212 48.7696576548
213 47.0985041492
214 56.488770644
215 58.824015533
216 50.0957263619
217 66.3623406978
218 68.0771695472
219 57.5622349466
220 47.1245026174
221 64.00480815
222 59.0841212119
223 74.257870692
224 60.406351027
225 67.394825161
226 62.7908730391
227 67.8943616984
228 55.8614598985
229 44.4858607352
230 69.9300072991
231 79.3614365359
232 64.5429976557
233 175.591623114
234 59.0255556728
235 63.6958629567
236 192.233294002
237 77.3754174303
238 61.9670853833
239 65.5395186011
240 54.7659541729
241 76.6336927639
242 61.3112111537
243 68.3666727966
244 62.5163040781
245 59.7603725288
246 62.7734703483
247 67.7746650362
248 62.9198240329
249 54.9647149282
250 73.5686180366
251 61.8161215296
252 59.6438256015
253 58.8365253571
254 60.2827954693
255 79.3519650226
256 66.1114766882
257 70.8448551542
258 67.6497861241
259 56.2233523657
260 61.1743525451
261 54.6441826275
262 57.9334105601
263 102.159170118
264 52.7717305205
265 51.4852637054
266 48.9300006927
267 53.6717099219
268 43.3183493468
269 45.6343585153
270 55.2314366434
271 54.1545773182
272 55.1312928113
273 51.529757078
274 53.0244753509
275 55.4423607611
276 53.5411863837
277 66.0137887427
278 54.9907890682
279 59.4488461964
280 50.1466287962
281 52.9996983199
282 44.8810412875
283 50.4811741019
284 65.5647721326
285 42.7230242647
286 51.5047105553
287 61.0379445004
288 53.111957176
289 59.1454032287
290 54.5017489522
291 55.713571855
292 54.9507911301
293 54.6666590904
294 60.7560255454
295 42.0919861345
296 55.4181847122
297 52.8227161483
298 56.764772113
299 47.4552538354
300 61.8790700958
301 49.3874417927
302 51.0339066673
303 51.2351470596
304 52.214692916
305 46.5744937326
306 61.5506036077
307 61.5747749471
308 58.1021077984
309 51.2052372551
310 50.3646472399
311 55.8019486292
312 47.1864015866
313 52.0639342253
314 46.2461922946
315 56.1042157041
316 56.8446356912
317 51.1631335867
318 48.2929924844
319 54.4645215329
320 56.2703617217
321 53.7268628798
322 57.5286854241
323 54.5999534901
324 64.0333899194
325 51.7142392349
326 61.9036583626
327 55.6389754977
328 59.3540077617
329 54.5653963104
330 55.7937252373
331 53.5728528638
332 51.1315489191
333 60.7526081356
334 58.2311173239
335 54.6344533617
336 59.9816632009
337 55.3126761687
338 45.0265196033
339 53.6798760426
340 48.1266404392
341 67.3936689984
342 54.0167855491
343 58.9037982771
344 60.535490938
345 52.3487712542
346 50.0736126391
347 63.2569291351
348 69.7568227516
349 47.1346223596
350 58.3080927675
351 57.0931434024
352 65.8761904968
353 54.7847124296
354 59.9785491099
355 48.9396033567
356 65.671180521
357 57.805569725
358 59.4447394185
359 56.7429097579
360 54.7985438117
361 54.129258523
362 63.0775104998
363 55.1227387547
364 67.1133452482
365 56.0514012894
366 54.1417848549
367 70.567010536
368 68.5572846853
369 50.2479907541
370 95.3213428905
371 67.4766587024
372 68.5690266639
373 60.4058813713
374 50.2248398635
375 57.7423262279
376 52.118831868
377 50.1437209552
378 50.5590417018
379 59.014942946
380 55.8823255489
381 57.9179239436
382 53.8644806871
383 57.1293581054
384 56.1193252843
385 57.3759593312
386 58.0944228886
387 62.4007622786
388 45.4836735396
389 65.2586258314
390 58.3440060363
391 59.2933925583
392 47.2904681139
393 60.4383227983
394 62.6565066562
395 50.3965705368
396 55.9455331472
397 70.338667117
398 70.5051778392
399 70.722204931
400 60.422872856
401 62.3001018369
402 45.3319639774
403 66.5689437301
404 69.4392963319
405 67.4386065489
406 69.002834639
407 61.3045519319
408 51.6567051157
409 60.3808350122
410 65.558585589
411 61.1361149067
412 61.4726769202
413 75.4069660628
414 62.9469023815
415 54.2303984583
416 60.3140798637
417 62.7216916145
418 49.0814789419
419 63.6896457811
420 59.7288857295
421 72.3017147242
422 53.0113147186
423 77.7144214563
424 66.9429293744
425 56.497075715
426 60.7429915971
427 64.8235776329
428 63.0467688321
429 70.7972057606
430 49.3428416825
431 69.1227666757
432 58.8259099119
433 67.4405077814
434 66.9621446113
435 75.1926390059
436 56.996254809
437 67.2296971956
438 58.9813928807
439 51.8500276169
440 59.5998988597
441 65.080477785
442 51.8474381397
443 63.6909661701
444 44.7129246809
445 62.9913554403
446 61.5183956356
447 63.4262015563
448 61.6577082171
449 49.0657341948
450 63.5699010716
451 60.9872733927
452 45.9293501601
453 73.3420717793
454 77.9909609093
455 59.2879906366
456 64.4819672609
457 74.7224105821
458 56.8281410218
459 52.9102027051
460 65.4162986209
461 59.5723900725
462 54.4903496296
463 62.7754429828
464 53.5261024952
465 44.2850066401
466 64.9950430285
467 57.544425856
468 65.456102305
469 61.2498997043
470 62.8150920879
471 72.8892630264
472 73.5386529133
473 56.5294349349
474 56.4684361767
475 51.0278824788
476 63.4487450406
477 69.0428643829
478 55.3862975689
479 58.1618811345
480 53.7650178968
481 57.3801556986
482 57.1638861553
483 54.3276166113
484 56.4944743695
485 51.2117730831
486 54.7947449442
487 56.6086037321
488 46.3621033846
489 49.0989586242
490 99.232526801
491 66.706594335
492 56.5821462174
493 69.3190519425
494 55.9989515454
495 64.9769040028
496 61.562098386
497 61.1612474701
498 50.729292788
499 56.8259795087
500 66.8890702559
501 58.9873885325
502 56.6380841397
503 56.8898571868
504 57.6854747395
505 66.3217008724
506 64.8064605966
507 57.4466709502
508 59.506515476
509 58.5561296016
510 57.0309227355
511 57.5620195969
512 55.1524556645
513 59.470919416
514 66.160441115
515 61.4924023712
516 58.4941763973
517 56.5712094789
518 55.8730908452
519 52.0039824837
520 55.984099036
521 52.7716312008
522 57.2319455387
523 60.8552598716
524 54.1477662559
525 49.9800654679
526 65.4239111991
527 60.2189931465
528 54.748204482
529 51.1487841514
530 53.5189938074
531 66.9080598392
532 52.8224158733
533 66.5096990311
534 50.6727496692
535 44.9702241554
536 60.2914836709
537 54.8424748838
538 56.5342555252
539 48.5281154268
540 53.7628731813
541 42.3216793109
542 54.1828633706
543 57.5292403434
544 63.4353985597
545 58.796617851
546 52.5522940286
547 46.8166089746
548 46.6433762429
549 56.3155561
550 54.1277305832
551 56.0664422605
552 57.3243259239
553 54.1610052785
554 59.3118308646
555 49.9173668869
556 42.4473849805
557 104.155158641
558 57.5709312534
559 54.0282781187
560 63.6271191157
561 64.0867930359
562 114.135768169
563 54.3111383928
564 54.9325011837
565 60.3551096516
566 54.1092099577
567 58.839875313
568 55.8559672809
569 46.2006335254
570 59.0926989752
571 56.6966207319
572 58.3546978717
573 45.0336288309
574 70.524019885
575 46.3824682163
576 62.3087397951
577 65.0298203314
578 53.5186557283
579 52.6528731509
580 49.4459909635
581 58.406573768
582 58.4708662702
583 50.8307205374
584 54.5163686971
585 66.8216640462
586 41.3535062785
587 44.5616642786
588 53.2366267712
589 52.9728412
590 48.7149698339
591 55.5080721262
592 50.1966612654
593 49.6562896886
594 52.7058018699
595 55.9105550365
596 53.1187369021
597 50.0910410712
598 48.8760101091
599 54.0054305478
600 45.2082426482
601 49.4333797077
602 68.0053297312
603 52.2740211015
604 61.4742183818
605 54.4773962347
606 52.7870977403
607 61.0031095621
608 51.9259643105
609 52.730957667
610 48.0539170321
611 50.1524406743
612 56.2425776638
613 51.2701601987
614 50.8198453913
615 53.8951476128
616 52.5096019687
617 59.8222830592
618 49.0203947515
619 79.5065468253
620 40.4428827133
621 51.0739695212
622 53.5299306324
623 55.7243797576
624 52.9194739586
625 41.9422997809
626 39.4848132783
627 49.8855166863
628 51.5264600123
629 51.5349187126
630 41.6094192661
631 56.3316232645
632 49.9133473407
633 57.1088712824
634 52.6077289587
635 58.7146749879
636 43.2209440899
637 57.8730594149
638 48.2510583685
639 50.7588856732
640 47.8637336205
641 38.7482361435
642 46.628071938
643 57.363870629
644 52.2692984225
645 50.6587850223
646 53.8403041113
647 50.4347484289
648 49.5494470092
649 40.2867483561
650 61.0418182447
651 59.3721336675
652 66.7108267478
653 69.349472503
654 58.0087977292
655 63.7859299221
656 76.2291439884
657 63.4948427245
658 53.9863665658
659 65.1437476796
660 74.8301207556
661 71.2868087732
662 60.7622435612
663 68.2390330029
664 76.5831420303
665 59.5509921137
666 66.7332217325
667 61.5710342257
668 59.7839535502
669 64.0158513863
670 57.2950756212
671 63.5504832766
672 62.2338401182
673 71.2853602185
674 52.3989338965
675 61.7337572334
676 68.268926803
677 76.4727754918
678 62.6581236039
679 54.1643873782
680 70.8031790186
681 63.9004309649
682 65.0049626735
683 69.4230393989
684 64.8043734979
685 63.9005842595
686 75.8782857366
687 64.6090495957
688 60.0688960527
689 65.5447117816
690 117.056771633
691 59.7244560761
692 66.7542874842
693 75.4735760484
694 62.1089493971
695 59.8942783362
696 60.3291756264
697 70.074871383
698 67.5479716477
699 62.8210355542
700 63.8193429095
701 62.3881436489
702 70.0325475106
703 71.1967421949
704 74.0193854254
705 67.8789434419
706 66.9867547502
707 59.0569465339
708 75.358147904
709 67.4523351404
710 57.9380648103
711 59.9968681403
712 61.7420256909
713 71.3900055807
714 53.3905606843
715 54.9002278327
716 53.7398594907
717 46.1299465633
718 49.0929003941
719 54.4082050824
720 42.2965492015
721 50.6770470764
722 52.3215694691
723 50.4933033211
724 57.1891351836
725 52.0078293269
726 54.8927290933
727 53.6705932139
728 48.7118963047
729 45.1774302047
730 52.7384320673
731 57.1011298081
732 49.9231340645
733 55.5281572428
734 39.2557599621
735 44.6447336975
736 48.7775192421
737 48.3282952177
738 52.0662670447
739 51.5610004925
740 53.4224529494
741 48.390072908
742 50.3785777902
743 50.4184984171
744 51.948468604
745 50.9360950978
746 62.8630836907
747 57.6788448416
748 53.1243328816
749 62.6281010624
750 51.5129506387
751 50.7459056175
752 58.0221500501
753 61.619158679
754 47.0208762967
755 56.6017123603
756 55.0261727097
757 65.1845075986
758 57.1510281831
759 51.4341406174
760 62.3730196429
761 56.0792035095
762 51.3372644155
763 52.9316318445
764 50.1598100805
765 52.5404456803
766 48.9317968225
767 58.3881259239
768 47.7935568107
769 49.4655779575
770 44.9241236695
771 48.0593352392
772 49.6573048631
773 58.4046396439
774 51.4346717327
775 55.524879542
776 63.2265701208
777 48.291204302
778 47.7487748032
779 45.8347191235
780 63.0892903225
781 43.2717286659
782 61.0623362353
783 58.2138740958
784 63.3691486161
785 55.5994025677
786 67.7254497502
787 45.7576932355
788 63.685967567
789 53.8258942792
790 56.4087499204
791 57.978780195
792 60.8998663705
793 50.3092701221
794 53.0981420822
795 58.1767288264
796 55.8862523871
797 61.8992678895
798 64.7148998751
799 62.6857212189
800 58.1116093751
801 43.1194662841
802 51.2656380276
803 67.3537442107
804 64.4530493872
805 41.1187158042
806 50.6108528491
807 54.8056401221
808 69.0269411807
809 44.3950790604
810 50.5004330644
811 62.2846705936
812 66.2959162573
813 59.377809391
814 53.2944050846
815 47.7362042057
816 99.7470850658
817 56.2306138247
818 66.1859042407
819 58.0416592242
820 55.8123962686
821 50.8620237743
822 57.8336752438
823 57.4729048668
824 51.937880635
825 60.4782993625
826 47.552490332
827 45.0013154359
828 58.9705275652
829 66.3855431297
830 58.7765333324
831 66.8980965724
832 56.2341860517
833 55.501692736
834 61.0171791553
835 56.4692052203
836 57.4240982003
837 70.8887813754
838 59.0124880486
839 47.4854945305
840 56.8217690462
841 59.1884543595
842 59.7736574129
843 58.498015975
844 68.1995893863
845 48.4917766822
846 58.587064955
847 59.9398057485
848 52.6497012842
849 52.4731522772
850 53.0859495025
851 65.5273688982
852 56.6530562517
853 57.8944445771
854 69.3682676919
855 48.0459267594
856 54.5161602297
857 54.5019801208
858 55.5152422358
859 65.361033628
860 54.3207316218
861 48.0861728766
862 55.9676232649
863 57.936687867
864 47.2086328304
865 58.494511222
866 52.7439294208
867 54.6543613083
868 50.1834696046
869 54.1751893497
870 48.6730579979
871 53.4680629802
872 53.2256660137
873 50.8203136926
874 51.033060956
875 54.6530429743
876 61.6421908005
877 49.650704604
878 52.5798776506
879 53.1183811106
880 58.9141016655
881 43.8902312362
882 50.4036112994
883 55.3554023048
884 55.7240152643
885 63.7902581436
886 44.7182544889
887 52.3348931398
888 43.9736854912
889 57.292697443
890 56.5399511974
891 50.8544449967
892 58.5266837671
893 52.9325003304
894 50.2596085267
895 47.1683185028
896 54.8668774377
897 48.9630875045
898 61.1958363803
899 53.0684797511
900 56.7954333739
901 48.7516864047
902 51.8636773614
903 60.5442410536
904 60.7078392469
905 57.7653038064
906 54.3006272442
907 59.5870328226
908 56.0721921378
909 44.6421741992
910 60.2972529759
911 56.3157385385
912 75.4079844162
913 57.4532462193
914 60.1368559893
915 58.1669228621
916 61.7054574996
917 60.107231898
918 58.5095146614
919 62.7112076562
920 57.9660402395
921 54.2295917278
922 59.6978419737
923 57.2608867692
924 64.9104840502
925 75.748691551
926 66.838849145
927 70.6711694782
928 70.3256475682
929 58.4340078788
930 60.3198956872
931 53.1205456879
932 60.2051211919
933 53.8071155742
934 59.8368996981
935 65.1817540315
936 67.6967191294
937 67.0997319034
938 64.6609927239
939 65.0535195844
940 61.0890689248
941 59.1112583744
942 60.6304894676
943 59.8408850118
944 59.9178823112
945 52.2031329391
946 52.2335145357
947 63.2671913216
948 63.470531416
949 64.6130079763
950 68.830966659
951 56.1651732735
952 68.3389809248
953 59.7419382005
954 55.0314495646
955 66.5329773014
956 67.3663968274
957 63.361301816
958 60.2572971667
959 59.8190253935
960 65.3469356259
961 68.6582038006
962 67.0142859678
963 65.1113850875
964 60.3288084552
965 55.1308584239
966 63.8078682531
967 54.8766441155
968 61.3594475934
969 57.204809373
970 62.8961990411
971 57.8107231838
972 58.3162726359
973 61.2265048416
974 57.8562458787
975 56.0205201253
976 61.0717311413
977 81.068293708
978 58.1212068179
979 55.1621410573
980 66.101059061
981 58.1592483693
982 71.1180004668
983 53.1645961625
984 54.0830124648
985 46.2782928377
986 64.5875451452
987 49.7547529966
988 54.0097229894
989 64.8684024171
990 61.4346219507
991 70.8386317739
992 56.8437806282
993 54.5771340131
994 58.5726233004
995 59.9516926111
996 73.9586352337
997 69.3983038371
998 67.1143894549
999 54.4645078725
1000 58.0083128777
1001 59.6108305616
1002 53.260606074
1003 57.7144952463
1004 68.3510343457
1005 65.4835112676
1006 70.3758671506
1007 56.1233906541
1008 71.287029023
1009 64.3276229846
1010 73.5999908846
1011 57.711879223
1012 65.234483283
1013 60.3016744002
1014 50.5515079459
1015 60.8922087218
1016 62.6780890864
1017 59.3049964436
1018 63.4252001659
1019 58.6365800992
1020 61.8379273611
1021 57.5160633076
1022 67.9130373101
1023 47.7124579327
1024 53.1660308832
1025 59.6670072678
1026 59.7194106915
1027 57.8591572135
1028 69.2985138421
1029 63.8248777436
1030 59.9524963495
1031 64.5646050747
1032 49.3470512808
1033 57.6979681692
1034 50.7487938453
1035 58.0176047235
1036 54.7631248547
1037 51.2016946651
1038 54.1991163973
1039 61.7522645747
1040 53.6958869143
1041 54.156942442
1042 54.5361251886
1043 47.2317315201
1044 52.9477160001
1045 47.1217691354
1046 52.5040389849
1047 46.4422100348
1048 58.9256319074
1049 46.6024851882
1050 40.1260912437
1051 57.3338229549
1052 80.2951667418
1053 50.1814144205
1054 56.4246117422
1055 56.3917313764
1056 65.2879478884
1057 58.6546157683
1058 54.2923768812
1059 57.5489191568
1060 54.9533968163
1061 48.8768285948
1062 57.0987211656
1063 55.079276147
1064 52.4281963053
1065 55.6924349089
1066 53.8751428468
1067 48.8225329201
1068 61.4828139629
1069 62.2196149409
1070 53.383004049
1071 54.0866521754
1072 54.3221126949
1073 59.0647734736
1074 58.7555885825
1075 48.6840461442
1076 53.738362384
1077 48.4918939996
1078 54.3852193181
1079 60.6702247468
1080 66.7925102566
1081 55.7514541729
1082 51.7615830746
1083 67.2545798509
1084 59.3627466192
1085 48.0638759284
1086 44.4515132255
1087 52.1674429712
1088 52.980497793
1089 51.5398582228
1090 53.8203094782
1091 51.4694434297
1092 55.0457080154
1093 46.8048753667
1094 57.407892396
1095 53.8983377291
1096 52.6678278352
1097 57.9277435983
1098 56.1067385033
1099 53.1109251931
1100 57.7658353065
1101 52.8518998112
1102 56.4097488529
1103 53.7813633731
1104 53.1706089525
1105 58.2957530995
1106 58.1805566933
1107 51.0458994246
1108 70.3651329743
1109 60.2896000932
1110 57.4682347516
1111 54.0375741526
1112 55.9368005132
1113 53.0366537252
1114 52.5702641746
1115 52.5342488396
1116 62.6884630094
1117 50.2315414804
1118 49.0906938378
1119 49.9725418893
1120 48.6847091542
1121 52.1171236501
1122 60.0768699045
1123 52.3228217135
1124 56.8349920265
1125 57.050839759
1126 56.4962010731
1127 58.1110376039
1128 67.1786011817
1129 52.7955157369
1130 48.9390593861
1131 47.8270782024
1132 53.0339486762
1133 53.3755645079
1134 53.6935443918
1135 58.2104664799
1136 54.4986453041
1137 60.1660697724
1138 56.8739114895
1139 52.7717518781
1140 48.990861159
1141 54.0594850714
1142 78.0199299767
1143 53.6489940133
1144 59.7052663602
1145 62.9364750959
1146 51.2812042142
1147 57.9774460617
1148 53.6444098175
1149 55.0129012134
1150 58.0990778893
1151 52.369442684
1152 58.8684512607
1153 50.2775474364
1154 53.1365481471
1155 62.3502045756
1156 59.3089133204
1157 62.4759599375
1158 52.6590425949
1159 55.4491114673
1160 66.0232700803
1161 52.3050023226
1162 64.3738949253
1163 66.9037701943
1164 52.7006158911
1165 52.8671778936
1166 51.380941802
1167 51.1636530988
1168 67.6676557063
1169 61.3368905448
1170 65.0409735331
1171 53.8599822044
1172 54.9801151746
1173 48.6216814838
1174 62.7170396972
1175 56.933859206
1176 60.5617796344
1177 58.5103120584
1178 51.9206040884
1179 59.3852910375
1180 67.7441011839
1181 58.3488154224
1182 49.5103567581
1183 51.4731036133
1184 50.6354207283
1185 53.6183166684
1186 55.5675276198
1187 50.4763471027
1188 50.1293062233
1189 61.3855609217
1190 49.7444833654
1191 57.6481331647
1192 53.291510632
1193 51.8337110113
1194 59.5465775499
1195 67.4755517749
1196 58.090840955
1197 51.407164343
1198 48.2507262481
1199 61.0570128817
1200 67.540815166
1201 54.1304059415
1202 49.8617869011
1203 47.8208332796
1204 48.7373255119
1205 59.0203586221
1206 49.6252262092
1207 54.0739021847
1208 45.6824827962
1209 54.0073604378
1210 56.7960013674
1211 55.2017010335
1212 50.8838862222
1213 68.9758785749
1214 62.2161000141
1215 57.2820021066
1216 56.6278202731
1217 82.7601814039
1218 50.9245295066
1219 80.7572517292
1220 54.193740315
1221 52.7103956209
1222 50.768648965
1223 51.5052594257
1224 55.5934380424
1225 53.21191826
1226 47.669150866
1227 66.4416743092
1228 59.4024722608
1229 53.8338134388
1230 56.402195194
1231 65.3906450149
1232 76.9554417736
1233 50.9240707919
1234 51.8167538491
1235 73.9534810694
1236 64.6732343405
1237 50.9343011418
1238 66.013470783
1239 58.1822344285
1240 67.7880961178
1241 48.8783042087
1242 56.5292381279
1243 55.5565419404
1244 54.6885453101
1245 60.2599759766
1246 62.4975115102
1247 48.2549032995
1248 53.3017604867
1249 57.9526900635
1250 51.0332268054
1251 52.9537000641
1252 51.006802638
1253 52.9218776899
1254 50.4886631323
1255 56.1466346957
1256 44.2663262565
1257 53.1600357909
1258 55.896142358
1259 61.3621132971
1260 125.672795445
1261 73.065033231
1262 52.4515224928
1263 56.128117171
1264 64.7698134516
1265 53.7956731449
1266 47.7582702972
1267 63.8918023401
1268 52.6278391404
1269 75.6363887799
1270 62.2188138165
1271 66.1292428723
1272 62.9248713572
1273 49.9093471614
1274 51.6325479752
1275 49.4111643436
1276 59.2674563798
1277 54.2024612865
1278 56.8082176702
1279 61.6078637979
1280 64.3183088841
1281 64.6981444935
1282 56.1664184926
1283 51.0392373999
1284 61.9307603337
1285 65.845450172
1286 45.8993410242
1287 52.3013084821
1288 51.4350162131
1289 61.8412855079
1290 51.2757386761
1291 73.546955737
1292 52.7737301014
1293 67.1346684118
1294 51.3463105447
1295 57.1841033083
1296 69.0639899689
1297 54.1254730525
1298 63.8290705764
1299 52.494983215
1300 60.251184399
1301 57.9965980761
1302 52.4567133617
1303 116.025605224
1304 61.0932222979
1305 64.2342200577
1306 56.3604502388
1307 67.6035932788
1308 57.9539109338
1309 56.162201768
1310 53.6321274889
1311 47.1713103847
1312 67.3891944176
1313 64.2252553883
1314 53.765860636
1315 64.3418524073
1316 64.3055802097
1317 57.0949254983
1318 54.4748651899
1319 67.0101183948
1320 56.6289220379
1321 60.0235224309
1322 55.1665945204
1323 42.5325617333
1324 64.6961757661
1325 59.4009936585
1326 60.9515938215
1327 56.7062227855
1328 59.8551401514
1329 52.5661088117
1330 63.6408887744
1331 58.4556272177
1332 43.8841266178
1333 113.620255528
1334 53.5294854714
1335 51.0151637539
1336 54.9497521453
1337 62.739000261
1338 54.7319710604
1339 58.0271530296
1340 53.7817715232
1341 57.182316113
1342 60.35980467
1343 55.2535266648
1344 58.2889201546
1345 42.9156786911
1346 66.3028650872
1347 53.1063753355
1348 53.0624543435
1349 57.3624749898
1350 66.5573391351
1351 60.5177588285
1352 56.8545779166
1353 55.9894062711
1354 66.0164566918
1355 54.5215163603
1356 61.3665480679
1357 58.2113829971
1358 62.8739806699
1359 68.4934161378
1360 56.1082019068
1361 63.6353103488
1362 57.2350575132
1363 53.462066632
1364 52.8935570394
1365 66.8936717061
1366 57.7285808535
1367 63.3164451953
1368 63.339898909
1369 50.5033733297
1370 59.846075692
1371 59.0680253037
1372 58.8516530836
1373 62.7706925059
1374 62.4017226823
1375 58.0432109281
1376 88.2753371239
1377 58.1577241644
1378 51.7175872329
1379 55.643476599
1380 58.2053200792
1381 52.3280930267
1382 63.2276068097
1383 69.5220616249
1384 50.0939570537
1385 57.0545263733
1386 56.1548811364
1387 46.7878476658
1388 59.041925851
1389 56.7774039302
1390 50.5256390676
1391 59.3083936728
1392 69.0248980823
1393 47.0797649815
1394 59.8358872323
1395 59.0760518261
1396 59.6403530998
1397 55.3850772806
1398 63.9556815773
1399 39.9880476834
1400 55.9908347066
1401 58.6188498827
1402 58.6336222465
1403 52.8886370469
1404 57.4952708468
1405 70.4760118331
1406 57.4224800212
1407 56.9217153887
1408 65.7998049662
1409 49.5650524509
1410 55.0508675823
1411 71.8859387723
1412 67.3486439436
1413 58.693668505
1414 64.14753909
1415 61.1133772822
1416 48.8129417393
1417 50.1892955188
1418 61.2061359782
1419 52.9633118073
1420 63.6537351475
1421 43.9821667034
1422 57.3506909067
1423 55.0072047107
1424 57.6021917288
1425 60.8204844546
1426 57.5517612503
1427 61.2884765836
1428 68.6201304073
1429 53.6666177307
1430 51.9659662512
1431 50.5759433539
1432 58.5468584716
1433 59.609594902
1434 67.1492111625
1435 55.1321725881
1436 58.9719849068
1437 57.913913786
1438 55.8817720188
1439 60.9009333375
1440 46.385113434
1441 60.3956336986
1442 59.0139996526
1443 62.6694609565
1444 56.6951170987
1445 73.3234209635
1446 56.7557557452
1447 57.4483917872
1448 55.0724800774
1449 59.1476102694
1450 74.1180189584
1451 57.4682799127
1452 110.430049927
1453 51.018379866
1454 66.7604760716
1455 62.640785651
1456 63.238048294
1457 63.0704832189
1458 60.6659802117
1459 57.3124465217
1460 57.4323116258
1461 59.1903772447
1462 79.1163885788
1463 59.1544978071
1464 50.7645129594
1465 63.5887647072
1466 54.3486186479
1467 48.4995873237
1468 52.0972099401
1469 56.1215773637
1470 65.1079301963
1471 49.948666501
1472 64.0846312121
1473 60.0285206313
1474 79.5637354678
1475 59.381086419
1476 64.3427273178
1477 50.9036816183
1478 56.0406586272
1479 60.803030292
1480 57.2183951511
1481 60.3769111587
1482 58.1176763819
1483 56.4780275579
1484 47.0403769843
1485 56.731766898
1486 57.5607990761
1487 56.7242487975
1488 50.2744583693
1489 49.5452550265
1490 56.3889655049
1491 57.2828183099
1492 61.8936764439
1493 54.8134891463
1494 49.7550486877
1495 63.0895114991
1496 41.3460971822
1497 51.7447829215
1498 55.7065063432
1499 45.1761519929
1500 58.6774042742
1501 60.3372524631
1502 51.0661628276
1503 53.1359942954
1504 50.4458377281
1505 43.4010269787
1506 61.9940817203
1507 56.3032805632
1508 41.135170242
1509 50.0070540008
1510 51.2969291569
1511 41.4605768985
1512 48.7139395636
1513 54.2659873809
1514 47.0951276924
1515 59.2713896605
1516 51.2698336711
1517 96.389341479
1518 54.5371411689
1519 52.493719685
1520 64.9372119977
1521 59.9337739744
1522 60.0577569938
1523 46.7180945177
1524 47.9832949469
1525 47.2955295064
1526 52.3295613853
1527 48.8204563658
1528 55.2304091745
1529 54.5668714374
1530 54.2744857199
1531 59.3369480649
1532 48.5098633122
1533 50.5237453938
1534 38.8430765478
1535 52.2185550693
1536 37.8504053597
1537 52.1590066239
1538 50.7061497589
1539 60.0594792396
1540 58.3218411242
1541 47.6978868681
1542 57.4811511906
1543 50.5891025531
1544 52.2332261696
1545 54.3456037356
1546 52.9235555174
1547 50.5121200133
1548 50.0908653462
1549 41.3087130295
1550 53.4964254935
1551 52.3835681637
1552 55.8679323782
1553 65.1252206239
1554 56.6675039291
1555 60.8087807954
1556 48.9867649281
1557 63.8864002232
1558 57.5310766291
1559 59.0067445868
1560 69.4811016696
1561 55.8068220166
1562 56.1355634415
1563 54.0437941274
1564 56.1252398251
1565 57.2272317537
1566 68.5099560058
1567 52.3898935656
1568 60.4685121603
1569 60.8715744562
1570 52.323912342
1571 44.9079241475
1572 67.3851266686
1573 52.2002334573
1574 57.3422945311
1575 48.4053125769
1576 56.1502098159
1577 55.7406717261
1578 68.0250103001
1579 64.2011911754
1580 56.3221226597
1581 67.7459235388
1582 48.4250205422
1583 57.2847499558
1584 53.7712661462
1585 60.6113051378
1586 63.1028425427
1587 59.9656837162
1588 57.6655189788
1589 46.9699235826
1590 62.2793503806
1591 55.6035475497
1592 68.6184416027
1593 60.0620346761
1594 59.2610388245
1595 58.519971574
1596 64.0555664887
1597 60.0038796027
1598 62.7942956456
1599 62.4144067843
1600 58.0938253948
1601 66.0262273572
1602 54.6911262789
1603 104.977678987
1604 48.0204832708
1605 42.5714421096
1606 57.9756998813
1607 56.3625189367
1608 57.5504850308
1609 119.276734909
1610 64.7711526614
1611 54.9477029767
1612 48.0347533528
1613 53.2977665408
1614 50.7245238574
1615 59.4336504914
1616 56.2194251778
1617 87.9756898699
1618 74.1363302222
1619 79.2502695935
1620 76.5734356314
1621 66.4291287625
1622 56.8835178983
1623 71.2634928736
1624 69.3205538959
1625 89.1819620643
1626 76.4600952662
1627 58.2302678149
1628 54.159025489
1629 67.9295638839
1630 90.9823643512
1631 60.5154428804
1632 72.5049119014
1633 72.8384254058
1634 80.9754955784
1635 75.5457268568
1636 88.6987429804
1637 72.827896083
1638 89.7987500048
1639 81.1445635511
1640 78.1935186896
1641 83.6082756733
1642 70.8846580746
1643 80.7079427414
1644 80.1806119865
1645 80.1099666144
1646 74.1607414755
1647 91.1301528104
1648 82.1027942195
1649 70.121240455
1650 68.8199942039
1651 58.6128571802
1652 69.7327256507
1653 97.6558449368
1654 72.423330249
1655 70.2471396397
1656 94.9070559215
1657 82.6010407877
1658 78.4801830661
1659 70.2064612234
1660 79.8882992299
1661 49.8290486663
1662 76.0822891601
1663 85.0287936567
1664 52.1280436132
1665 67.2091334043
1666 71.4520094447
1667 80.2243090017
1668 91.293610794
1669 54.1920826476
1670 79.0350060818
1671 95.3479314632
1672 91.6505957314
1673 82.2544395787
1674 80.5044433834
1675 69.151271036
1676 85.9747266384
1677 83.1488648066
1678 58.5146858667
1679 63.732264218
1680 64.916028187
1681 66.8062385186
1682 66.5434594304
1683 53.7336913038
1684 70.880709574
1685 62.9690467139
1686 64.5937925237
1687 51.1358752716
1688 51.4806590287
1689 65.6241190864
1690 63.0988621576
1691 65.2444207807
1692 62.9086995172
1693 57.9966461614
1694 64.4752285478
1695 64.8585652167
1696 68.1867195438
1697 61.2887471018
1698 68.2879226204
1699 73.962196015
1700 67.2570290005
1701 53.0325301469
1702 63.056167908
1703 61.5276925429
1704 63.177227106
1705 65.3991226957
1706 64.9435625054
1707 60.1768585735
1708 69.343234332
1709 69.2926178154
1710 65.2496326572
1711 62.8604738229
1712 64.2333795104
1713 62.594668409
1714 57.433411027
1715 65.0637747346
1716 74.0417174501
1717 62.7562339406
1718 57.3250734001
1719 64.3405379698
1720 76.6630405693
1721 64.0854016135
1722 60.9660440859
1723 75.0581200608
1724 64.7899934232
1725 71.8639596498
1726 64.684702598
1727 63.2291115291
1728 63.823849029
1729 66.6843989575
1730 60.5551378848
1731 57.498671101
1732 43.6049779121
1733 58.542470736
1734 56.0088198935
1735 60.6262574965
1736 72.9326080508
1737 66.4199477635
1738 59.0842304188
1739 64.5251885307
1740 57.179982842
1741 52.7944862572
1742 67.9557853497
1743 52.5852058522
1744 55.6238001171
1745 48.2203765523
1746 52.6088818144
1747 56.945010149
1748 45.7839121015
1749 57.1385420294
1750 58.6520838899
1751 50.0778415964
1752 50.912100418
1753 48.9469424057
1754 53.8574006134
1755 46.3950846025
1756 52.914108415
1757 53.9411520375
1758 46.9685076669
1759 48.0255633118
1760 50.3368357777
1761 45.1901957971
1762 55.0732449243
1763 48.1959474818
1764 105.105632058
1765 56.232575352
1766 58.5778792529
1767 50.371898243
1768 56.1874377855
1769 53.9006015971
1770 58.9845161003
1771 55.5269080828
1772 46.4611293821
1773 47.2153541115
1774 56.241272839
1775 48.334673603
1776 51.6878520995
1777 48.349902654
1778 48.2631815986
1779 47.3548570129
1780 50.6039563943
1781 57.9648940215
1782 47.8172764361
1783 48.4475225307
1784 41.9722612612
1785 54.4049649376
1786 63.963874388
1787 54.9795327075
1788 53.336570794
1789 47.9447114195
1790 46.312779721
1791 47.7479855192
1792 45.8762244998
1793 53.505854572
1794 56.0317137077
1795 48.3378445719
1796 52.5373879593
1797 56.2362375647
1798 55.7482515424
1799 48.6894419435
1800 47.6362548136
1801 46.3747770411
1802 63.4487207454
1803 47.2520999166
1804 46.8361074711
1805 51.6406588197
1806 47.2976207733
1807 48.5412787933
1808 70.0869672797
1809 75.7895701131
1810 76.3763102033
1811 85.0417898955
1812 91.6030419626
1813 68.0313720942
1814 71.357169616
1815 82.5120831887
1816 77.0114042205
1817 81.9101346266
1818 77.4371948902
1819 89.4564271831
1820 69.9586365932
1821 73.5755829311
1822 72.8343564309
1823 72.0664846856
1824 84.6284457215
1825 71.3224407783
1826 74.878346044
1827 69.9361833979
1828 79.6597371357
1829 71.6938156376
1830 77.0745157088
1831 78.6830987453
1832 67.0241909772
1833 82.6264126849
1834 82.1884531868
1835 75.5708766386
1836 83.9617890153
1837 72.8539930152
1838 83.4557182828
1839 68.8351471179
1840 68.4468433739
1841 82.9851560652
1842 77.9664294555
1843 72.3553605058
1844 65.3916459683
1845 77.2845488802
1846 69.8370195516
1847 74.9759538857
1848 79.1086399282
1849 101.014701383
1850 73.3119324211
1851 76.2152533973
1852 68.4339141619
1853 77.1976121845
1854 76.2042414996
1855 68.7491325299
1856 68.9764182076
1857 68.4051562426
1858 87.7712453141
1859 85.7918171084
1860 71.0133640909
1861 84.7318214694
1862 73.3768208631
1863 74.7347176025
1864 72.0655338975
1865 59.6812628669
1866 76.6878704068
1867 68.7823994772
1868 95.5679359994
1869 86.8873517873
1870 77.208886573
1871 73.7549099059
1872 77.6367142379
1873 80.6824454645
1874 79.0927641769
1875 76.7173122378
1876 67.124330353
1877 76.1137591222
1878 85.162982594
1879 77.963710608
1880 91.480794339
1881 76.2364246289
1882 72.198967839
1883 93.6469366722
1884 90.9627589687
1885 65.5579269753
1886 73.2433776723
1887 75.7975598917
1888 78.7326964118
1889 85.4431063155
1890 72.546365949
1891 86.64728406
1892 81.0056211736
1893 72.0169501
1894 73.9184632968
1895 71.226979724
1896 67.6969716268
1897 89.5112111235
1898 77.6259759167
1899 58.5537596866
1900 69.0968747066
1901 56.5657111653
1902 65.922927352
1903 58.2858673914
1904 68.4073179934
1905 63.3447631249
1906 64.3661351601
1907 63.9407766957
1908 58.1869873209
1909 74.1220102424
1910 50.9754970918
1911 60.1498695688
1912 44.3532725892
1913 69.7199280428
1914 61.9878722845
1915 56.5144419269
1916 58.4569108222
1917 66.7967756682
1918 63.040149547
1919 59.4414025768
1920 56.8530709229
1921 58.9904051974
1922 62.2106833854
1923 58.012020289
1924 60.0927200531
1925 58.1106807355
1926 58.7481289436
1927 108.065220852
1928 65.6946276783
1929 61.5101610067
1930 50.4019566154
1931 133.158205364
1932 54.2909277385
1933 61.9231062487
1934 58.0328389838
1935 55.109721936
1936 67.3924671362
1937 60.4839231139
1938 60.8510247166
1939 57.8789855319
1940 58.2726939245
1941 59.6337318886
1942 70.2789541737
1943 62.6358370638
1944 52.1255229905
1945 62.0326042711
1946 62.3089321473
1947 77.8896399114
1948 54.420834233
1949 58.4298727292
1950 64.003653858
1951 63.3719569949
1952 59.488222044
1953 62.632918237
1954 59.3612456123
1955 66.6270277153
1956 68.9622798944
1957 67.2294218105
1958 61.5056951956
1959 60.750699445
1960 66.3519903964
1961 67.4416853084
1962 69.6126578449
1963 69.7210339902
1964 41.4326725884
1965 58.1086596502
1966 48.9189638676
1967 53.0750227185
1968 62.5606945006
1969 61.7079316466
1970 48.584792333
1971 57.2942525693
1972 53.6198760005
1973 56.5420778467
1974 64.9194319754
1975 58.5695788064
1976 59.148302278
1977 53.408526449
1978 43.6426468849
1979 53.4699237949
1980 54.121130137
1981 53.3873782762
1982 49.3870180268
1983 58.424383043
1984 41.511893307
1985 41.0932842189
1986 49.6141061606
1987 62.3006688992
1988 50.4231135664
1989 64.5080269489
1990 54.9311305248
1991 54.5978266301
1992 52.2242461627
1993 48.459027614
1994 51.8769909745
1995 40.7668316083
1996 55.9405334612
1997 50.9627161588
1998 55.6450420751
1999 64.3848430641
2000 48.3173134799
2001 57.5626452845
2002 48.5118412095
2003 50.8390977501
2004 40.6098229946
2005 107.051101643
2006 52.9900186593
2007 46.113926261
2008 48.9126392641
2009 58.5868219259
2010 50.4357832183
2011 50.7340912
2012 49.7201892406
2013 44.0259990974
2014 49.1492397968
2015 52.5114144125
2016 92.9128190858
2017 56.9226844588
2018 56.764766566
2019 44.2930129903
2020 55.1553604786
2021 47.879798031
2022 55.386919808
2023 54.9963357706
2024 48.9838317169
2025 43.071826897
2026 47.3370687176
2027 54.3060721737
2028 51.0617214424
2029 66.9750326319
2030 62.0873374419
2031 60.5152212603
2032 57.9835131987
2033 71.1095246033
2034 59.8387461465
2035 64.6306966922
2036 70.3598384796
2037 64.220648406
2038 64.5102032133
2039 62.3700999983
2040 52.8294865121
2041 56.785587364
2042 67.2244169213
2043 57.3471051577
2044 52.3479963476
2045 69.1404394553
2046 53.2376395927
2047 54.2949653835
2048 54.5308214931
2049 62.3099176955
2050 67.326593401
2051 58.3785961158
2052 60.3230151648
2053 61.4144114769
2054 61.2778519477
2055 57.8120765815
2056 69.2845103798
2057 72.2958003084
2058 61.3548201834
2059 63.751553767
2060 69.8571807336
2061 65.3373072256
2062 56.4386184162
2063 61.9394265673
2064 57.4393105077
2065 53.4905558354
2066 64.1438235758
2067 62.5621151988
2068 57.2705382047
2069 63.2087091112
2070 73.2318633567
2071 65.7057386594
2072 58.8168906818
2073 61.0195302474
2074 69.0451991669
2075 78.0254713494
2076 58.1687896852
2077 58.062366739
2078 56.2799171662
2079 69.1951025661
2080 60.6958649605
2081 55.8664354135
2082 60.8196698949
2083 74.7971722406
2084 57.2397130462
2085 55.3855327572
2086 59.7552567631
2087 50.8668545307
2088 55.6346753763
2089 56.0448799491
2090 49.8531866315
2091 65.8451306789
2092 59.85097971
2093 42.6256092542
2094 60.6667082445
2095 55.835213011
2096 56.934224966
2097 55.0150330702
2098 52.3512862716
2099 60.5648609196
2100 72.2768260948
2101 56.0127188882
2102 59.9305265233
2103 53.2667351069
2104 59.552340304
2105 66.1515245623
2106 66.3961962922
2107 66.2483868747
2108 68.3867104488
2109 58.4497092485
2110 58.4461129224
2111 59.1555885208
2112 58.431593296
2113 69.9337120276
2114 54.9200947669
2115 61.1212731122
2116 56.3764514748
2117 54.573277011
2118 54.1274260717
2119 62.2595038419
2120 50.9898282412
2121 69.7056847844
2122 85.3681520702
2123 66.8530506932
2124 42.5935313644
2125 59.1465339925
2126 61.8669550428
2127 62.4584930708
2128 60.7133792912
2129 65.8884629218
2130 64.2320435081
2131 45.9508674167
2132 58.6961522871
2133 48.8905581553
2134 61.7017410787
2135 60.7559613106
2136 57.2435776289
2137 70.007245517
2138 50.8585721028
2139 46.6344302087
2140 61.1509424006
2141 55.650902966
2142 59.4271126203
2143 46.8116058947
2144 62.1082000888
2145 49.8652899329
2146 57.4899748634
2147 60.5436327342
2148 62.6976784961
2149 64.1288577913
2150 48.7661771202
2151 56.8693255165
2152 51.6392957089
2153 69.5650784445
2154 52.2111869943
2155 72.3071853117
2156 49.836330829
2157 51.3195531459
2158 57.1543532156
2159 71.8256892971
2160 61.2060802807
2161 53.1562490561
2162 48.6965292771
2163 68.908339403
2164 65.0416828543
2165 62.5441431531
2166 60.5044880569
2167 60.3699696742
2168 59.4986077682
2169 60.7912142688
2170 49.9717394171
2171 76.9060444954
2172 66.8700789436
2173 61.3593226483
2174 64.0641953077
2175 65.1249280088
2176 54.7103311384
2177 50.1887632596
2178 59.6960402954
2179 63.9202689069
2180 52.28059885
2181 67.8368931545
2182 57.2093663692
2183 52.9118446711
2184 69.7824130933
2185 47.3794772598
2186 54.6017578667
2187 56.4040134327
2188 54.566485033
2189 65.8880934753
2190 73.4196548199
2191 72.6000127995
2192 65.64832964
2193 67.1720878249
2194 58.536800883
2195 68.9668635057
2196 67.1994238292
2197 62.2301623274
2198 66.0376812317
2199 60.6430248213
2200 50.7484399538
2201 60.4591530096
2202 68.6781132152
2203 66.970452284
2204 61.2047389886
2205 72.3545196645
2206 62.5847081003
2207 68.7316451235
2208 59.3930557074
2209 74.5899231589
2210 59.5458404282
2211 67.6669105061
2212 58.1828555827
2213 49.1490631854
2214 55.4368969526
2215 56.5481270171
2216 51.9455349937
2217 78.266232963
2218 68.7288920448
2219 58.8967890463
2220 68.561986793
2221 49.8591284595
2222 62.9735228752
2223 63.7013482206
2224 53.1857766094
2225 61.6806837412
2226 64.6479158468
2227 59.0594621769
2228 100.069289181
2229 55.0797389859
2230 65.0338312773
2231 52.717135682
2232 56.6588927907
2233 59.3837232128
2234 55.3409433367
2235 58.4803744547
2236 61.7178098232
2237 55.5297509155
2238 49.171537562
2239 58.7877625974
2240 55.5891102255
2241 50.4456529548
2242 58.6018444862
2243 62.6118923109
2244 53.5560029665
2245 69.7688898814
2246 71.7335381211
2247 56.9392783351
2248 55.3792506656
2249 61.3906089382
2250 62.8772828429
2251 60.9606256308
2252 66.1367331219
2253 68.5196375144
2254 68.8796719432
2255 61.7906792779
2256 69.8994279588
2257 54.9642144088
2258 60.4029481882
2259 59.4568089772
2260 59.6606980342
2261 66.5088030113
2262 61.3354295182
2263 59.5829055899
2264 53.5009387982
2265 58.6594065354
2266 66.1067614082
2267 73.2903647661
2268 55.5388544673
2269 57.4852889744
2270 55.1383126883
2271 62.8869326818
2272 71.2259381045
2273 57.2583114282
2274 57.1478303812
2275 72.3322389803
2276 67.7617432955
2277 54.6779919956
2278 55.6670456903
2279 53.2459431922
2280 61.7733557015
2281 68.7159836927
2282 55.9839387856
2283 55.7080138671
2284 59.0123612409
2285 56.2987904347
2286 68.4306490218
2287 59.6512573685
2288 70.8001186964
2289 60.4568801441
2290 63.8722285331
2291 71.3531629143
2292 54.6232626047
2293 64.130698084
2294 69.8519929669
2295 60.1522531867
2296 64.4629229987
2297 57.9530560073
2298 61.6521359222
2299 68.7730450109
2300 69.1046612323
2301 69.9404649299
2302 49.9277804529
2303 59.9177447998
2304 69.2565455922
2305 58.0693606245
2306 71.9625165912
2307 63.6817364805
2308 57.3086475506
2309 61.6418177478
2310 65.1044635149
2311 56.363517476
2312 61.4886290925
2313 105.081647101
2314 61.4516193121
2315 57.5150171129
2316 52.9425246664
2317 69.8989701964
2318 58.2554822543
2319 69.7931688802
2320 70.2547350962
2321 61.8938635453
2322 71.073435538
2323 64.2571413241
2324 69.2807222957
2325 57.9878630876
2326 72.1295961975
2327 57.8350529508
2328 59.8105184559
2329 62.6769719346
2330 63.8335549807
2331 62.0938030486
2332 66.056969532
2333 54.5230601918
2334 60.0802354962
2335 65.2594283147
2336 60.3793872457
2337 62.4737246489
2338 69.3722388905
2339 59.4768891951
2340 65.7535655446
2341 69.3955874717
2342 64.533515257
2343 56.8809425305
2344 61.2540207713
2345 60.681299265
2346 63.9110717738
2347 65.475508373
2348 65.8928224492
2349 51.2309243766
2350 67.0350268303
2351 73.7075397801
2352 68.9441378516
2353 71.378490853
2354 55.2140960851
2355 54.8030698645
2356 64.825985705
2357 55.4717358523
2358 55.7947316665
2359 53.8091834588
2360 59.099177455
2361 57.1718240382
2362 58.1137797164
2363 53.4010407747
2364 51.8378930789
2365 57.3202498266
2366 52.5566501071
2367 50.7605267728
2368 61.9528391608
2369 51.5978466116
2370 71.4906330715
2371 48.3212072496
2372 62.7480484678
2373 54.4790662277
2374 55.0706450892
2375 62.7357674007
2376 58.3119596154
2377 60.9793920975
2378 48.4043905842
2379 63.1921827098
2380 58.3090765869
2381 58.2132000731
2382 47.724917262
2383 48.856503992
2384 55.844944244
2385 55.912556089
2386 59.8853187113
2387 64.8369923178
2388 60.3833126112
2389 55.4054558847
2390 58.7132913933
2391 60.9112416866
2392 58.9316636557
2393 67.0521109438
2394 67.3081509201
2395 60.8071090867
2396 67.2749930407
2397 54.5886135082
2398 54.0983328823
2399 52.9214293288
2400 60.0928107347
2401 58.3344987369
2402 52.6129715346
2403 61.2333147569
2404 54.9838119348
2405 56.986097659
2406 57.4292359072
2407 63.4101119342
2408 61.9802333092
2409 56.3476953596
2410 55.1197471143
2411 57.9164636913
2412 46.3695135147
2413 55.8937581777
2414 47.9363056749
2415 60.0237903911
2416 56.446330768
2417 49.3742993418
2418 58.0033558918
2419 49.8758940169
2420 50.1873150898
2421 50.0607832383
2422 59.991950587
2423 46.316159654
2424 50.8316285884
2425 51.7328169822
2426 56.1859845489
2427 58.4437970611
2428 43.1526781803
2429 53.7626758331
2430 47.4988334039
2431 49.9582816507
2432 42.7899740505
2433 51.5911487921
2434 44.0451034639
2435 49.9925185057
2436 49.0868148758
2437 47.7415672342
2438 54.9717212736
2439 50.8003846946
2440 48.9092624607
2441 50.6648075105
2442 50.0265616326
2443 49.3446080471
2444 48.327066077
2445 55.2287017752
2446 45.1817276643
2447 55.5793060552
2448 58.5490162337
2449 56.920515841
2450 56.1630828568
2451 48.620875802
2452 51.9592576517
2453 50.2740323796
2454 41.0127179514
2455 53.5404735051
2456 49.1040180853
2457 48.1761953827
2458 59.2891748708
2459 49.0937805821
2460 43.8187116106
2461 49.7584143774
2462 50.9847516294
2463 50.4088309991
2464 50.6399464983
2465 55.327669844
2466 39.5367960035
2467 49.5629342352
2468 50.8467329025
2469 50.3488628634
2470 44.1230998342
2471 50.2161497465
2472 48.4322136554
2473 51.2395654139
2474 78.7893895256
2475 49.3499708326
2476 54.9523286498
2477 54.1970093653
2478 48.1684591696
