u s
60 35.0640355435
120 42.648969994
180 34.6627916399
240 34.2534651848
300 37.0546077126
360 53.2694818372
420 47.4667377166
480 41.2794841916
540 31.0553009166
600 41.2968630129
660 45.4139702234
720 27.2364192541
780 41.7035474045
840 38.8274530196
900 37.9555666467
960 28.1817514801
1020 26.5011896359
1080 33.1832855858
1140 62.6618613165
1200 27.4835108358
1260 36.862852879
1320 36.1803066595
1380 41.2453058369
1440 35.0711079519
1500 45.5506468013
1560 40.0127045885
1620 40.2530096305
1680 42.1806549259
1740 42.0680685402
1800 27.7365655
1860 48.0115512275
1920 42.020616779
