u s
60 56.3427758866
120 25.9316889244
180 33.4626930325
240 46.0711661737
300 42.0356797031
360 28.9605351066
420 26.6497486647
480 28.9848110656
540 26.9736477752
600 24.4707090963
660 25.0932284506
720 26.263829352
780 41.2017549645
840 35.2855164016
900 129.578582767
960 31.8813185892
1020 55.9502376537
1080 34.1160144559
1140 25.4687748123
1200 44.3727873926
1260 34.0589568024
1320 41.5483198776
1380 44.0094927624
1440 46.7122224996
1500 35.4303026774
1560 29.1622518371
1620 37.349672189
1680 42.0734562533
1740 28.9200588226
1800 25.8742214346
1860 35.7281227378
1920 27.6838418901
