u s
60 41.9118169548
120 36.4225910632
180 38.9890169401
240 36.7167561365
300 45.9179035474
360 38.3686922351
420 33.7282010957
480 39.3951730676
540 29.3990516031
600 42.0948184774
660 28.3528749145
720 43.9525797125
780 36.3052377963
840 29.9175638626
900 27.549295884
960 50.4286182397
1020 42.7751624459
1080 33.5878802924
1140 35.570083261
1200 38.7634587547
1260 38.3902602107
1320 35.754247442
1380 46.7814344952
1440 27.3607964011
1500 28.3565084378
1560 27.3264794142
1620 35.8633334292
1680 39.249357051
1740 27.9741367278
1800 28.1144383983
1860 48.9529010222
1920 34.6802428213
