u s
1 69.7285696421
2 70.3473292283
3 63.5762956613
4 66.2944416657
5 60.2714365367
6 84.9404656285
7 75.7424934996
8 57.4078755181
9 80.0905419427
10 65.0815834639
11 79.7142274526
12 65.2607002566
13 77.6902533875
14 67.256629957
15 69.9994235525
16 61.1385358879
17 62.0648791196
18 60.0160875314
19 174.005865767
20 75.3948738945
21 62.4351126011
22 61.6964649109
23 83.9398072941
24 61.8417694919
25 64.7071765801
26 103.935810086
27 78.0603684993
28 83.5784906271
29 70.3209932052
30 71.4597708956
31 71.1515569962
32 74.3036340357
33 62.031345869
34 74.2443827588
35 69.5614935396
36 74.1296044323
37 73.9652356223
38 60.7853234622
39 75.7601045356
40 85.9655130598
41 62.3803158285
42 63.8925123556
43 66.4002166216
44 63.534786621
45 78.7222007718
46 62.5824105496
47 60.9531142542
48 77.4616999492
49 73.9180921227
50 61.3607309598
51 65.5785286651
52 64.6355514935
53 65.47728791
54 63.0234365346
55 156.095027636
56 73.3801505322
57 76.7255282871
58 64.969849569
59 65.1279803833
60 67.2578454258
61 64.6846816131
62 78.3287429136
63 69.7343642764
64 69.3121171802
65 80.5012032288
66 70.2852353957
67 54.8278631065
68 55.4054165204
69 135.215804714
70 56.587350106
71 56.0019793519
72 64.8701974347
73 66.9848327074
74 61.7678829932
75 62.824250456
76 60.6001296961
77 53.7560234586
78 54.9171250751
79 53.0886585494
80 57.1484684339
81 48.6644099974
82 55.9399254447
83 67.9400752012
84 54.8873470989
85 73.5750947073
86 51.740770632
87 54.2298673419
88 60.5414202002
89 67.1617227641
90 56.1481419476
91 54.2248068756
92 58.2226286197
93 54.8061540188
94 64.034370054
95 80.5240445465
96 75.824587611
97 48.0096408277
98 160.277655828
99 66.6199958416
100 56.34491002
101 57.5191358108
102 56.1744632804
103 57.6131749767
104 63.979275935
105 52.6491446383
106 63.4280212606
107 55.4154883091
108 66.2935809965
109 70.5118463174
110 70.8316012568
111 61.819851919
112 63.5204429994
113 66.6874176955
114 64.5996132304
115 54.7727360371
116 56.5899765504
117 56.4856129774
118 59.1339849247
119 57.0852235795
120 64.9760849837
121 64.6546632502
122 52.7747330597
123 61.0161481698
124 55.5749433438
125 79.466006225
126 56.7639004058
127 70.821913268
128 50.7634902164
129 57.8321714458
130 53.1819618242
131 52.3133837693
132 56.1689498084
133 58.1129520345
134 56.5951767722
135 59.392425656
136 51.9759061574
137 54.0671588222
138 51.1109156216
139 58.007274608
140 56.3479073172
141 54.3356585631
142 50.2285665068
143 49.3169910594
144 53.403640271
145 55.0334677471
146 64.7874648787
147 52.3359163871
148 55.4694117115
149 67.4794076545
150 64.6405515428
151 64.4030342546
152 53.5106083073
153 50.6514314156
154 55.1621897652
155 59.067650279
156 63.5892714696
157 53.4601771464
158 52.8597106667
159 58.3447151909
160 55.6235794446
161 50.8591778372
162 58.280609573
163 55.007694639
164 53.2894663894
165 50.5703864456
166 56.2665236917
167 71.5360325254
168 53.5130289869
169 69.4117660844
170 76.9112162987
171 54.5891428138
172 53.7719409807
173 68.7193749325
174 52.1043830994
175 55.9987871186
176 57.916036509
177 55.7710843705
178 59.9805150407
179 48.9279837977
180 51.4631103867
181 65.1039106336
182 53.9391772426
183 59.6995699515
184 64.6526250749
185 49.4242126349
186 62.9439012275
187 78.6531479584
188 58.522806411
189 56.7310028132
190 74.2855213731
191 50.8535281488
192 51.8912183959
193 52.3973194314
194 54.0067647472
195 49.855360122
196 62.2597825289
197 58.9728326092
198 56.4857840806
199 72.976486001
200 48.7945676378
201 56.0863942904
202 56.539974368
203 60.5236012334
204 55.6020935979
205 59.5540571481
206 51.9767388667
207 54.9471731937
208 52.1311617686
209 59.1384373308
210 61.8692542177
211 69.4743308831
212 53.2784527968
213 65.4317809607
214 71.4890943852
215 54.9207938776
216 70.3686824889
217 66.5176117621
218 57.3894579266
219 54.99595087
220 55.3657147417
221 56.7453372079
222 49.2738180945
223 60.2609958633
224 56.3142585472
225 61.6421872262
226 56.7222148028
227 55.7973637899
228 61.5355798331
229 62.9022119705
230 64.3595934515
231 64.550056464
232 53.325435683
233 175.092598629
234 54.1617614309
235 49.866884924
236 192.338011537
237 66.6937966756
238 48.2422722946
239 61.4906459795
240 52.3169084531
241 108.654378835
242 60.8012562742
243 53.270885761
244 53.6571851849
245 51.1507687902
246 49.3119719981
247 59.4717874794
248 51.6921456479
249 53.7068431675
250 105.462408738
251 49.8653478242
252 49.8858873741
253 70.9362942001
254 53.4122588055
255 67.3367699676
256 54.3386024247
257 56.569479951
258 63.9237991717
259 67.841553475
260 65.954647339
261 78.9653971416
262 55.7907324782
263 119.064295114
264 50.9441747629
265 53.2052907257
266 47.8181432653
267 59.8250357566
268 63.7441039653
269 49.6315405807
270 60.4845040459
271 72.9833065686
272 65.6174148702
273 55.4726231377
274 60.3370146336
275 49.1800968201
276 62.2547791409
277 71.8869594881
278 72.6897665955
279 55.4383287269
280 54.7751139552
281 63.8377850372
282 60.3077163939
283 66.5615455182
284 61.6952316366
285 48.2688440548
286 59.887691486
287 71.8862820872
288 58.5751574382
289 60.0436946173
290 69.8253615352
291 58.778240902
292 66.0225804161
293 61.9097245571
294 71.8449689375
295 49.6718845087
296 66.9665425912
297 59.1971398112
298 54.9672899737
299 52.3079049781
300 56.9385490715
301 53.930717701
302 53.7003600692
303 56.2439569432
304 55.5097784606
305 65.4720337481
306 62.6469701644
307 62.6925087138
308 53.2525972775
309 52.0710060289
310 52.2800362327
311 57.1552528476
312 54.992837689
313 74.5071227821
314 49.7344462576
315 60.9902370328
316 71.873659696
317 52.6927010832
318 50.6862871812
319 64.2005042424
320 47.4329681991
321 50.1703634724
322 52.8177587937
323 59.7763729442
324 73.0366407158
325 53.7018025284
326 56.6676971273
327 49.1540371386
328 53.1254785282
329 47.5203251613
330 51.3606078706
331 45.0939100376
332 65.0083636733
333 59.3581533974
334 46.1326723159
335 79.563231291
336 54.3172556451
337 47.083734611
338 65.6778031563
339 49.7056529278
340 55.9687300974
341 55.1879472909
342 73.1636990548
343 46.9371039119
344 50.187681789
345 47.7696754995
346 68.8948782522
347 52.498652014
348 56.330010914
349 71.1493372171
350 62.9201160052
351 48.3325608049
352 49.5273909471
353 47.6206471531
354 52.4620461673
355 61.1900404609
356 50.2234777577
357 71.7970611262
358 51.0595246504
359 48.8007548721
360 49.9054249346
361 83.2457610577
362 52.5683944892
363 50.5228930795
364 55.8903514257
365 47.8609435859
366 49.4968282266
367 58.1644919726
368 50.311974209
369 49.64673244
370 111.543262805
371 56.8522326173
372 63.9427230233
373 51.4363774653
374 49.2680163994
375 49.89820468
376 49.001717804
377 63.248684726
378 51.5127698399
379 54.307867618
380 51.1553798819
381 50.3871093562
382 50.7424250853
383 53.680671206
384 54.5315029508
385 47.3424107449
386 43.1391213605
387 52.252513042
388 65.5466925755
389 54.2930230579
390 60.6683211247
391 52.4520033322
392 58.382871002
393 66.3944621034
394 50.4178802027
395 75.0889996936
396 56.0299000451
397 47.9341116473
398 54.7043581939
399 58.2438125296
400 52.8869605527
401 68.6557851732
402 61.1344791612
403 52.1298298973
404 59.1034294574
405 57.2177292478
406 56.5323750411
407 65.3814635385
408 63.3399333199
409 49.1266950629
410 49.9343069061
411 64.3312591045
412 56.3433639513
413 65.1469427335
414 51.4607462933
415 61.9904289033
416 53.0855875278
417 53.0429482053
418 50.7992829151
419 54.9231965491
420 48.7371303428
421 59.7842589157
422 67.1657690816
423 78.6166554305
424 69.9195930153
425 53.915058343
426 111.999157271
427 53.2576764145
428 52.8998011909
429 55.4513861155
430 52.229103089
431 64.7023764926
432 62.1227017754
433 54.0771712071
434 64.7145508603
435 80.8921432489
436 60.6610109601
437 59.1422010346
438 50.6946437011
439 55.0418365078
440 50.2038992564
441 59.3182166737
442 57.1153695813
443 54.1661402674
444 51.9220154147
445 51.9459164754
446 52.1621311445
447 55.9905204144
448 52.0788345068
449 51.093245062
450 61.5890073051
451 61.4581441792
452 52.0109435137
453 48.4504887128
454 73.6537073537
455 62.076707723
456 45.7574247691
457 45.8107622325
458 44.5842430588
459 46.9550265082
460 46.6956255504
461 48.7101674246
462 52.6217183938
463 54.8126565779
464 48.4482455057
465 52.8849896905
466 78.9597079541
467 51.6223435163
468 71.4971625437
469 60.252695599
470 41.8979343171
471 54.3717506085
472 58.9087381237
473 50.7750666394
474 56.1028193554
475 44.7765302791
476 47.6246616456
477 68.1339530393
478 49.0958410835
479 48.2972561007
480 53.5871870543
481 41.8551417841
482 43.5020601691
483 52.5362061854
484 42.9946498622
485 50.6354670617
486 52.7328138331
487 48.0954847151
488 51.8885115894
489 51.7016477812
490 48.9682469311
491 64.8675391633
492 65.1095594536
493 121.356906608
494 50.5159299644
495 48.4983309665
496 50.7799675476
497 46.1012122673
498 142.741499144
499 78.423381221
500 47.545775649
501 46.2290641195
502 48.8686004339
503 53.9737083694
504 45.504923789
505 64.8876632434
506 55.7792269492
507 60.1769048598
508 53.9710000732
509 44.8845554002
510 56.4828124935
511 60.7734542677
512 53.2993682353
513 55.4476421926
514 50.6433828359
515 51.4100596582
516 54.5118149104
517 44.2823424332
518 52.6305695873
519 73.7981836101
520 51.6076256218
521 63.8664485516
522 68.3654983441
523 81.384379866
524 56.1252886857
525 68.2788437095
526 63.6112509931
527 60.4383227983
528 63.3288901863
529 54.4915215094
530 70.0575978379
531 60.9149080484
532 79.1545381314
533 62.7216916145
534 69.3586668114
535 71.134125021
536 67.7862449458
537 62.7085147231
538 57.1805236731
539 49.0657341948
540 61.6627183668
541 55.971003813
542 81.3223077162
543 68.5200431831
544 69.3272134094
545 62.4523699176
546 109.866550629
547 50.3965705368
548 55.3460799171
549 66.3041813718
550 76.9160153558
551 61.3158727283
552 59.2205489696
553 81.1468343393
554 61.5565345796
555 70.9824644774
556 55.2078477692
557 59.7407292086
558 63.2120011192
559 60.5787245933
560 60.9181667357
561 61.8538346558
562 52.0783475676
563 51.8500276169
564 48.258511566
565 61.2523720624
566 61.6955992458
567 71.9989658434
568 65.159791153
569 71.4827923706
570 62.8418352513
571 67.4027626097
572 63.3985930572
573 70.7972057606
574 62.2899040156
575 62.7617743013
576 54.9916545406
577 59.2933925583
578 66.2307318796
579 61.4144906235
580 62.1631210585
581 62.9913554403
582 56.7923112688
583 67.9051051627
584 68.0791087778
585 61.2582095232
586 51.4615442179
587 47.743711725
588 69.9059151449
589 59.8250965788
590 54.6808872557
591 60.9456958608
592 55.4303683122
593 59.7141675411
594 61.3705703715
595 47.2421558659
596 52.7004605943
597 49.0350206934
598 52.1578956204
599 46.9873308916
600 55.2973938856
601 44.2371541984
602 58.5720002339
603 58.6092204578
604 54.160767822
605 54.4731814673
606 45.1025532313
607 48.0419354904
608 67.7948146579
609 53.9991707759
610 77.9966940165
611 47.0160858362
612 52.8823901515
613 64.8516069124
614 45.6372672822
615 51.1115150183
616 52.6451411633
617 55.0133958671
618 53.2836107108
619 51.0934964714
620 91.2789748429
621 59.1692201414
622 52.1117564194
623 54.9306355239
624 58.0139316561
625 56.1433780405
626 46.4748396619
627 54.6100626949
628 52.5941566998
629 45.1250368012
630 53.4254928393
631 47.5229001273
632 56.4604030965
633 53.0434033129
634 63.245309936
635 55.2014037137
636 54.2787187441
637 50.958001494
638 55.2489250245
639 43.8423132497
640 52.5317389639
641 55.9486573192
642 63.1222994071
643 52.1458541859
644 67.0140213284
645 59.3099753338
646 51.9196186763
647 54.1315752557
648 52.1013002583
649 49.9299713705
650 61.0331284922
651 60.2176912039
652 53.1383517607
653 62.4452900888
654 58.0946733181
655 88.04413387
656 63.7860073414
657 68.0811465278
658 56.6136690668
659 59.2134347155
660 54.2662578077
661 72.625819882
662 65.9652791849
663 60.60395901
664 96.5901159363
665 68.0453407383
666 59.0726615852
667 57.0581634144
668 58.7015446605
669 70.1654123671
670 55.9140929038
671 76.6962721307
672 83.2279920407
673 53.9868783887
674 70.6912332054
675 74.1519403022
676 65.8250442305
677 54.8036081238
678 71.7132029806
679 58.5925818692
680 77.4023891101
681 59.2049701596
682 56.1948449652
683 66.0670921821
684 55.1833289676
685 58.0661615145
686 63.1333261978
687 65.9521331351
688 61.5189115928
689 51.5081142804
690 61.8899088637
691 138.839109335
692 81.1093917262
693 72.4666475498
694 68.819440738
695 56.993589429
696 63.6933158033
697 54.7725123077
698 90.6426309809
699 61.5290613695
700 51.7651673738
701 63.0379876182
702 61.1719223088
703 66.7236476294
704 75.3799247247
705 59.7103887847
706 60.2483241416
707 66.5551042841
708 54.2007639866
709 65.0006883993
710 60.7410778885
711 85.3269453221
712 54.6895987334
713 52.5748597096
714 67.3457147236
715 74.0397180573
716 50.3182009305
717 64.6301656876
718 56.4207125581
719 53.3685239494
720 60.2163716186
721 52.2614315203
722 73.7612630234
723 71.9134603769
724 54.7082011679
725 59.1625359985
726 57.1149774437
727 65.6739214095
728 56.1787994961
729 61.0011889422
730 53.8158281549
731 62.1812433639
732 65.8316028245
733 54.8429634763
734 60.7332872798
735 65.5475676664
736 53.2004652257
737 55.0212486173
738 55.1743200248
739 64.7551774164
740 52.7340049889
741 53.8912592297
742 53.5566019584
743 54.8508919661
744 57.2789616833
745 56.4484477159
746 49.8492049763
747 67.62230908
748 91.5533144135
749 54.3201399202
750 57.6247946558
751 61.2361039246
752 56.3388208082
753 58.193263534
754 68.2483098904
755 53.9434729585
756 58.4908028872
757 53.6543666359
758 58.5519174512
759 59.4250380908
760 56.2213557399
761 66.6986362576
762 59.5274974354
763 55.1645725486
764 56.733074491
765 55.4764024223
766 59.7560240681
767 54.790870106
768 57.8226281517
769 55.176621511
770 54.1591121491
771 52.4229491727
772 53.930078068
773 54.2696770733
774 62.2068401146
775 56.1463816781
776 57.4127742359
777 72.1022295097
778 53.5311360715
779 49.8854567062
780 64.403796927
781 71.5862850223
782 69.4037446533
783 74.2438211211
784 66.8388528266
785 75.0189476155
786 64.3880951811
787 74.096003002
788 70.6197289574
789 70.5874308185
790 58.4686382412
791 71.806602623
792 67.8413123237
793 68.2679013054
794 64.5572571204
795 62.8927322712
796 69.7718513687
797 65.0394636116
798 66.1353345351
799 72.0625166293
800 72.60976728
801 63.9607764007
802 66.454552044
803 78.1464989512
804 83.6943764015
805 76.5093798835
806 70.6762601274
807 61.0709305987
808 84.343058831
809 80.7252826261
810 75.7167027701
811 65.0130448383
812 77.4037246673
813 78.7209262424
814 70.2258840218
815 77.3244584798
816 61.004352797
817 117.076873937
818 71.6986587931
819 79.248702834
820 65.1870018573
821 65.2366614178
822 78.7656656936
823 67.6632492601
824 67.367496314
825 60.3701860121
826 62.2641180885
827 72.7725863726
828 68.2874887103
829 66.1123113765
830 74.8175004373
831 71.6965727372
832 73.4988077522
833 63.9656852218
834 83.1456269485
835 67.4662205775
836 65.5018297941
837 64.6413311225
838 84.4351700339
839 64.0409476041
840 63.7842643924
841 70.6241176297
842 70.3486414144
843 69.8438250761
844 67.3816043332
845 76.5814023806
846 57.5419252385
847 59.2796480539
848 59.5037312133
849 55.614294725
850 52.5847484365
851 74.5038108126
852 65.157766314
853 57.8655360813
854 60.5452611103
855 103.552263487
856 51.9551634134
857 58.2754195155
858 55.4265419749
859 51.5108449115
860 54.5608711615
861 53.5688129189
862 47.7245877743
863 55.1723578921
864 50.8314284637
865 51.5430597309
866 63.5798180642
867 47.5340793129
868 59.3309814564
869 55.9409323368
870 54.8257835602
871 61.0378198333
872 55.0696043415
873 47.5758898423
874 54.0484407918
875 52.2557676868
876 53.615609039
877 55.4168280457
878 52.6789968727
879 54.1415700317
880 53.3100694389
881 67.6880396579
882 46.8568328614
883 53.9289874802
884 55.6631373722
885 48.5564128702
886 56.9955202032
887 49.0717736281
888 53.9776641664
889 48.4895215343
890 50.9598139616
891 63.237756864
892 51.4304150527
893 65.658465113
894 62.2982163013
895 52.0766882329
896 65.2358062908
897 55.183633291
898 70.6261248751
899 57.3955693692
900 56.4238419432
901 63.7949408394
902 53.7686008375
903 52.2457606796
904 54.167312236
905 55.8891090883
906 59.9935531488
907 55.730058326
908 59.4095446
909 55.3232804327
910 59.2760975851
911 54.9152008264
912 58.7139204709
913 67.7372857631
914 59.3051623078
915 53.8490511874
916 69.5899430907
917 63.5346479531
918 57.187449227
919 46.8021293772
920 47.2620494113
921 60.0138678418
922 69.5585917519
923 55.8991758805
924 58.6416826659
925 62.7633410409
926 59.8380127736
927 64.6010424808
928 58.2938725633
929 57.1578582947
930 53.2840581654
931 55.2523353724
932 54.8655121282
933 54.7171435724
934 50.160458505
935 53.7140527047
936 65.3030081037
937 64.3980716727
938 68.0462726917
939 63.0303066962
940 57.6656437821
941 63.3333864638
942 54.5085313214
943 57.3713799674
944 55.0847178129
945 53.7197361784
946 65.5767958325
947 55.5543831578
948 51.4762915411
949 64.0914770381
950 55.4604716871
951 68.7704797739
952 57.916093491
953 65.2312956162
954 54.1335708759
955 62.1525377467
956 62.6638506642
957 80.5274987565
958 60.6259164783
959 53.7464974545
960 56.5990459554
961 60.2401422879
962 61.0699866057
963 62.2010182761
964 65.4942928239
965 53.6966878466
966 56.6996386583
967 66.0584252475
968 54.9039937525
969 56.5128328956
970 57.0490002014
971 60.0985451452
972 49.4742294255
973 51.3474736067
974 41.1576067726
975 52.5253650907
976 48.0686944471
977 55.4562534154
978 49.1985452525
979 49.9007424623
980 51.5506143747
981 57.717119559
982 51.9777502343
983 62.2413581415
984 47.0498192696
985 49.0849286132
986 61.3472450325
987 56.3755232115
988 51.1055813142
989 42.7076933824
990 51.6043232591
991 51.2176493777
992 46.4454722113
993 50.8922932018
994 65.5246246821
995 49.8994354683
996 51.0897816037
997 53.3981775161
998 54.5963048496
999 53.2933232899
1000 48.4981613541
1001 53.5538358759
1002 54.7629411149
1003 43.0912773335
1004 49.5646187267
1005 51.614917608
1006 50.5321565641
1007 48.445821732
1008 45.3767710769
1009 58.8021128315
1010 45.810925825
1011 89.8446213023
1012 54.5124421547
1013 49.6494122334
1014 52.623598878
1015 48.2691802339
1016 50.1859483461
1017 52.5337123815
1018 51.361696194
1019 49.1654929669
1020 42.9655133631
1021 47.2875074562
1022 50.5247908674
1023 52.0836592894
1024 48.7928331097
1025 46.0497098697
1026 53.7215924289
1027 50.662190439
1028 50.2063152147
1029 54.2373301418
1030 57.0321282639
1031 46.9997877851
1032 55.325678408
1033 43.8329934408
1034 50.6403971148
1035 60.8416212115
1036 74.8660868915
1037 51.5538067078
1038 50.2680935079
1039 52.1020895735
1040 58.3850354631
1041 53.5672907722
1042 56.1522337388
1043 51.6229204877
1044 44.6694840436
1045 51.6097673996
1046 68.7293335319
1047 49.7796280532
1048 48.6851880068
1049 50.68007163
1050 71.397197629
1051 64.1203673237
1052 56.204211885
1053 110.092568131
1054 43.0257821556
1055 73.560361161
1056 49.5666976975
1057 64.4441418829
1058 50.6490299611
1059 61.0556100935
1060 54.1684212726
1061 77.4097177712
1062 57.5904467408
1063 57.034763406
1064 45.5163660385
1065 49.1519384463
1066 55.3581491869
1067 51.4725587727
1068 50.2663004267
1069 55.7223434261
1070 63.1814773
1071 49.4314483651
1072 55.7648969832
1073 55.9089725036
1074 56.1087442997
1075 55.9698405441
1076 59.7199406931
1077 52.9711583436
1078 66.604756001
1079 51.1508428345
1080 61.7576547498
1081 61.6420800164
1082 51.3063144761
1083 52.2275430274
1084 61.9325164603
1085 54.7645591642
1086 49.3084101413
1087 62.4752992841
1088 50.4312378882
1089 46.8023336464
1090 47.3502014997
1091 69.9229462295
1092 47.7725677461
1093 56.7851924555
1094 52.6038930888
1095 45.1146023638
1096 53.1839074266
1097 50.0325242365
1098 52.6685988512
1099 49.2807436459
1100 53.0098254427
1101 57.2615166091
1102 50.7520865718
1103 45.7932456747
1104 52.8892461047
1105 51.9644877902
1106 49.4197691118
1107 50.0165509978
1108 51.6820736393
1109 53.4402426031
1110 50.7066505832
1111 50.1120705297
1112 53.7132878288
1113 56.0399629604
1114 54.0618799115
1115 51.029999806
1116 51.2174424004
1117 52.1567499755
1118 49.2640775644
1119 48.731351128
1120 49.5793691207
1121 52.2450656144
1122 65.7213274451
1123 58.2099821865
1124 52.5554357766
1125 56.2283803151
1126 54.6135905561
1127 74.2147035769
1128 46.4507462337
1129 55.7137151498
1130 53.75990734
1131 44.9349720133
1132 56.9894003424
1133 58.0267780056
1134 52.9068830481
1135 54.8053695423
1136 47.4900756009
1137 57.7715320031
1138 54.2103283001
1139 56.0836321963
1140 52.6577451503
1141 49.2841971895
1142 54.9341902687
1143 110.337940733
1144 50.9708241652
1145 53.9010971637
1146 52.1683126681
1147 50.231010663
1148 57.9231088177
1149 54.1784729187
1150 64.0231020237
1151 44.3508071822
1152 56.3664627147
1153 52.5535722763
1154 47.0924264806
1155 53.1512067911
1156 48.7923297337
1157 50.2433983476
1158 55.3964903849
1159 50.340960309
1160 45.9896776615
1161 57.986467246
1162 57.6596551989
1163 59.9395284921
1164 61.5693827293
1165 50.710199484
1166 49.7248359378
1167 50.9526933344
1168 57.1068217627
1169 62.5504699613
1170 66.7567275244
1171 67.7648150438
1172 61.7769856776
1173 71.6068903001
1174 55.333023514
1175 48.482449333
1176 55.0609752602
1177 54.920652126
1178 63.2203531425
1179 64.0779015706
1180 66.7039002349
1181 62.4362980258
1182 57.8973610123
1183 56.9799806874
1184 57.3472338355
1185 57.1683652772
1186 54.8551880501
1187 60.0912445396
1188 56.6671666108
1189 56.9330541616
1190 68.8130569829
1191 56.1776911257
1192 58.4093949372
1193 58.1721513129
1194 56.8836936345
1195 47.3136645881
1196 60.7652036229
1197 70.9621595809
1198 57.1192623705
1199 54.4184699979
1200 59.3662043817
1201 67.8679303984
1202 54.3548660837
1203 66.0203053037
1204 63.3157237283
1205 56.5113742664
1206 68.0338823412
1207 55.3144410999
1208 59.1348083821
1209 61.9106401447
1210 69.1885358592
1211 64.8733336664
1212 59.5405610207
1213 56.1745482401
1214 61.9462116695
1215 55.8382846526
1216 65.075641756
1217 57.3893413532
1218 116.254484259
1219 55.5671742315
1220 114.477286735
1221 62.3263399612
1222 56.8318609629
1223 57.7211494759
1224 56.5431811518
1225 59.154203019
1226 59.1430714867
1227 56.5596890842
1228 73.745236247
1229 59.3529402065
1230 58.6844457963
1231 63.2738900871
1232 54.6820566699
1233 53.3262005366
1234 77.2056150373
1235 51.6068792301
1236 52.6122146665
1237 51.204047637
1238 49.9158521453
1239 61.8092546604
1240 49.1916415457
1241 55.9297893243
1242 45.9687276991
1243 51.3742960661
1244 47.2423302068
1245 51.2126237684
1246 55.325112349
1247 50.2568352205
1248 59.8119988222
1249 50.2529344022
1250 53.1895014069
1251 47.5069991515
1252 50.9723401905
1253 50.3910781831
1254 50.1461973254
1255 49.1866967992
1256 59.4354455327
1257 51.0820939106
1258 48.601879772
1259 46.9517631334
1260 56.5934407329
1261 147.897960218
1262 56.6109501502
1263 69.7383373089
1264 46.1998851914
1265 55.9105776975
1266 52.0015845079
1267 47.2516474609
1268 51.3698863305
1269 49.162911421
1270 72.1262273969
1271 63.1657318826
1272 65.262963499
1273 55.2675525931
1274 47.225325855
1275 76.5282243438
1276 62.2711470155
1277 51.278411832
1278 59.0652809354
1279 82.3366672264
1280 52.4163553873
1281 54.1748532981
1282 53.2881572812
1283 50.9796328134
1284 44.7484225696
1285 57.9211443907
1286 75.059650657
1287 50.2957447388
1288 47.5193743479
1289 49.474360713
1290 54.0859306754
1291 48.8349133134
1292 64.8343717105
1293 50.603306391
1294 63.3807949972
1295 48.6472090719
1296 65.7134563553
1297 60.0414906184
1298 74.3684347201
1299 62.4383093306
1300 55.9180227682
1301 53.192545072
1302 50.7347865607
1303 64.8252737064
1304 144.020411141
1305 47.1489086164
1306 53.1266144193
1307 48.345711893
1308 51.3175465624
1309 48.2114046721
1310 51.0071187841
1311 48.4641923462
1312 43.8441908274
1313 60.7466513506
1314 54.0791285118
1315 51.6741771695
1316 48.9789811773
1317 55.3716629059
1318 47.8542345186
1319 49.8995792099
1320 60.7153188071
1321 56.5801479751
1322 52.4884598946
1323 53.8867974804
1324 64.0064652476
1325 46.3032506256
1326 48.6915258402
1327 62.882262028
1328 51.9666487017
1329 56.7265142068
1330 61.8433366948
1331 50.3342349734
1332 63.5692935812
1333 50.4180770899
1334 133.570106159
1335 53.2972351996
1336 46.024389809
1337 52.693533136
1338 62.4422794663
1339 46.6977952077
1340 50.5041720689
1341 54.990670292
1342 49.5224457243
1343 56.6784399114
1344 71.7750312785
1345 44.1595416802
1346 47.022713552
1347 58.7454921922
1348 57.5920349149
1349 55.9192692983
1350 61.4068982338
1351 49.6814119047
1352 51.2932669321
1353 51.0605668811
1354 52.7149277191
1355 53.489084738
1356 55.2613670569
1357 51.4572018311
1358 43.8057349021
1359 57.9418767348
1360 54.8317003759
1361 47.3926787017
1362 62.5747742149
1363 46.9463836093
1364 50.7887287502
1365 51.2048501183
1366 55.8105106368
1367 49.331047378
1368 53.526832387
1369 54.8586086187
1370 49.4656235767
1371 52.9221943016
1372 49.0348250524
1373 49.5151819161
1374 56.1979723408
1375 51.6947016167
1376 48.4126898909
1377 101.931359178
1378 59.7562294225
1379 55.1992451566
1380 50.8880635844
1381 51.845308112
1382 50.5565247196
1383 58.3541555661
1384 55.0695992364
1385 46.3570833574
1386 49.5080271539
1387 51.22230734
1388 53.9602223794
1389 47.0395733269
1390 45.4656453305
1391 59.4788623492
1392 51.9066831728
1393 49.696996401
1394 50.8745962303
1395 66.1755442462
1396 47.9165500703
1397 50.9305206775
1398 63.4753504598
1399 56.4564866222
1400 63.8155660932
1401 75.2239936044
1402 48.8935149836
1403 50.1237705119
1404 69.6418442384
1405 49.3608146882
1406 61.1986617278
1407 50.3461038402
1408 57.2294427842
1409 49.7507264098
1410 42.4869054351
1411 50.8255397857
1412 60.8832457189
1413 57.1909667748
1414 47.1933331194
1415 51.8400524924
1416 47.1856775485
1417 63.1813013022
1418 62.6429455172
1419 46.3652045515
1420 49.6516111967
1421 48.9400117216
1422 48.6314579514
1423 53.3140790219
1424 52.9065878867
1425 51.2920842917
1426 49.1755315473
1427 52.6261276995
1428 62.8894646493
1429 59.6463871041
1430 49.7451837866
1431 52.6007056017
1432 50.2495729752
1433 50.9267773417
1434 53.0212775243
1435 57.3803946095
1436 48.1064931281
1437 54.5033330348
1438 53.1276328957
1439 51.188093646
1440 77.1068580287
1441 71.3375354471
1442 54.2989300719
1443 52.4767276882
1444 59.1585839049
1445 47.1636900275
1446 53.6379892676
1447 50.2415530886
1448 55.0654769253
1449 52.3998643814
1450 79.4321482981
1451 61.4580199824
1452 47.8305196164
1453 139.436830084
1454 78.3397108571
1455 59.8894498736
1456 57.5257948273
1457 54.6167811392
1458 59.739539337
1459 50.0813378781
1460 52.9395887967
1461 48.9213998195
1462 55.7784830412
1463 79.4227048731
1464 54.9225879099
1465 51.2500266637
1466 56.2526759864
1467 50.8256964841
1468 65.1060984476
1469 61.7028273712
1470 53.1062360944
1471 53.1507954999
1472 49.9383817915
1473 60.0270929817
1474 55.4763896994
1475 80.6163819775
1476 51.4368672215
1477 58.9149081131
1478 63.4945940499
1479 51.2348949316
1480 50.4190119193
1481 71.6561562849
1482 56.5125337141
1483 62.9198724827
1484 53.358606485
1485 65.6502554039
1486 53.6908140194
1487 53.4182463873
1488 52.2318919933
1489 71.4381370952
1490 48.2590409562
1491 60.8723615621
1492 69.1989496154
1493 64.4129086444
1494 58.8251953442
1495 67.826549346
1496 71.4658479281
1497 59.3120281792
1498 58.071842668
1499 53.926546446
1500 54.9855487709
1501 63.2921010347
1502 64.7478005532
1503 61.2060486516
1504 52.1109602785
1505 55.3135659162
1506 64.8824299658
1507 70.210983302
1508 60.3562566383
1509 53.9396397366
1510 62.9489641183
1511 56.2451345288
1512 66.1317596576
1513 61.8909065021
1514 55.3616618545
1515 53.2050562446
1516 66.7914953777
1517 60.0921779122
1518 112.753390504
1519 53.171041945
1520 58.3562140759
1521 68.0465148451
1522 61.9890132765
1523 56.0683799806
1524 54.8887847898
1525 59.9471688047
1526 60.8523779466
1527 58.5659490675
1528 57.7075320266
1529 80.3510323644
1530 57.4777460394
1531 48.8203667901
1532 60.448921189
1533 75.5381173696
1534 59.9017218284
1535 67.123243589
1536 62.2065713376
1537 65.2884494475
1538 60.7234042691
1539 59.840573818
1540 52.6342030254
1541 63.2729525999
1542 54.0508625987
1543 52.4487563574
1544 57.5457847629
1545 57.9865308694
1546 51.1199333489
1547 60.4694877064
1548 61.9295694158
1549 54.8050889215
1550 51.911760787
1551 57.5274053688
1552 71.4791075069
1553 49.0415754766
1554 70.211866023
1555 52.7025351505
1556 66.967021928
1557 74.8431856511
1558 58.1965072428
1559 48.0004012273
1560 48.2451234123
1561 65.8094029734
1562 48.1685518676
1563 59.3949697797
1564 56.6484583554
1565 60.6727634592
1566 54.5539016829
1567 68.8691823065
1568 63.0688898618
1569 52.3627982035
1570 52.1555941877
1571 71.8925103646
1572 66.4170204065
1573 56.7916216064
1574 49.2326931486
1575 49.4427816437
1576 63.4378931103
1577 55.0624959598
1578 51.6226926691
1579 59.239828308
1580 58.7924972882
1581 56.5323932444
1582 53.6425251351
1583 51.2727842927
1584 83.8453688798
1585 55.7736908773
1586 51.3914634837
1587 57.7071349413
1588 59.1186735331
1589 48.5616430047
1590 60.0900581623
1591 55.0357577541
1592 73.6341780574
1593 70.6181818468
1594 51.6425986746
1595 52.6209661319
1596 49.9420266681
1597 55.0198415884
1598 54.3578225925
1599 60.7349195666
1600 54.9023249735
1601 50.1473611747
1602 64.1751286837
1603 48.8971949706
1604 122.527739838
1605 67.9422265579
1606 68.8910306856
1607 58.9649893515
1608 51.901173343
1609 47.8774773352
1610 147.181906332
1611 57.7059893272
1612 52.1415952091
1613 72.8313378601
1614 48.3376653326
1615 57.4738523954
1616 50.8663564894
1617 51.5112735104
1618 76.8842645186
1619 71.946188077
1620 72.6280487162
1621 64.6994916732
1622 75.7841878133
1623 61.9354175351
1624 61.6852107881
1625 61.2240669679
1626 73.1788941563
1627 67.8443783642
1628 75.7386652366
1629 75.1429485271
1630 61.4740859841
1631 89.0911904662
1632 61.4806613436
1633 64.9943390809
1634 75.2903644135
1635 61.2340696872
1636 71.7269388532
1637 92.1218436853
1638 63.0207426944
1639 76.2795415812
1640 69.3798804545
1641 70.5185549554
1642 75.7101354323
1643 56.1377270944
1644 58.6493574143
1645 71.2101538647
1646 65.6910007853
1647 62.5149745398
1648 64.6711113524
1649 75.2468198274
1650 55.7436069806
1651 66.4419905689
1652 69.5526841258
1653 73.2698346404
1654 81.9369812103
1655 57.9912136086
1656 64.4809951476
1657 79.6727395661
1658 65.2443710723
1659 65.6659739894
1660 75.7327091915
1661 64.369954686
1662 69.904525407
1663 59.8655104423
1664 64.6168165274
1665 70.518380546
1666 66.4890791446
1667 56.5238823737
1668 61.8575844614
1669 67.8060824091
1670 63.9280777364
1671 60.0887995144
1672 83.001229535
1673 71.2972060687
1674 66.6827315905
1675 73.2452224946
1676 58.6910362925
1677 73.4832309219
1678 79.6590738301
1679 80.9137015856
1680 55.3945477805
1681 54.8446217406
1682 60.5637013187
1683 58.4091373839
1684 69.361218008
1685 64.2410351092
1686 52.5501288513
1687 53.697219424
1688 55.2226265709
1689 62.5210290527
1690 58.0793494662
1691 53.6885826557
1692 54.9210420682
1693 56.7718528438
1694 59.0009895753
1695 58.2025714683
1696 60.355017374
1697 64.7105261124
1698 55.7795657484
1699 55.3717838073
1700 64.7316695778
1701 56.8750089463
1702 63.3861345202
1703 58.8746367098
1704 55.9628812309
1705 56.1818657105
1706 57.3535208087
1707 61.1840973041
1708 52.773073063
1709 62.2583555473
1710 63.2794643431
1711 61.5783484421
1712 53.3784105871
1713 58.7068899933
1714 52.9592397982
1715 65.1639013495
1716 53.0932832838
1717 59.1362900215
1718 56.3523285663
1719 51.9202660471
1720 56.86631856
1721 95.5954770688
1722 56.8671693155
1723 56.9294591619
1724 69.5606434113
1725 59.2689308212
1726 65.8385935435
1727 66.5105209391
1728 51.860595397
1729 55.9948718331
1730 63.0184453177
1731 53.8426836096
1732 56.89700357
1733 67.1804345039
1734 52.5283205035
1735 69.3384502976
1736 68.7100522179
1737 60.3880779351
1738 62.7237013567
1739 55.96847215
1740 58.7517301121
1741 57.2339449337
1742 55.1497601515
1743 63.1911535003
1744 55.1276255153
1745 62.645527878
1746 57.2432165598
1747 58.3889669586
1748 53.0051121249
1749 58.6778566831
1750 68.1784514846
1751 69.4997744005
1752 66.8826599381
1753 73.9287276031
1754 55.7630784723
1755 62.6368970207
1756 54.1631818495
1757 63.7446913398
1758 66.2428627042
1759 52.5100244178
1760 53.838518205
1761 55.1524282035
1762 68.0314658506
1763 57.1937937099
1764 57.5180331933
1765 124.939836034
1766 78.891243275
1767 55.2023690484
1768 68.8638012564
1769 72.9583865588
1770 56.93865311
1771 68.9481318833
1772 54.4135732954
1773 54.4096163192
1774 56.6237835184
1775 68.3763509587
1776 58.260293236
1777 56.8910125045
1778 55.6871029967
1779 55.3656915713
1780 57.4263498504
1781 61.5573421137
1782 64.4380919245
1783 57.4300622869
1784 55.6250623733
1785 68.9174671619
1786 57.7918204576
1787 74.6622496284
1788 64.7744506342
1789 57.0919698759
1790 56.9249710972
1791 64.1084928335
1792 57.041266373
1793 53.1762398551
1794 63.8787005373
1795 60.8057831478
1796 57.910008439
1797 55.0711022275
1798 58.2981215314
1799 60.1692735294
1800 56.375370896
1801 55.3986203656
1802 53.3157514696
1803 61.5532334483
1804 65.9861070949
1805 57.4139600965
1806 62.4831598503
1807 62.1572028516
1808 60.9426243359
1809 48.3364054782
1810 66.2776071529
1811 51.7812429977
1812 52.7598286813
1813 87.6021903854
1814 67.2928872592
1815 55.7915692402
1816 56.8375966668
1817 58.0930415342
1818 45.373655694
1819 64.3914045037
1820 67.8243257884
1821 47.1856469156
1822 69.5528590952
1823 60.6583224402
1824 82.3495651219
1825 61.9674618851
1826 50.9373110428
1827 50.9006715775
1828 55.3364179528
1829 47.8832495384
1830 59.7169341296
1831 50.5057870964
1832 59.8262361654
1833 46.1765874682
1834 51.8438683126
1835 50.997099559
1836 53.1124500324
1837 124.766392472
1838 58.3416185813
1839 50.3566812194
1840 60.2943523623
1841 160.85470412
1842 54.3900744873
1843 48.2271214414
1844 52.9018468604
1845 74.5838070094
1846 54.4404899615
1847 56.8861488835
1848 84.3468172111
1849 51.3184492803
1850 48.5756765867
1851 47.5138391921
1852 62.8434366569
1853 60.1833430626
1854 73.8226687812
1855 51.1785368721
1856 53.1591309192
1857 69.0264954326
1858 51.9059339038
1859 59.8422282567
1860 55.1115061731
1861 76.036431862
1862 48.5333194863
1863 48.935581147
1864 52.4838086099
1865 58.0908867967
1866 60.8510086269
1867 63.2225444748
1868 53.7781366541
1869 58.0500463306
1870 56.1033476962
1871 59.4860037822
1872 60.0513464695
1873 84.7208105751
1874 64.367191679
1875 55.1133163928
1876 49.8237629456
1877 66.4384346699
1878 65.0556779509
1879 64.7609928345
1880 52.3915947207
1881 63.0026519224
1882 58.913156036
1883 63.1812011513
1884 58.8740007363
1885 75.5681443483
1886 59.3655629276
1887 61.9736642847
1888 71.6703599871
1889 50.753103837
1890 60.6138647993
1891 61.087037696
1892 56.0413618234
1893 72.6196964876
1894 58.3752450325
1895 66.6052247114
1896 56.1366241206
1897 69.4987397535
1898 59.8971927117
1899 69.9374802451
1900 56.2668068851
1901 71.8188615208
1902 64.8332644936
1903 59.1073282205
1904 47.4030098864
1905 49.1195930468
1906 70.0350656101
1907 58.4249889253
1908 62.4953789889
1909 67.0464226664
1910 61.8879731834
1911 58.5337104875
1912 60.8558679651
1913 57.1871517998
1914 54.1775934806
1915 137.775870003
1916 65.6634953862
1917 55.0959875348
1918 63.9811518048
1919 66.7273383046
1920 58.5824960857
1921 57.4306229284
1922 56.4929077144
1923 48.0080773657
1924 55.637883442
1925 78.179094852
1926 110.265467387
1927 61.5155675687
1928 56.5140721724
1929 49.3572412654
1930 60.6330283822
1931 54.5448445745
1932 55.2935514467
1933 60.1224415144
1934 58.2423579802
1935 64.412976412
1936 57.3946339569
1937 70.6667840782
1938 53.3147074195
1939 66.7365290737
1940 55.9477768484
1941 69.3624961021
1942 52.5967443249
1943 87.4583082547
1944 53.5444223924
1945 57.6142741195
1946 61.8580280891
1947 58.3227634973
1948 55.2062193448
1949 52.9753589375
1950 54.6846526823
1951 54.1933234882
1952 57.738295473
1953 50.1454554612
1954 53.3614492241
1955 69.5905044279
1956 66.1248529399
1957 58.1163136002
1958 52.8870399522
1959 67.6786722324
1960 62.3185045556
1961 53.594122475
1962 57.9252400338
1963 49.0492675893
1964 66.4144254613
1965 61.197286748
1966 58.8983464523
1967 60.9323140158
1968 52.3101907678
1969 61.2161293072
1970 61.8976021193
1971 60.0859142385
1972 48.9014126361
1973 57.1158643323
1974 55.5593137086
1975 52.9808562879
1976 59.4857155293
1977 53.5702424138
1978 62.1927751797
1979 52.9891485107
1980 67.0166728485
1981 53.9229782775
1982 63.5339628652
1983 63.4841029053
1984 57.7964461971
1985 68.3685273155
1986 55.6834540257
1987 67.6643975064
1988 61.2404994847
1989 60.2806328926
1990 60.6249226953
1991 54.7111470797
1992 56.2779387985
1993 71.8377375934
1994 76.1590376627
1995 56.0174547499
1996 55.4203651031
1997 55.1728194574
1998 53.0929036716
1999 71.1970968136
2000 53.0000162331
2001 64.4684698117
2002 56.6660726284
2003 64.3199598172
2004 51.5775379852
2005 49.6205739297
2006 38.9017730051
2007 76.5586255997
2008 69.0285136331
2009 45.2161895838
2010 52.6129700972
2011 50.7918830597
2012 36.5571007522
2013 36.4218853242
2014 49.3133659272
2015 46.1802430896
2016 46.6403395897
2017 50.3652728494
2018 49.9682637476
2019 39.8145760515
2020 40.6654850959
2021 47.7087203046
2022 37.5316304135
2023 48.2664818877
2024 38.4501123003
2025 45.9920732334
2026 48.7475819719
2027 42.5505482959
2028 62.8208006039
2029 42.2951248434
2030 55.8282695922
2031 44.6897405548
2032 103.995858657
2033 48.3540564712
2034 63.1974006833
2035 37.6606769367
2036 48.26195869
2037 49.4195802446
2038 51.3046270436
2039 63.4861220759
2040 44.6151388446
2041 56.1815245137
2042 46.0944297052
2043 44.5506030065
2044 42.7532436433
2045 43.3891438571
2046 50.7030393851
2047 59.0846752012
2048 37.2408055815
2049 58.3658131906
2050 43.7085166685
2051 48.3110311015
2052 48.450023771
2053 45.9391151581
2054 49.3792346012
2055 38.7603638644
2056 48.7369570957
2057 50.3454787715
2058 54.5973635068
2059 47.1819764423
2060 42.5416083815
2061 47.3909276767
2062 41.6034800611
2063 53.337553611
2064 41.653436919
2065 52.737866417
2066 66.2804592496
2067 38.7100809738
2068 45.7154705523
2069 43.5083319256
2070 48.505528344
2071 52.2143776215
2072 55.3854775296
2073 57.7941661905
2074 50.5473616426
2075 51.3796234461
2076 53.1962363695
2077 48.0798679568
2078 47.1987486929
2079 48.1741666332
2080 43.5352485611
2081 50.2533036796
2082 50.8600735386
2083 40.8630201519
2084 47.7124983351
2085 53.9022875923
2086 39.0785570053
2087 51.6011811664
2088 47.9753089618
2089 48.7064354031
2090 42.8518318049
2091 50.4672411225
2092 41.7957070797
2093 40.1920654851
2094 44.0276975802
2095 44.5962465201
2096 39.6430008887
2097 41.4372276319
2098 39.4345596502
2099 43.6286724874
2100 53.3866253928
2101 49.4990026449
2102 47.4469086632
2103 48.6765286292
2104 39.3654386415
2105 60.3859517733
2106 42.5529375821
2107 51.1258631874
2108 56.6561043922
2109 42.9646620397
2110 47.5245195249
2111 47.1099850545
2112 58.096533486
2113 45.2142748963
2114 47.6886368241
2115 52.3751887006
2116 53.9031938227
2117 46.747621843
2118 46.9814148091
2119 49.958653687
2120 50.3611351172
2121 48.8064894108
2122 37.3278664947
2123 60.910528034
2124 38.9908885243
2125 45.7650893295
2126 45.0916417141
2127 96.5324618812
2128 57.1467524838
2129 77.2367315306
2130 48.7681139739
2131 64.5806500094
2132 43.0753502323
2133 48.4450325742
2134 62.1471251626
2135 52.9962691413
2136 59.5154808226
2137 54.0352068569
2138 116.482021125
2139 57.3296217477
2140 63.3058232016
2141 48.0206059601
2142 55.7237593797
2143 56.7857147873
2144 61.7167151625
2145 58.0993539527
2146 64.4223718404
2147 51.4414121572
2148 67.851156616
2149 53.8354701663
2150 55.8792323149
2151 70.5285474913
2152 53.2244637915
2153 59.7982359967
2154 68.0038305352
2155 58.9888954506
2156 66.6351107318
2157 56.797847686
2158 55.9810758451
2159 57.8498978201
2160 59.0103607595
2161 60.1499883574
2162 55.3654083116
2163 57.1426593227
2164 67.0884828767
2165 63.7475754254
2166 66.6901773806
2167 52.0198083675
2168 56.0955584749
2169 50.0991616674
2170 55.4817288938
2171 57.3443602386
2172 50.3568447083
2173 58.894542806
2174 53.5812374878
2175 55.6451849352
2176 62.5060563185
2177 64.5939050835
2178 74.973837543
2179 63.9855295098
2180 52.5841289581
2181 56.9366712662
2182 71.8910992896
2183 59.1314160659
2184 56.3699587308
2185 66.2104597721
2186 53.6761951693
2187 51.6069021733
2188 58.2542652333
2189 53.2408242677
2190 63.0399418608
2191 61.5913352176
2192 51.2370725315
2193 53.375813022
2194 54.3339752329
2195 50.2726451825
2196 59.5527562346
2197 56.9555041194
2198 64.8112482406
2199 64.134319807
2200 66.5668674581
2201 60.7712158568
2202 76.0769973184
2203 69.4140417878
2204 72.5563226434
2205 60.8327621094
2206 73.8249293127
2207 65.5112413799
2208 61.2302093829
2209 72.8669192545
2210 76.1930385633
2211 73.500369853
2212 71.7371694484
2213 65.5052076504
2214 69.7516177453
2215 61.8823796239
2216 63.7812700258
2217 61.0385323932
2218 55.4704221646
2219 62.8161296022
2220 74.7042874174
2221 63.6971327517
2222 63.5931761622
2223 121.070612633
2224 75.7884372322
2225 61.9254596877
2226 72.5055639438
2227 74.0980670611
2228 62.472567745
2229 71.4434017353
2230 72.0879533789
2231 71.4084739874
2232 67.7250177166
2233 69.3754976437
2234 66.8948824631
2235 57.9268843958
2236 80.9175221379
2237 61.3229556617
2238 70.1341626123
2239 65.8052852037
2240 60.6337945522
2241 59.4200296933
2242 69.9613952293
2243 77.1827892226
2244 61.7527961033
2245 62.3620462988
2246 55.7548759822
2247 58.4641689446
2248 68.2341831771
2249 56.5276247294
2250 67.2111591067
2251 69.1050562278
2252 64.907339996
2253 58.9827159085
2254 70.1004945188
2255 71.2822111918
2256 60.9790690536
2257 75.9032460003
2258 65.7226544128
2259 73.1563168829
2260 61.7064956843
2261 70.7997275273
2262 61.9274832059
2263 67.284216201
2264 46.2914427095
2265 50.8244215394
2266 56.5728190438
2267 49.6020547361
2268 49.783624879
2269 48.0325557515
2270 63.6727680388
2271 48.2495396363
2272 42.9551956363
2273 59.3384397736
2274 42.7112806529
2275 46.1601270756
2276 58.9822501807
2277 64.5387483596
2278 49.9030996416
2279 46.8399285785
2280 80.254850242
2281 47.1221622546
2282 49.1221721832
2283 55.0071318448
2284 47.0983356372
2285 51.6401622522
2286 50.2393811327
2287 54.255918344
2288 42.8561260654
2289 51.5208000769
2290 52.2406370392
2291 40.5160443928
2292 44.0550018945
2293 49.9473076875
2294 49.9195896987
2295 49.7896787941
2296 55.8072708266
2297 48.5864103431
2298 45.2907206016
2299 41.9483239595
2300 60.8746397362
2301 51.3445291441
2302 43.8498004352
2303 57.5025221994
2304 55.5431496211
2305 50.9673625777
2306 48.9119155441
2307 45.6465006339
2308 48.6258622317
2309 47.2308888871
2310 46.6852206503
2311 45.2224304663
2312 44.6134163891
2313 48.0211588895
2314 51.2266278241
2315 45.6767547597
2316 72.5188898759
2317 50.0636440767
2318 53.3787274535
2319 43.76768263
2320 46.4538136674
2321 55.5847180089
2322 57.7360226102
2323 47.7224537277
2324 46.2449816226
2325 50.9095527391
2326 53.9996649636
2327 56.7485677657
2328 61.6989000687
2329 52.5463481845
2330 71.8540537161
2331 56.9637300825
2332 62.9074653305
2333 47.5797782106
2334 50.9101813419
2335 54.1795770116
2336 45.6703725424
2337 63.5893742493
2338 50.0651772631
2339 56.4896491597
2340 49.0574932295
2341 53.2282819557
2342 53.7122531287
2343 48.0093213836
2344 50.6631334669
2345 52.0141762914
2346 49.4887879876
2347 47.1034607384
2348 51.8753952654
2349 48.3572734078
2350 48.3788263972
2351 55.0435099627
2352 48.2423192754
2353 52.8862183525
2354 49.3228028953
2355 45.6582984428
2356 59.0218137822
2357 56.806911194
2358 53.7549358316
2359 58.9435305359
2360 53.120224275
2361 49.1645956846
2362 54.3683252639
2363 49.8008492343
2364 51.6089825961
2365 47.1279616329
2366 48.5479423948
2367 52.152460849
2368 59.95647983
2369 48.9395106421
2370 59.6951407751
2371 48.5196399542
2372 50.796589658
2373 72.886302327
2374 49.6488288298
2375 66.314165
2376 62.4738761813
2377 51.4289522777
2378 50.8405353519
2379 49.9918949963
2380 62.7393474282
2381 58.1734226833
2382 51.8883672085
2383 53.4909947234
2384 110.334454619
2385 51.5333915775
2386 53.3472006242
2387 53.4632917406
2388 49.8206353406
