u s
1 54.0644561999
2 68.6889679297
3 57.8426063812
4 60.6783678659
5 58.5782393801
6 51.3310995317
7 57.4396974266
8 63.8057450168
9 72.7078338568
10 60.7042113372
11 54.3720724066
12 64.7313937978
13 68.0767119561
14 59.0583927979
15 72.213370156
16 59.382555042
17 62.3496701977
18 56.3861083013
19 157.0462845
20 55.5236264592
21 58.9936063918
22 57.1864847195
23 73.7167933786
24 60.2488931417
25 61.789041061
26 73.6272389343
27 72.7048575417
28 52.9204260806
29 51.1786139393
30 69.3194515504
31 67.0175120387
32 73.0010249758
33 60.0296845291
34 68.1388023232
35 59.4358157661
36 72.8681484523
37 68.1518739927
38 59.5613731968
39 48.9531197928
40 51.4356088101
41 59.7133140342
42 65.243802
43 59.6830983983
44 61.9680053802
45 70.4886966176
46 60.8329110436
47 58.0181782015
48 58.080361152
49 48.9202401874
50 60.1422960117
51 61.7702645737
52 58.8425120693
53 65.3156122519
54 62.299622125
55 149.849870854
56 65.9299698012
57 78.4901074525
58 64.6799200147
59 62.2279941788
60 64.1229691111
61 61.4955404459
62 72.973811158
63 64.7682439834
64 68.6261593173
65 74.935032728
66 48.2761694821
67 48.2793443545
68 55.084090624
69 59.2766627745
70 53.7570508005
71 49.6642069029
72 48.0502938833
73 42.9084307414
74 57.0656090515
75 58.7024146429
76 57.0479317457
77 52.5136327996
78 52.2743789038
79 50.9652736509
80 50.4382243079
81 50.6129926071
82 55.1151276354
83 49.5746282198
84 53.9906045133
85 43.8390822362
86 54.0661093709
87 52.337311958
88 50.8346026138
89 57.6437244451
90 54.7789295843
91 51.0071642519
92 55.6663571576
93 59.2088091507
94 57.5446007757
95 47.0925710987
96 49.8711414775
97 51.7135761522
98 94.6445966505
99 49.3994539431
100 57.5071811828
101 52.8840965382
102 52.7379848068
103 54.7948128331
104 50.74741797
105 51.4619882017
106 57.9206464057
107 47.6906235628
108 63.2232101315
109 57.6382564361
110 54.8715907906
111 55.2335264008
112 62.280948324
113 55.582049877
114 57.9147583366
115 52.2656936101
116 51.3995830287
117 56.3502603422
118 52.5876624001
119 52.2090939853
120 56.2749575054
121 62.5280481309
122 52.8667248178
123 56.6417639266
124 54.0086958439
125 46.5069468078
126 55.788727827
127 46.5826993787
128 52.1728720291
129 56.9724467079
130 51.8714201779
131 52.7551581688
132 61.7222892114
133 66.0273233693
134 53.1170120464
135 64.8486071229
136 54.6304030943
137 60.3939179578
138 59.720369555
139 61.3893615627
140 61.214988207
141 65.4633136183
142 56.2336954831
143 59.5317962578
144 58.23617122
145 55.1334839868
146 51.2086342874
147 53.1778417971
148 58.2618557227
149 67.678133833
150 65.2483085912
151 59.6041419113
152 56.4596572953
153 57.4429381077
154 53.4016124386
155 60.0846055331
156 49.6958868267
157 58.1778790009
158 59.2543663923
159 55.5808990953
160 58.564561159
161 57.1270639148
162 55.5912439166
163 61.2134312203
164 58.3947631775
165 59.0249651882
166 59.7801822049
167 49.8818476273
168 59.671443661
169 69.0971786534
170 57.481021583
171 58.3291351508
172 59.4164673933
173 49.3878980185
174 54.3423858315
175 58.255559307
176 58.1247390153
177 58.2010704021
178 61.5573433302
179 54.1906753167
180 61.7128238784
181 49.7548990065
182 60.4728233598
183 61.3893359709
184 46.2142702046
185 57.6007583748
186 56.0234414688
187 58.8411430901
188 58.0405977645
189 54.2082470021
190 45.2038726736
191 56.5423117435
192 52.678630031
193 53.5302123143
194 57.7742385108
195 58.139295032
196 64.3943753738
197 65.8559658448
198 58.100339111
199 71.4183945146
200 59.4210701373
201 54.2342622471
202 61.8467171745
203 70.1215102839
204 62.8215147775
205 63.9939249538
206 57.780396723
207 59.4914091124
208 59.2830084213
209 71.0748335392
210 66.717207769
211 50.2733009595
212 61.8729288792
213 48.8939875808
214 53.3892696492
215 59.9864787508
216 46.4779150112
217 64.4432057163
218 66.8480689503
219 60.0829439877
220 51.3328275445
221 65.5845047163
222 58.6198376807
223 68.8832682827
224 62.4719020335
225 69.6620728611
226 61.4874745524
227 56.6379865692
228 57.0177718842
229 44.0366570269
230 71.9307604773
231 79.0518999863
232 61.382423365
233 173.952476236
234 59.5120898017
235 59.4737764506
236 191.485781405
237 64.1202012397
238 58.616409456
239 72.6850118492
240 59.1187298989
241 66.7982725596
242 64.9784694657
243 56.7714251813
244 60.969253312
245 60.4553416826
246 60.1766990631
247 65.9785002267
248 56.430380813
249 61.4432126483
250 66.1515464728
251 60.6232202746
252 58.7110342302
253 50.0644514679
254 55.2996196828
255 68.8292419414
256 65.3601667406
257 65.0079596148
258 66.0063309379
259 47.2559357102
260 69.6825146932
261 46.8713002112
262 69.0450893834
263 63.4111101188
264 57.6830569057
265 61.9707003412
266 57.6103392514
267 59.5928013221
268 46.7578883363
269 55.7482921664
270 61.0111207315
271 69.0286657555
272 58.8678047249
273 59.3597272763
274 62.6930315615
275 60.2269549904
276 62.4421167933
277 71.2536206133
278 56.0801302008
279 64.8333707329
280 59.6819405784
281 59.381015939
282 57.1191605926
283 53.9903662161
284 58.7016137131
285 61.9418081329
286 65.1028939245
287 62.9112742824
288 57.790378532
289 66.8905532915
290 63.2595773653
291 57.9020967075
292 56.6968821329
293 62.4909319363
294 50.4249237122
295 53.6825386248
296 67.2143186804
297 61.8079103407
298 63.1665143992
299 56.6641162314
300 54.7491907126
301 61.1970578199
302 61.3227975661
303 60.3073260847
304 62.3453106983
305 64.3950135397
306 60.1427682474
307 61.3246677588
308 59.6195182593
309 60.3624754166
310 56.4854978084
311 62.4131338937
312 54.9628762152
313 56.6773615297
314 60.5293131669
315 61.0569734583
316 62.287705806
317 60.0764643508
318 53.0053992891
319 61.607257813
320 56.6015352736
321 55.3785407602
322 60.6130431481
323 62.3924976719
324 75.7879241735
325 61.4011277688
326 63.0170411484
327 58.0581767833
328 59.2523363593
329 59.2360774497
330 61.1607705271
331 50.6205882306
332 54.9955757528
333 63.989134498
334 52.1841683993
335 56.4564780925
336 70.7207301165
337 53.1284511298
338 46.1568089789
339 54.3384564268
340 66.1916873845
341 64.4898523141
342 53.8898915444
343 53.8592289484
344 56.077783267
345 54.7061659133
346 52.6966948388
347 61.6299542545
348 57.7590020304
349 53.9032854149
350 54.6646439851
351 54.9041686427
352 57.9865332636
353 55.6069579255
354 56.974538185
355 58.1011328882
356 58.7287417413
357 53.1402503425
358 55.4886269469
359 54.1977070035
360 59.4229820174
361 47.7808934493
362 63.1159044813
363 61.2052294702
364 61.2090542544
365 53.3865694929
366 54.3560490539
367 62.3871949321
368 56.7020985609
369 51.8605583467
370 35.5925119535
371 68.252234986
372 71.4889471187
373 60.8896677937
374 56.281759502
375 54.0561875166
376 59.5926352166
377 52.0136821839
378 57.8726808907
379 62.7689442871
380 58.2030525363
381 56.9923530681
382 59.1106252278
383 59.6472501532
384 59.6049404744
385 54.886995975
386 56.406718694
387 57.7902505872
388 63.0555984152
389 59.4077617941
390 66.6642624574
391 54.6580091506
392 51.7201801485
393 53.8426836096
394 55.0006355842
395 51.9202660471
396 55.0477854908
397 67.1123923209
398 59.7891870193
399 64.6159233417
400 55.625407316
401 54.1961090473
402 54.9040322958
403 56.8750089463
404 63.2637761056
405 64.2164382292
406 60.4785839556
407 57.8955342368
408 52.6002100335
409 58.8669848325
410 59.8514209592
411 53.6885826557
412 61.0118773793
413 62.5210290527
414 55.6161668124
415 54.2967920606
416 59.936788103
417 58.4091373839
418 58.5787426059
419 58.5960892134
420 53.7920088639
421 75.0805864506
422 52.3244773748
423 69.3012425236
424 67.4551977373
425 55.96847215
426 59.9390639452
427 61.65060317
428 55.5740117218
429 58.9948169689
430 54.5616380433
431 60.3880779351
432 46.0840242706
433 58.8921357318
434 62.137120457
435 66.5021411265
436 54.0090363691
437 57.2339449337
438 55.1913165387
439 59.2697967183
440 56.997579792
441 63.1911535003
442 52.003177943
443 62.0088004038
444 58.8186930324
445 58.5914214298
446 56.4414747393
447 61.0364046662
448 61.9036456098
449 53.7692106835
450 61.3837056315
451 58.7034106307
452 47.9502377528
453 70.3112524893
454 28.4146787259
455 59.1774048837
456 60.5609100267
457 70.2675409203
458 55.2731090779
459 53.04201125
460 62.128951684
461 51.7072354582
462 57.0649487113
463 60.5112414395
464 57.0314380144
465 43.8306743795
466 63.8316723083
467 57.2105916964
468 65.322200537
469 60.5779629399
470 60.2341778996
471 69.356384646
472 61.7906520519
473 56.7023690877
474 55.6756011901
475 55.5177883142
476 58.5945941506
477 57.4786582563
478 55.0066290098
479 54.7577717786
480 49.6704797074
481 57.2139764431
482 56.2757743159
483 53.7297687573
484 54.2349449466
485 53.8364933629
486 47.9834865135
487 53.0489797251
488 55.0403138762
489 62.5026959028
490 39.3045824314
491 61.8570928455
492 58.8261742928
493 56.7617394007
494 55.7337303058
495 61.2233427333
496 61.0409773548
497 56.163317402
498 53.5718704597
499 45.9781135554
500 59.5110872337
501 55.7880932911
502 58.0280694999
503 57.3202179247
504 57.8576275955
505 63.5400946033
506 60.9775769275
507 58.5276575777
508 51.7242761372
509 60.6629326442
510 55.4780549256
511 53.0143516584
512 54.6928764958
513 56.306491433
514 66.5845055781
515 59.3589769337
516 55.8269279278
517 56.6356275946
518 50.9006329578
519 53.5450424087
520 53.4788640392
521 56.2387913372
522 51.9334479257
523 57.1179203594
524 52.7248526477
525 49.9139392917
526 59.5380453855
527 54.8150513915
528 51.7074683435
529 46.640294999
530 45.6641502378
531 51.2796863122
532 54.2026550466
533 63.8227299419
534 53.8523404678
535 53.1811913123
536 54.5876794163
537 51.3984328789
538 57.4849376974
539 50.9036617049
540 50.5143457009
541 50.8464418475
542 53.7019554993
543 53.2273792609
544 54.5022500317
545 52.8159888269
546 51.0008433171
547 48.3703187512
548 50.2234833216
549 53.744121239
550 54.4092223572
551 51.9651026262
552 53.2352160327
553 51.4839263091
554 62.8223871733
555 46.5666864209
556 42.2478806902
557 72.4322404406
558 57.0456656402
559 54.3290804829
560 56.1879688635
561 53.7236977165
562 82.8866351287
563 49.2572369269
564 54.9568580197
565 57.6459088448
566 52.6197311456
567 54.4730885106
568 52.2298876696
569 56.4835808801
570 57.692163704
571 60.9806135968
572 55.1324315909
573 59.2265127527
574 66.2006434689
575 52.4493248596
576 66.5944696338
577 59.2484652821
578 51.2625854433
579 54.1307998839
580 51.3872696724
581 58.2210302657
582 52.7536947291
583 49.9433757381
584 54.073676772
585 68.1867195438
586 68.3691304103
587 80.1526965099
588 63.1245195922
589 69.1845899111
590 68.1002238043
591 60.5551378848
592 66.4293001167
593 55.1904787658
594 67.8378003867
595 63.0988621576
596 53.5551433863
597 64.9435625054
598 56.0023351576
599 70.5736690373
600 70.5998398474
601 65.4089468763
602 59.5690868461
603 57.5694301529
604 65.8696039437
605 59.1120906131
606 42.555662272
607 70.880709574
608 69.0488947665
609 67.9557853497
610 40.543643977
611 57.3250734001
612 60.4921430286
613 43.6049779121
614 53.2543744001
615 65.2496326572
616 68.5488413638
617 71.7775648192
618 65.4481204492
619 51.4806590287
620 62.8480958592
621 63.7937845328
622 65.4645797845
623 64.3005496795
624 65.0826181346
625 64.990881362
626 59.0775026952
627 63.9332073447
628 61.7237801544
629 65.580377392
630 62.611723959
631 72.4921036216
632 64.8702273442
633 69.2055895373
634 54.0449531387
635 57.433411027
636 64.6386454164
637 68.2896937214
638 65.8580344904
639 66.7923246205
640 60.3289267179
641 62.9086995172
642 68.1286507186
643 65.545202696
644 65.5676049668
645 67.2477020559
646 55.2696315218
647 63.8468446263
648 66.2701561521
649 63.177227106
650 57.7800862439
651 59.1525596223
652 49.8135827357
653 64.3681093273
654 63.6511592334
655 52.5226775982
656 72.5984888631
657 60.7380629787
658 64.0839978756
659 57.6722875795
660 59.5954352426
661 61.3034197203
662 55.5369404947
663 53.6698954156
664 62.0079351962
665 53.8517259285
666 63.4405597641
667 60.2375267914
668 61.7538509425
669 50.9064106673
670 54.8385663364
671 63.3645622321
672 55.1558593517
673 61.2416024134
674 42.0353282023
675 56.6505627882
676 61.9485983272
677 67.6423933434
678 56.4934276649
679 62.2609715583
680 60.5511994338
681 63.468461108
682 66.5334689645
683 59.0651715746
684 29.7717567215
685 49.8778571226
686 61.6803902693
687 64.4432387861
688 59.3657885194
689 58.4095691852
690 51.6273294661
691 56.1754656271
692 60.6335776882
693 57.5926012695
694 60.6250344803
695 54.1994015669
696 60.184346284
697 57.9442785283
698 64.792587042
699 62.6154824212
700 68.4256156411
701 53.3053772328
702 66.2014223968
703 53.5372742096
704 57.41197388
705 61.9287278876
706 60.870583465
707 60.9365092353
708 74.740036422
709 66.8062894479
710 60.8051680027
711 62.6861011715
712 61.3274379008
713 59.5009584981
714 45.9545214939
715 56.6135896172
716 56.2474338676
717 55.7473058797
718 59.176483013
719 69.201254237
720 61.8277181113
721 64.6167043743
722 57.5725866519
723 56.7457649367
724 55.7575615638
725 78.3328611938
726 67.1379859531
727 51.8247816442
728 60.0411546528
729 61.9187287307
730 53.2448100466
731 58.5994073245
732 56.2173605625
733 59.2315505693
734 56.8101714688
735 61.4249935825
736 60.3001185689
737 56.9785021019
738 67.8675953874
739 58.953642491
740 66.1893276779
741 56.9563006583
742 73.5988124157
743 56.450639068
744 57.7114053676
745 58.8959616532
746 57.495525327
747 58.8171890904
748 57.3152306909
749 62.5296155763
750 60.1366489422
751 62.1555439732
752 57.0011689589
753 55.6809527532
754 59.5481383591
755 63.2367873913
756 68.3703803668
757 65.2293746575
758 73.8226420505
759 60.0354105795
760 55.0147287487
761 55.2200513546
762 66.1482004055
763 61.24586441
764 53.9919666801
765 61.8970110494
766 56.9186548792
767 60.9997170211
768 67.4702487217
769 64.7312601361
770 58.7001646191
771 62.0811624377
772 54.5350972575
773 65.4947856482
774 58.5111560982
775 61.6760703209
776 55.1461426389
777 55.6580917384
778 61.1727659661
779 60.8327234589
780 54.1719290085
781 65.26355846
782 54.8025506439
783 57.9362967054
784 67.4436917138
785 60.6143775774
786 45.3126506125
787 45.5263380892
788 59.6230143057
789 59.320614606
790 60.8969236184
791 59.3467166867
792 61.1317383818
793 49.270419056
794 53.2416358633
795 65.8644140911
796 52.5327552777
797 59.7442361027
798 64.1416094769
799 46.663746006
800 54.7274104455
801 61.2071095248
802 59.7051067116
803 52.7951449057
804 55.4986072631
805 57.0486778057
806 59.1017823282
807 59.632930332
808 61.855138332
809 61.029727002
810 56.4121739296
811 68.0243786019
812 64.6350374538
813 61.0791408119
814 59.2928766951
815 64.7226177654
816 55.4154390709
817 62.4613130591
818 53.6892316981
819 56.4617179866
820 60.7801008396
821 59.7838971815
822 60.9491437352
823 63.2957041227
824 60.4469938762
825 66.0191041575
826 62.9311931283
827 58.5412890664
828 59.2952173943
829 60.2480988713
830 61.5371438981
831 59.8244267743
832 53.3752936465
833 54.463732264
834 58.2385671385
835 52.7639437243
836 58.2680744964
837 59.4011847914
838 61.9246932304
839 59.448186238
840 61.2736608571
841 70.6732965825
842 60.80421223
843 55.9724371984
844 54.776775927
845 59.9719764786
846 45.7895126052
847 68.2804193675
848 62.8588437609
849 67.2745610446
850 60.7357429377
851 69.3055594587
852 46.8691385822
853 63.5556715686
854 56.4732451174
855 68.4423141263
856 63.9615588695
857 59.4374564378
858 57.9260460209
859 59.0600654926
860 65.0828808274
861 62.2096835148
862 61.7176252896
863 62.6162054655
864 66.8674055206
865 58.0032019231
866 44.4240705183
867 49.1684738555
868 71.718165199
869 61.5958916645
870 44.4190523002
871 65.262110054
872 46.9492349264
873 72.0944885215
874 54.6886083628
875 59.6214659056
876 73.1242306413
877 69.5636915416
878 63.9862712843
879 44.802478981
880 52.9109657085
881 66.1897142344
882 67.9874932173
883 70.8820440499
884 59.299959846
885 61.3888446536
886 45.223169541
887 62.5838416764
888 61.1752329829
889 54.1727723311
890 57.468009054
891 47.9078346921
892 58.007034754
893 59.7864521666
894 68.3875484051
895 62.7109038302
896 65.309673598
897 58.5964505762
898 46.2589657429
899 61.8252990371
900 62.2261661037
901 58.7355868521
902 69.8232439441
903 64.873373406
904 50.0280373067
905 67.0968495496
906 64.5030905669
907 66.0941965499
908 61.7448169352
909 66.8483639205
910 53.2586818516
911 61.1955281528
912 50.5604598501
913 58.875267345
914 60.954134982
915 47.6141414491
916 64.3426833087
917 61.5562624345
918 65.6634690757
919 66.3985342394
920 55.837442194
921 58.6298933226
922 61.1877667228
923 54.5276719219
924 55.6437358495
925 59.5307521057
926 50.6128596223
927 59.4541059126
928 60.526578187
929 51.9720230337
930 62.2747309362
931 56.5203316305
932 60.7673469825
933 56.4156288298
934 60.6201272923
935 47.4685009792
936 57.8821402427
937 53.8816520924
938 61.5091428287
939 59.225568549
940 60.6842393458
941 57.7593959351
942 59.1128646963
943 58.0268081928
944 60.0395711802
945 64.470562658
946 55.5356295101
947 52.5415752271
948 60.1072365918
949 54.3132465779
950 65.8123760317
951 55.0983618267
952 59.2756527792
953 54.7378410563
954 56.4800636394
955 62.3074311713
956 58.4580590811
957 63.5149966722
958 48.311805758
959 59.9937526663
960 51.8841113996
961 58.799750929
962 46.4386248786
963 69.6509259717
964 60.8149038956
965 49.260780513
966 51.7513205346
967 60.2375285618
968 51.9981405298
969 63.8374431888
970 63.6341744372
971 61.7007054005
972 67.2125052657
973 60.3095607852
974 48.3168757837
975 65.6812307539
976 63.912237202
977 70.1243383375
978 65.6398434207
979 63.5971678709
980 54.5256060649
981 53.282307005
982 62.598041369
983 54.5645487957
984 54.198115562
985 64.9832950577
986 46.4399346924
987 59.1364537741
988 65.4119175717
989 71.890913578
990 63.2222325633
991 74.1036433586
992 60.4322057634
993 56.7950632765
994 62.7430908046
995 59.7375251511
996 61.2189539774
997 65.0000063954
998 51.6375886262
999 63.4507465202
1000 68.1721881044
1001 69.5246119323
1002 65.490056168
1003 53.0976516365
1004 66.3970440018
1005 67.2797975966
1006 61.8685764125
1007 60.0998619529
1008 59.6191778974
1009 64.7133047756
1010 51.5848256884
1011 57.0633570823
1012 60.7532295295
1013 63.9292020737
1014 60.3524163832
1015 68.6063672634
1016 64.446070256
1017 64.7363697853
1018 64.7850791533
1019 57.5768777019
1020 57.6240871839
1021 38.1377069399
1022 63.6940105799
1023 63.6783214663
1024 61.1434875398
1025 61.9003525027
1026 58.2630137941
1027 68.4022544482
1028 66.7880118647
1029 62.6658629157
1030 58.0598156027
1031 67.1017701527
1032 58.2794063806
1033 64.7659791814
1034 64.9345862772
1035 67.5270854314
1036 52.075817595
1037 56.0456627929
1038 52.6707191579
1039 54.9621648003
1040 58.7795740562
1041 58.998155246
1042 65.0843189119
1043 52.8640910492
1044 56.5550474948
1045 58.3340582789
1046 57.1122232648
1047 63.5797001196
1048 51.6956692276
1049 51.6415300461
1050 48.5636377601
1051 66.8734717632
1052 54.0001190539
1053 57.0303326584
1054 62.6322916437
1055 56.8902432042
1056 58.2819566192
1057 55.4627890762
1058 53.1300998021
1059 55.4140175371
1060 57.5034617878
1061 69.9613936651
1062 61.6527030519
1063 70.6589928153
1064 52.7836286889
1065 56.3799784535
1066 52.7372724957
1067 56.3385474977
1068 53.4348055836
1069 65.010172298
1070 62.7827842713
1071 58.7894973702
1072 51.9682461113
1073 58.1001871711
1074 57.3075695775
1075 24.7207517379
1076 49.2307764846
1077 56.7299740664
1078 52.4530945407
1079 55.3696100675
1080 54.7158419976
1081 55.7728741511
1082 59.8476470063
1083 55.487090428
1084 55.2679890132
1085 62.9730894902
1086 55.0894602917
1087 59.3769963783
1088 61.7728357338
1089 53.4121103884
1090 52.8008113919
1091 58.5972765261
1092 53.2777160316
1093 58.7752990003
1094 58.9883677247
1095 52.6342698844
1096 57.3515751765
1097 52.583153923
1098 56.4824695544
1099 56.534444229
1100 44.804721994
1101 56.8869844767
1102 56.2206320738
1103 54.1154116228
1104 63.5541006302
1105 55.5236245573
1106 58.982672166
1107 57.0613313249
1108 54.3395224467
1109 56.0721561476
1110 47.9259353683
1111 53.6558542808
1112 59.1654017809
1113 58.9760809182
1114 45.2699534254
1115 41.9800479802
1116 61.1294880417
1117 67.3042146261
1118 55.8447099072
1119 46.0591213675
1120 62.7949236737
1121 67.1665572232
1122 58.7788749929
1123 65.9618263796
1124 56.7500340343
1125 44.5303974782
1126 57.943260899
1127 62.7473856647
1128 54.5222469027
1129 55.7004795447
1130 56.0192796156
1131 55.6864853857
1132 51.6234643206
1133 56.4559725112
1134 63.4541177274
1135 52.6070152342
1136 61.2051081288
1137 57.8711861388
1138 59.6679112317
1139 68.563748021
1140 52.4151299662
1141 57.3893854892
1142 57.1043530203
1143 57.0456511223
1144 71.476002638
1145 67.9030945689
1146 57.4556121287
1147 57.6207191939
1148 63.2152853659
1149 60.6845202065
1150 54.2962072616
1151 46.0179073387
1152 55.1524643975
1153 58.3732321659
1154 54.4234575682
1155 47.273603339
1156 54.6196223779
1157 62.7402661273
1158 50.0689173074
1159 53.3345852875
1160 51.5452049668
1161 54.5683343689
1162 53.5630869547
1163 55.7118878522
1164 58.6615171947
1165 59.5312725032
1166 55.1297858028
1167 50.376664967
1168 56.4683832021
1169 55.656540844
1170 56.9520672022
1171 53.9150763918
1172 56.4787703043
1173 57.2649424248
1174 58.1965629172
1175 58.0668181201
1176 57.6417500267
1177 61.1621062755
1178 57.013682457
1179 56.1274733498
1180 56.5063820441
1181 55.7370343135
1182 54.5070898728
1183 53.7745794937
1184 54.9566758917
1185 53.6041959189
1186 47.837655376
1187 58.6952218682
1188 55.9766323261
1189 56.6587522241
1190 56.7319961885
1191 43.8954287696
1192 54.0557193016
1193 62.1581667625
1194 58.0056819048
1195 51.2447415138
1196 54.0708043455
1197 50.7184929821
1198 56.3913243463
1199 59.4348222206
1200 55.3040419031
1201 46.522394859
1202 58.5979294302
1203 59.1088494609
1204 57.4964845912
1205 48.5203747829
1206 59.1676586345
1207 69.0518883192
1208 52.9703884162
1209 61.5554254979
1210 53.4735912772
1211 56.0609953139
1212 56.9763951954
1213 55.9040109495
1214 64.3235543954
1215 50.0446024539
1216 60.890096711
1217 54.7536361517
1218 51.0138819456
1219 58.5190825736
1220 54.503414624
1221 58.2272746239
1222 62.588457249
1223 50.5628586374
1224 51.4687290908
1225 52.3676466238
1226 47.5251054319
1227 60.8738365956
1228 50.6716195639
1229 55.777918016
1230 53.9847226228
1231 52.0053386374
1232 60.4324704559
1233 59.9048234309
1234 57.2237452401
1235 61.3361486817
1236 60.8976931889
1237 44.4487817382
1238 53.6275705447
1239 55.0278855202
1240 54.8423992605
1241 56.718797565
1242 61.4974983834
1243 49.9480985668
1244 53.2750357201
1245 58.9957015089
1246 63.3482724351
1247 60.518270382
1248 60.6030069889
1249 62.3803613963
1250 58.3717849542
1251 56.02400134
1252 61.0189100396
1253 60.3893478579
1254 63.375868062
1255 60.2039796294
1256 58.4166382804
1257 59.7053455167
1258 61.1786035518
1259 58.2408969686
1260 53.8377631226
1261 55.2280339157
1262 59.9325914485
1263 60.5076768131
1264 57.7840404224
1265 72.6797873978
1266 56.2676602917
1267 52.1285574362
1268 48.0678252861
1269 60.8387549799
1270 65.7582368401
1271 59.7299299329
1272 61.7260749787
1273 58.2357455155
1274 53.7107180021
1275 66.227885138
1276 59.3511818122
1277 57.4524663052
1278 62.7656762501
1279 61.0794282418
1280 59.9887870133
1281 56.9812242056
1282 69.9326207083
1283 58.9317412029
1284 69.3063824353
1285 61.6081880554
1286 58.8049174653
1287 60.3463162865
1288 59.7435989622
1289 54.6167632092
1290 60.7909516998
1291 55.8530207829
1292 72.356523893
1293 57.7007661393
1294 58.1735232715
1295 60.3445452407
1296 69.8147980876
1297 63.600113434
1298 47.2953437079
1299 66.3813440465
1300 73.2458895783
1301 62.919601668
1302 65.2817991088
1303 70.827743321
1304 64.4482931493
1305 72.4779309227
1306 55.6609297512
1307 62.7908478879
1308 57.574752447
1309 64.7585879208
1310 74.7365162924
1311 65.1678791593
1312 48.4481763169
1313 62.865488612
1314 66.7327038652
1315 59.0720181134
1316 64.4857738851
1317 62.9791453708
1318 66.4253605207
1319 62.2112947666
1320 63.2115894639
1321 60.1832709623
1322 62.5847301141
1323 61.0627290159
1324 63.8374814311
1325 76.573815305
1326 75.6024079907
1327 61.0692140962
1328 62.5798214633
1329 66.1108451071
1330 60.7327558978
1331 54.7950169618
1332 62.2352599735
1333 60.1323310665
1334 71.4160550237
1335 66.8133151188
1336 67.5561540082
1337 65.7013218503
1338 61.2074029606
1339 73.4083380161
1340 63.4278829681
1341 63.5177724983
1342 66.0727954233
1343 59.6444390718
1344 65.3033484399
1345 61.1957836057
1346 64.3371520339
1347 63.6559115519
1348 58.2318797679
1349 67.2602744881
1350 70.9306499642
1351 63.8852517795
1352 60.1019174868
1353 63.894935066
1354 65.4049812044
1355 63.0363948479
1356 74.581020618
1357 54.0902738262
1358 64.7352554154
1359 60.4959438925
1360 50.7590488462
1361 72.6755964106
1362 42.5524400609
1363 70.4525473454
1364 57.4097082919
1365 65.4459293782
1366 58.0292331295
1367 58.3647169013
1368 85.0273029186
1369 58.8421743409
1370 58.2766769896
1371 56.7235824785
1372 58.5537811676
1373 55.6619218223
1374 61.0554748185
1375 57.6000649852
1376 53.6115587798
1377 63.8275286016
1378 59.7349581627
1379 59.1814226596
1380 61.6849910718
1381 66.3111186181
1382 60.7590201689
1383 58.4167759471
1384 69.2832267938
1385 63.0719353444
1386 55.7797899294
1387 63.0194580036
1388 44.516170963
1389 60.7854576951
1390 57.2395300162
1391 78.9762493454
1392 55.0146844763
1393 56.8960302097
1394 49.1933642752
1395 58.8605653116
1396 65.4470349856
1397 54.4617532071
1398 62.5874011895
1399 62.5524052891
1400 56.6296818724
1401 60.8081113507
1402 51.1584826694
1403 56.2617167548
1404 58.3351374137
1405 63.3183528248
1406 57.3114885345
1407 58.3347167974
1408 49.4470979417
1409 55.327539014
1410 60.5623200115
1411 72.222677985
1412 63.4965835218
1413 62.5949311749
1414 67.6409426295
1415 56.3991398465
1416 49.2568617099
1417 60.8196897647
1418 61.1701730427
1419 56.4628421925
1420 62.5344527478
1421 63.6624382559
1422 53.1603578294
1423 73.3957500353
1424 63.9161684155
1425 56.1814052804
1426 66.3170729615
1427 56.2165537448
1428 55.979145211
1429 50.2158017163
1430 65.859768734
1431 59.214539035
1432 71.2887475618
1433 63.9472262467
1434 55.7707165789
1435 60.9981128042
1436 57.7651450831
1437 60.2250086939
1438 67.3003932521
1439 59.070877557
1440 60.4292388454
1441 30.3930524268
1442 58.9380822444
1443 51.4480962531
1444 56.990955869
1445 61.361520871
1446 52.3125866702
1447 64.2247899189
1448 64.2153681377
1449 55.6680029879
1450 57.721863325
1451 57.654870404
1452 54.1181986882
1453 58.6848123442
1454 53.968075912
1455 45.924045491
1456 57.8910652118
1457 59.5211006943
1458 52.050565058
1459 54.4222146295
1460 57.815153749
1461 58.9418137353
1462 48.6441239733
1463 61.9931998483
1464 42.4910753492
1465 43.309107159
1466 58.2531047166
1467 60.071683064
1468 51.1708828635
1469 58.567108903
1470 61.4569516185
1471 58.2396484746
1472 55.0428677217
1473 64.534404481
1474 56.2103861681
1475 58.0757365992
1476 73.6171889054
1477 64.351315139
1478 60.4591995411
1479 62.5736382396
1480 58.5005572615
1481 49.7393215363
1482 52.9660454696
1483 61.3132310514
1484 54.6990320978
1485 62.1711952376
1486 61.3991437101
1487 55.6387563774
1488 57.0689105057
1489 60.2107353725
1490 57.1126603975
1491 62.420240552
1492 61.2436270679
1493 74.1251608149
1494 55.9034557191
1495 51.0799739142
1496 51.7988244272
1497 59.3867017204
1498 58.3627074234
1499 62.2641878437
1500 55.6047825443
1501 63.0549941749
1502 64.8628194439
1503 58.2724229144
1504 54.8674832052
1505 56.4650909359
1506 62.1135464961
1507 60.7512077542
1508 66.3169911304
1509 53.7268216201
1510 58.9031665179
1511 58.442076328
1512 63.7145164773
1513 54.2307409062
1514 56.6453534641
1515 73.447227001
1516 55.6365811267
1517 83.8926566876
1518 57.5500691222
1519 64.2241783406
1520 59.232447638
1521 59.2508319192
1522 68.9282048158
1523 58.0094153016
1524 61.0116837413
1525 54.6043997157
1526 61.9296440837
1527 82.0167220984
1528 57.4058434722
1529 57.5323972539
1530 61.305719631
1531 52.7941874587
1532 49.6008550381
1533 55.7107137853
1534 61.6114442811
1535 53.3135671198
1536 57.7959472914
1537 63.3723326806
1538 61.1462016497
1539 82.8266172376
1540 61.2695126956
1541 62.971804694
1542 57.5925619708
1543 58.8661181875
1544 56.1105329641
1545 51.2288089565
1546 63.5098754005
1547 64.1673226645
1548 61.8533995978
1549 55.7850121961
1550 61.3996764975
1551 62.8039536178
1552 61.7937507852
1553 47.4740306509
1554 56.6165747147
1555 64.2615415146
1556 65.2913386869
1557 63.9495565941
1558 59.355283797
1559 49.4689212276
1560 67.6524981473
1561 57.1482096848
1562 60.0020578224
1563 60.3149961503
1564 54.9217455141
1565 61.8643084847
1566 60.452891794
1567 59.6859534232
1568 54.6604245532
1569 56.6160027854
1570 49.7796061378
1571 67.6225745991
1572 64.2390904253
1573 50.7792871949
1574 62.6784024483
1575 57.5085635993
1576 58.2620065198
1577 56.6353776959
1578 57.785914671
1579 58.0887387212
1580 65.9952385706
1581 59.63243929
1582 35.3695192553
1583 50.0272220666
1584 61.6017887651
1585 63.7087187456
1586 66.4340286745
1587 55.0941102462
1588 63.1453209684
1589 60.0745607929
1590 62.9259029827
1591 57.6471345256
1592 57.8490853724
1593 44.9907432769
1594 51.9284375378
1595 51.9985487181
1596 55.9477923953
1597 46.9539545363
1598 60.1841506311
1599 47.8803153345
1600 61.04035647
1601 40.7274210722
1602 59.4250382833
1603 57.482807504
1604 60.6842413484
1605 70.0039049747
1606 51.7925956807
1607 57.5980089012
1608 57.7678428363
1609 60.6782916054
1610 57.325930743
1611 58.5354321121
1612 61.4394444383
1613 60.5934857298
1614 62.2937300754
1615 58.3109151658
1616 43.0705948473
1617 57.9853164034
1618 67.11919035
1619 59.2301135608
1620 70.6439997601
1621 46.8221818224
1622 64.5419596449
1623 56.3844306304
1624 56.4567333109
1625 61.272165547
1626 58.6530873019
1627 65.8875938911
1628 62.8635681364
1629 63.3665730779
1630 57.0205113767
1631 68.141762422
1632 57.6256939872
1633 60.8948988284
1634 57.1289485477
1635 54.9816817074
1636 51.5617538776
1637 58.6200951931
1638 54.4035480689
1639 55.4703355683
1640 54.476870304
1641 60.4284309937
1642 60.1702414423
1643 60.1477430507
1644 67.8906681187
1645 61.7675714126
1646 59.4157792647
1647 62.871055543
1648 52.637595696
1649 60.7592343782
1650 57.9668870675
1651 61.163652066
1652 63.5417832152
1653 56.8433465813
1654 52.7109595908
1655 57.3208202307
1656 56.4032334024
1657 72.4652966439
1658 63.2684930033
1659 59.1234509559
1660 57.5223081469
1661 61.715140327
1662 63.194481533
1663 66.4726642705
1664 61.0496693714
1665 55.964546108
1666 70.4414494813
1667 57.5481086111
1668 50.638136151
1669 59.3287971495
1670 43.8308025352
1671 64.2137717712
1672 59.1047172134
1673 55.7963553517
1674 89.2676074072
1675 65.4028812254
1676 59.6410523444
1677 48.9778670276
1678 56.4688232139
1679 60.4405054755
1680 60.0252811775
1681 57.8562265677
1682 79.5117806947
1683 76.5600792957
1684 75.2135483129
1685 71.1396169544
1686 53.9892258886
1687 69.4236144828
1688 69.8931515364
1689 68.6653555553
1690 75.1713824124
1691 65.9334858334
1692 53.3354200423
1693 58.7998086978
1694 65.8883119776
1695 86.5562651739
1696 66.6381185817
1697 68.347879905
1698 66.3047291671
1699 74.4362764801
1700 68.8814886988
1701 81.5167085701
1702 69.7977135716
1703 84.6353658489
1704 75.840037484
1705 75.7000167943
1706 79.1612851776
1707 70.7661922869
1708 81.524174329
1709 72.0905851673
1710 73.3814518112
1711 68.8409883942
1712 80.9210061664
1713 79.9125421381
1714 67.073093172
1715 69.9387786348
1716 67.2617797704
1717 61.2117114914
1718 89.2025185517
1719 70.2336717306
1720 71.8052322875
1721 88.4408784121
1722 74.6086521598
1723 72.3677709575
1724 60.0803965688
1725 79.2212420156
1726 50.4490149457
1727 70.4680029731
1728 80.5383724553
1729 49.2961245821
1730 69.7196529088
1731 71.6112479924
1732 74.9569018476
1733 80.8558185082
1734 54.3612515524
1735 76.8659408474
1736 85.107653162
1737 75.1234063854
1738 77.1032251604
1739 74.5219367178
1740 68.765429998
1741 78.822527354
1742 82.6461857786
1743 57.24581112
1744 53.4536873543
1745 59.5273505136
1746 58.9705350031
1747 55.669882279
1748 58.7630176788
1749 61.6706461308
1750 63.2752669523
1751 46.7910352145
1752 48.8070825627
1753 58.9979954547
1754 62.1332270045
1755 56.4452527925
1756 56.5472044427
1757 62.8000205827
1758 54.699511727
1759 58.139001684
1760 57.181684125
1761 58.1595464582
1762 58.9459936841
1763 59.5409300238
1764 75.3383999318
1765 43.7630447935
1766 49.4235251394
1767 50.8260560777
1768 46.5939291195
1769 53.899564745
1770 69.1438611051
1771 52.4222147185
1772 58.0723552739
1773 59.5775811317
1774 63.3726142894
1775 59.0707256598
1776 49.7089751537
1777 61.1018806614
1778 59.4668706523
1779 59.4072702596
1780 59.3139521228
1781 58.2499215786
1782 53.5603325044
1783 56.4384551741
1784 42.9195918601
1785 55.9263148922
1786 60.6701940938
1787 61.9311233789
1788 56.7694737462
1789 58.2159626603
1790 50.4180323356
1791 58.4644334984
1792 56.6666823846
1793 68.3486146051
1794 57.0645121929
1795 52.781615048
1796 58.3782909023
1797 55.8630359275
1798 61.5601747081
1799 58.7235861011
1800 58.4927737768
1801 56.603603629
1802 54.5950827748
1803 47.8351036446
1804 58.2902138372
1805 62.9448966451
1806 52.9944064946
1807 53.077025623
1808 72.4597978355
1809 79.7743080614
1810 81.5700738503
1811 89.6471296216
1812 97.384824879
1813 70.6413764487
1814 74.5695305394
1815 81.9967314808
1816 81.2739278801
1817 82.3355654122
1818 77.0516791975
1819 94.5854127196
1820 70.4908806205
1821 74.3086924661
1822 76.9033902175
1823 73.4298105067
1824 87.479455561
1825 75.7555185102
1826 78.0350107948
1827 77.5137774709
1828 84.2631711623
1829 76.9485509299
1830 74.9860770999
1831 82.3589865236
1832 68.338598895
1833 87.9463242132
1834 80.6433643943
1835 75.9266009591
1836 82.9390464659
1837 73.8707688248
1838 87.7108347894
1839 68.5965840867
1840 74.0293749498
1841 77.8478466613
1842 83.8697824135
1843 70.9683571749
1844 69.7335156941
1845 72.8168029798
1846 72.7053151071
1847 77.5838194907
1848 80.7322050404
1849 103.692380308
1850 73.8067390001
1851 82.6698897826
1852 77.0180114691
1853 79.6776544965
1854 81.0185490853
1855 72.2718951218
1856 76.4885269868
1857 71.7786668633
1858 92.1617183541
1859 92.5345043615
1860 73.6374710948
1861 83.0757956346
1862 77.9141854875
1863 74.6133269467
1864 74.1902197283
1865 61.6178514732
1866 77.9530967429
1867 72.241422838
1868 98.8804981753
1869 89.4863646648
1870 81.606156654
1871 79.5362849746
1872 81.6323625355
1873 79.2201970572
1874 85.3685839624
1875 79.2601981663
1876 72.5782017711
1877 75.7176707237
1878 87.6484997317
1879 74.991454411
1880 94.371733263
1881 77.2794978337
1882 72.6417966565
1883 83.9667699159
1884 88.2570014372
1885 73.2500500267
1886 74.129297998
1887 82.0273977823
1888 78.2280037818
1889 90.8825166478
1890 73.8294196998
1891 90.8981220224
1892 85.9878999436
1893 75.8419544312
1894 77.5965225152
1895 73.9422869426
1896 73.0764920021
1897 94.2601173838
1898 83.2622237853
1899 57.2611545203
1900 57.6804233561
1901 56.1480573002
1902 56.4802565851
1903 66.4282771788
1904 65.8657902979
1905 58.4646644101
1906 60.7900595903
1907 55.6956908005
1908 56.3501685363
1909 58.21023906
1910 52.1505213722
1911 54.785209339
1912 46.5552966029
1913 59.4654102329
1914 63.4822629109
1915 57.3694748818
1916 59.534626712
1917 63.3895604748
1918 56.1600205155
1919 56.4167667467
1920 57.5010149177
1921 56.4541258509
1922 55.3787726501
1923 54.3676500294
1924 53.6692708998
1925 55.2928489868
1926 55.9513595554
1927 51.3338919421
1928 59.7338089714
1929 55.7284651236
1930 61.9918790563
1931 96.8409990418
1932 56.2464869272
1933 54.9287825613
1934 55.1028493965
1935 67.7516978825
1936 58.895969939
1937 56.8708122015
1938 52.2760877863
1939 57.8869035103
1940 55.5114965548
1941 54.3549621137
1942 56.3453377082
1943 56.6129629828
1944 59.189681249
1945 57.3415204184
1946 57.6031193997
1947 76.2799207004
1948 54.2707518663
1949 56.8558082045
1950 60.6353936969
1951 60.2680153624
1952 55.4033985444
1953 58.3763590679
1954 54.4091193783
1955 60.1293611761
1956 58.8762362306
1957 60.215315899
1958 56.1432190356
1959 59.0434793408
1960 59.7724632235
1961 56.1500836036
1962 59.6829231902
1963 64.9845107528
1964 62.4137523912
1965 51.8991950447
1966 57.2978631152
1967 61.2369130237
1968 69.3642379531
1969 67.3381529162
1970 56.7896454111
1971 64.2375440444
1972 62.7380313049
1973 62.5315560264
1974 57.5474799165
1975 57.9856496268
1976 63.901471074
1977 64.988949056
1978 55.6382371118
1979 57.3268792942
1980 63.1511039759
1981 61.902692611
1982 60.0995547297
1983 73.943137261
1984 57.3532563132
1985 45.0981868816
1986 60.3664597928
1987 69.8429514048
1988 61.2896941556
1989 67.8260638772
1990 54.9008348019
1991 69.7959032974
1992 65.8980289043
1993 63.5766839399
1994 56.2245781787
1995 62.2149881408
1996 64.3200351706
1997 63.7825938226
1998 64.3464927118
1999 57.9972730957
2000 63.2340064229
2001 64.4417734631
2002 60.9522178346
2003 59.8820101384
2004 55.1843327139
2005 79.0941856278
2006 66.9397364485
2007 54.9278815599
2008 68.8630435569
2009 68.8911327065
2010 63.9548698959
2011 61.5541863281
2012 60.3096745293
2013 55.4854066199
2014 57.8367242451
2015 49.5094020264
2016 62.8258077922
2017 61.5766842613
2018 62.1190342083
2019 59.3421475898
2020 62.6106772727
2021 62.2924431913
2022 60.3585525492
2023 64.4031496801
2024 63.3762275649
2025 53.6801608027
2026 58.5421667513
2027 69.9124061892
2028 58.9662515037
2029 64.910996613
2030 56.1384637749
2031 53.6239535391
2032 61.1634564776
2033 25.1192770995
2034 60.2199255796
2035 58.7410516389
2036 61.8012988766
2037 58.7932888113
2038 55.6497996728
2039 53.0075020215
2040 58.7978659684
2041 58.1568914403
2042 61.7171271001
2043 59.6825699019
2044 58.6754975133
2045 68.9722280233
2046 59.1229875099
2047 63.8844691284
2048 57.487667596
2049 67.8596461883
2050 64.324744925
2051 59.099905956
2052 53.9137567594
2053 55.77739261
2054 52.1887223256
2055 70.465451215
2056 60.7052292755
2057 60.6374896667
2058 57.7531980813
2059 62.8714455667
2060 61.8780482559
2061 55.8156458154
2062 54.6503008339
2063 56.6617030291
2064 52.3281780498
2065 54.1815333614
2066 60.2426544342
2067 59.2022978949
2068 60.457848254
2069 59.9855594605
2070 63.7527106524
2071 54.8668924133
2072 53.3704905484
2073 65.3021511652
2074 60.251571974
2075 64.1276923205
2076 54.1461806979
2077 54.2605040731
2078 56.3939509222
2079 62.9344193715
2080 66.3184225467
2081 57.3083582046
2082 60.812179178
2083 73.8597769259
2084 47.5107521008
2085 58.2623676827
2086 60.4021310412
2087 52.6514409318
2088 57.4181433358
2089 51.1340624134
2090 57.8370724396
2091 63.1301506998
2092 60.5454617436
2093 42.561909371
2094 61.4633578564
2095 53.1226563034
2096 54.7137389115
2097 40.0433965669
2098 45.6065701753
2099 59.3375301572
2100 58.9345900545
2101 54.3078708847
2102 53.6537017233
2103 56.2250643402
2104 56.8106290176
2105 61.7080873461
2106 51.246306505
2107 56.2412587472
2108 62.1436987096
2109 55.8563026931
2110 56.0947048885
2111 54.4108148141
2112 53.6713726529
2113 61.8296569498
2114 54.0420079553
2115 52.8868937359
2116 54.993587278
2117 49.2125270895
2118 49.6343760717
2119 57.9677243558
2120 47.9964033687
2121 54.6299800778
2122 31.56879466
2123 53.659310036
2124 53.1270035888
2125 53.3696379597
2126 55.6874486497
2127 57.8516413716
2128 57.5110560921
2129 61.1808181826
2130 53.7398522422
2131 44.2782903234
2132 54.3436401017
2133 58.6487734702
2134 55.5902331577
2135 53.2294285584
2136 54.6025273655
2137 60.962099432
2138 52.5551135981
2139 56.6684729464
2140 54.4570388184
2141 52.6230810798
2142 54.4607824907
2143 51.7717682089
2144 56.3853065556
2145 52.6226669076
2146 54.4670404637
2147 54.181973433
2148 56.860017061
2149 56.1370378552
2150 59.1001365295
2151 54.5125801096
2152 49.5510993839
2153 63.1392660867
2154 49.2834739523
2155 55.9566080775
2156 50.3887075937
2157 56.2525038047
2158 50.9017657313
2159 57.4237538083
2160 56.5335655476
2161 48.4332672321
2162 47.1082003787
2163 61.1016259555
2164 52.2525177039
2165 52.7800749946
2166 54.2860454012
2167 55.887513429
2168 53.3189771519
2169 52.147127797
2170 55.1254176666
2171 63.6636391288
2172 52.6734668727
2173 57.4997092601
2174 55.0866753409
2175 53.9997086785
2176 51.2045739002
2177 48.4780677778
2178 53.3286061215
2179 50.765040014
2180 47.1003188506
2181 60.0479958651
2182 49.7391134124
2183 53.9657014257
2184 59.9313582791
2185 57.5052915899
2186 51.1810486579
2187 52.6815683711
2188 50.3136341994
2189 56.9626864136
2190 59.1915662255
2191 60.7570571676
2192 51.3327724502
2193 56.9328386454
2194 55.1544814913
2195 54.5893877764
2196 55.484255924
2197 52.9346783016
2198 57.4226003028
2199 52.4994301117
2200 53.5932790106
2201 52.5781109963
2202 54.7546635118
2203 51.1855030503
2204 56.7218104101
2205 52.7073130298
2206 57.545608393
2207 53.875738764
2208 54.7153177821
2209 54.4687010034
2210 56.0896823799
2211 56.6790739749
2212 48.3231397919
2213 55.4757436364
2214 50.5959953793
2215 48.4570563476
2216 49.5178559842
2217 34.5793010506
2218 62.9128907486
2219 42.2591216045
2220 58.2750683717
2221 50.8390116908
2222 58.4460185927
2223 51.5885811193
2224 50.1095936636
2225 58.0488706339
2226 66.2488748413
2227 59.9663138132
2228 58.3722153334
2229 55.4550101945
2230 65.2326242326
2231 58.2448918309
2232 64.90256238
2233 58.3867845484
2234 54.0917372392
2235 65.5982178301
2236 51.0900063541
2237 56.9479004826
2238 48.4420169752
2239 57.8863106669
2240 66.3497812797
2241 49.449650839
2242 57.7518715745
2243 61.3201470471
2244 55.1476545895
2245 59.6051927586
2246 64.205856544
2247 62.4340356885
2248 65.9412845693
2249 56.9498998451
2250 70.2036353149
2251 62.124841824
2252 57.4838216031
2253 65.5005326753
2254 66.5440459526
2255 78.5507860989
2256 75.6051971809
2257 64.8981420982
2258 61.5057901
2259 55.6119473845
2260 59.6397459716
2261 62.8983552442
2262 55.1754103517
2263 62.6777394674
2264 58.676327245
2265 61.2122171614
2266 62.2952851922
2267 79.1184644592
2268 50.0762050622
2269 50.0408378158
2270 61.2270065615
2271 58.5132039976
2272 67.9875576859
2273 64.8106227647
2274 62.0732587257
2275 65.6475000709
2276 65.1176458618
2277 58.8827585053
2278 56.3927547576
2279 67.3193383945
2280 73.0035290851
2281 70.115933792
2282 58.5854418239
2283 59.8544883561
2284 60.08718717
2285 54.8225133165
2286 58.0872567373
2287 58.6084537639
2288 68.1287346988
2289 51.3254367909
2290 54.5687521061
2291 52.0812841739
2292 52.1213932268
2293 62.9418681182
2294 60.7508518202
2295 57.7774392451
2296 67.7866965041
2297 59.1417716821
2298 54.6272862091
2299 59.3539590235
2300 60.1618843643
2301 57.7623457534
2302 53.1818123949
2303 59.5561960878
2304 61.5322764951
2305 55.3955526281
2306 55.2258682283
2307 55.1253478624
2308 54.0929867591
2309 57.7203255648
2310 60.9356629548
2311 60.0909727396
2312 57.996159405
2313 55.8421304083
2314 53.9659935433
2315 60.7445962993
2316 52.0554556091
2317 61.5259989801
2318 58.9872145702
2319 56.3899315841
2320 59.9390804127
2321 52.1929365178
2322 56.0298938481
2323 58.8730561566
2324 60.9660480414
2325 55.2943259198
2326 62.9699105833
2327 54.9615225313
2328 56.7202846905
2329 59.8093104972
2330 49.4546724851
2331 57.5922148001
2332 59.2377513043
2333 49.1068847016
2334 55.5502903144
2335 56.5808560293
2336 53.0017379416
2337 54.2925374742
2338 61.2865182948
2339 54.1164487663
2340 56.6119789402
2341 60.5357055826
2342 53.9087976872
2343 57.4669669996
2344 60.9715371775
2345 51.2140151688
2346 56.8306865812
2347 64.8466065543
2348 54.8472100336
2349 51.0824728591
2350 55.562078186
2351 68.3502145765
2352 56.2853872153
2353 59.3728375027
2354 47.0595255866
2355 52.1554142429
2356 61.5902821017
2357 51.3623051839
2358 48.7591978307
2359 51.6106390586
2360 44.3696044978
2361 47.1743183286
2362 54.5699735548
2363 47.4948119648
2364 49.8114446021
2365 48.0822914846
2366 45.4370986138
2367 50.4389073623
2368 53.7998400413
2369 49.3836571277
2370 43.0067150315
2371 55.5826006085
2372 54.8561599144
2373 60.0675284514
2374 48.6860757837
2375 56.7116266267
2376 49.3625749743
2377 49.6673056049
2378 47.0427817421
2379 62.3051774235
2380 51.7815053989
2381 49.400732269
2382 51.2537391298
2383 49.6414753711
2384 50.3335002923
2385 52.5003238507
2386 51.7354820334
2387 55.4139067121
2388 49.0982966678
2389 55.5728371668
2390 60.8567912278
2391 51.657323504
2392 54.7736200856
2393 56.9133123044
2394 64.6510502096
2395 49.425511707
2396 50.6926582067
2397 52.8100397938
2398 51.1879192531
2399 47.3625991339
2400 48.8768064738
2401 54.744217363
2402 44.5836401879
2403 50.1499758604
2404 55.0142870527
2405 47.2029301544
2406 42.466065382
2407 49.5871604394
2408 49.6021593593
2409 51.3771451397
2410 47.9768929249
2411 59.1619453171
2412 46.004432079
2413 46.9335313262
2414 55.1781878641
2415 61.5457498588
2416 62.0058544894
2417 56.7267604978
2418 70.2029017776
2419 59.1842187251
2420 44.6456774361
2421 63.1108398237
2422 48.6094684765
2423 55.7528196722
2424 60.1086512669
2425 63.8991941296
2426 57.592999572
2427 62.5311357849
2428 58.0639317794
2429 59.0553795715
2430 57.0586724496
2431 58.8433009264
2432 54.620909395
2433 57.5821852012
2434 52.556349126
2435 59.6335979514
2436 59.7931384899
2437 57.1785024654
2438 61.6019990116
2439 58.9598360745
2440 56.6904147216
2441 59.2184373123
2442 59.0793750863
2443 57.5446476456
2444 58.8270114141
2445 53.5090035514
2446 46.011725898
2447 49.3050969307
2448 54.7896802547
2449 60.0291873194
2450 51.497473528
2451 59.415760415
2452 63.2805718498
2453 59.793747086
2454 50.9320127386
2455 58.8124322229
2456 56.8789800244
2457 60.8194517992
2458 67.6222675252
2459 53.1700197917
2460 50.2831546166
2461 58.0129357294
2462 60.5080731001
2463 44.3842457009
2464 55.0909566607
2465 67.0877833571
2466 45.4648233989
2467 61.6485111168
2468 53.6910385799
2469 58.7361956028
2470 56.7237924461
2471 63.4762781411
2472 56.9234814909
2473 62.7378244875
2474 68.7335135625
2475 61.0298566252
2476 63.2408160659
2477 66.7725797803
2478 60.1325890939
