u s
60 35.5355387592
120 41.6618671576
180 38.129320492
240 35.5308303158
300 36.348087794
360 52.4714824494
420 26.3233144372
480 33.1770812622
540 28.5331240737
600 37.650930733
660 39.9749024523
720 41.0897518081
780 36.6585916984
840 48.6285532993
900 25.3326172677
960 37.3643103516
1020 26.0185796448
1080 48.5682825977
1140 40.1519571503
1200 32.1770084657
1260 85.5205498345
1320 31.1683099209
1380 43.2131264209
1440 25.5761799556
1500 35.7714365401
1560 41.3220539581
1620 24.7429683491
1680 43.4732432051
1740 41.5257438953
1800 38.3758693805
1860 34.5388130037
1920 42.2460340907
