u s
1 76.2572528091
2 69.0924844732
3 67.6080572026
4 63.0329397799
5 62.2692499171
6 68.7795432728
7 71.4291692118
8 58.1134521475
9 68.7922602586
10 61.3605855075
11 72.3261270494
12 67.3435240028
13 71.0177118255
14 58.364322724
15 73.2763401786
16 62.5442190473
17 68.382561725
18 60.4885846334
19 153.986426801
20 73.8337602788
21 64.2792636168
22 58.7763232054
23 64.4793908369
24 62.4062714203
25 62.1902499605
26 72.9787523808
27 67.4065187469
28 65.6520618979
29 77.4120505007
30 66.2719004554
31 69.3241210925
32 79.592829492
33 63.5122620082
34 72.6455642237
35 53.4826662311
36 64.0773039719
37 71.2829152894
38 62.5689562968
39 67.0099644861
40 68.3914632667
41 63.2724996381
42 58.5084878171
43 61.0582258325
44 61.9544476807
45 72.0710650231
46 65.7076578687
47 61.4019732137
48 57.6917016825
49 71.3977629811
50 63.5313831995
51 59.440257008
52 63.6518495233
53 71.2779615456
54 67.9260379404
55 152.088187044
56 69.1546642974
57 73.6924129566
58 67.4585047354
59 60.9881974674
60 60.5168281149
61 59.7318148206
62 75.3158009091
63 61.3945667341
64 64.2406210181
65 78.0067226018
66 51.7218540052
67 56.4849585549
68 57.5959295708
69 76.4362501877
70 55.6496781014
71 65.5174178009
72 65.1857926462
73 70.1817464597
74 65.6188574884
75 58.7807266644
76 59.025288903
77 57.7617895997
78 58.1483580727
79 60.9043206808
80 73.8998948679
81 56.6129728844
82 56.5844726661
83 62.1515269342
84 57.8299694907
85 59.2118556569
86 51.8550690019
87 55.9526654997
88 46.5515187189
89 61.4613623717
90 65.7019329405
91 58.0709679703
92 54.7298690792
93 59.6236531649
94 62.1216994124
95 66.5178802065
96 57.0122941465
97 55.2616799894
98 108.792792293
99 69.8370548753
100 57.3892235083
101 57.4213230437
102 56.3868927311
103 56.4059108422
104 63.0489585484
105 57.2709306302
106 61.2164807141
107 53.4896036238
108 61.1127568617
109 58.39468549
110 50.6300563648
111 57.2104980613
112 60.5724898052
113 60.4840210795
114 60.4419673941
115 54.023332591
116 58.391975436
117 58.1747294962
118 57.4698748936
119 55.828426403
120 60.6181198779
121 58.4235622258
122 56.9737358429
123 61.302522009
124 55.7615281077
125 58.0486257138
126 56.778118053
127 59.0334992414
128 49.3665442347
129 54.5121295252
130 51.7824879277
131 44.2464847708
132 53.8752014224
133 60.3065900076
134 50.9200496793
135 53.4953154563
136 53.3160948697
137 54.4187485053
138 49.5664371001
139 52.7963549753
140 49.6266403079
141 54.9566101484
142 53.0401200257
143 54.5469023847
144 52.7322696723
145 64.2988442847
146 58.5223205725
147 50.0253132987
148 48.9033195727
149 53.4575120677
150 47.6002023064
151 56.7886461043
152 52.5424042338
153 52.0816579376
154 49.8644489742
155 57.2721207331
156 49.8441514758
157 55.3660376819
158 50.68456657
159 57.316186093
160 49.1763032742
161 52.7923137213
162 45.6847146416
163 59.999902753
164 49.2079202973
165 56.4698866315
166 53.9825772869
167 52.6913479907
168 51.3339959112
169 68.8503210513
170 64.7152324975
171 53.8869222626
172 50.4542442304
173 48.5695240411
174 47.1773731924
175 55.5226688116
176 52.9345908961
177 47.9570687784
178 49.562871085
179 49.2285281758
180 55.9180656948
181 48.5942026725
182 55.7757449418
183 47.5878700168
184 66.1650687919
185 45.145236048
186 47.3027590521
187 64.7619584361
188 49.3146455476
189 63.9146495347
190 60.8180509573
191 53.6056760463
192 45.2285278338
193 56.8360294683
194 52.3600550237
195 50.9244676219
196 65.3893274122
197 54.848360914
198 57.4198924727
199 64.8283356512
200 56.0831010493
201 49.887006374
202 59.6991920068
203 64.4035440053
204 58.2928834576
205 63.1099050947
206 61.335314437
207 56.1429064232
208 59.9673192976
209 62.2241182134
210 67.7350914741
211 54.1966280372
212 61.4305398185
213 64.5397205885
214 52.4809039301
215 53.6492442442
216 63.5543057719
217 68.0323956356
218 57.9529516661
219 58.8371235698
220 64.3794313938
221 52.9792826058
222 56.8897033006
223 60.1394750751
224 57.5327849154
225 68.9772515086
226 63.6635218794
227 54.4178295203
228 49.5637331462
229 69.7426174206
230 55.6878249824
231 60.6360049806
232 54.4662844618
233 171.627159279
234 57.3648287682
235 55.9144444563
236 188.210174106
237 64.7939274839
238 54.5420222488
239 70.2592866743
240 53.1400650649
241 74.4110570214
242 65.2292168668
243 59.3570775874
244 54.9586820014
245 55.0781840827
246 54.8054991421
247 66.5326612264
248 51.8939461043
249 60.4923489834
250 71.7524448119
251 55.753128802
252 58.6502029525
253 56.4144982882
254 51.7728848819
255 72.2180760336
256 57.6728669599
257 58.9442147918
258 64.8179770269
259 56.5081558747
260 62.8363398336
261 62.0494534668
262 56.4877687727
263 66.4858809636
264 52.6549954979
265 53.6382340969
266 52.9286409484
267 54.9523914004
268 68.2031891748
269 54.5396189499
270 51.7808340054
271 60.9721661718
272 57.5807721382
273 51.2384027628
274 62.2699158572
275 46.5638970808
276 55.2954900945
277 65.3548657688
278 60.2106721873
279 54.4212101576
280 52.0989815979
281 55.8732359623
282 46.9560971794
283 52.1480113482
284 57.074925572
285 58.2253981157
286 54.2074218105
287 57.6101702538
288 53.1367104294
289 57.5136446118
290 64.6607238901
291 63.0592241823
292 54.3374757367
293 55.286032224
294 58.9947136257
295 51.7615798405
296 54.6818269542
297 54.5846108743
298 54.7169098812
299 48.8677128643
300 57.0800827186
301 52.194647466
302 52.5825542468
303 54.3829206492
304 53.8458022098
305 48.2790388327
306 60.2019859434
307 51.011308206
308 53.4629428867
309 52.0969391854
310 50.3881937335
311 58.490052878
312 47.1066858405
313 52.6307675548
314 59.5584235697
315 64.5897538714
316 61.7029700802
317 51.9001173165
318 50.8092291758
319 55.7359244162
320 50.8484693811
321 49.4539375627
322 55.4087349712
323 57.7261186065
324 62.4119360492
325 54.2285498684
326 56.5613866324
327 52.5112336294
328 52.5067882454
329 50.1406443871
330 52.3553524339
331 47.8530279568
332 71.8420210108
333 52.5029645527
334 49.2442737431
335 57.5732974671
336 59.2446147432
337 48.8298788998
338 65.4895949547
339 50.5942139912
340 63.9950508953
341 53.1776828148
342 54.8891554149
343 52.3265043797
344 50.6577859345
345 52.4558559443
346 51.9589106802
347 57.5942878447
348 56.2303945748
349 57.0513426162
350 66.2114945147
351 50.1236078666
352 60.3802911018
353 51.4845817654
354 50.2409297774
355 47.2477462959
356 57.6972386153
357 56.1053147803
358 50.6398692283
359 50.045981586
360 52.2351374182
361 65.5564157577
362 56.1947725201
363 52.8644686769
364 56.6854634611
365 52.0649030757
366 48.6596778557
367 60.0259835141
368 54.8555251631
369 48.0957380093
370 50.1693815416
371 60.361941014
372 58.3881019013
373 55.3706769241
374 57.0807039214
375 54.050357056
376 50.8352928497
377 72.7946527184
378 58.6503500757
379 55.8387671914
380 50.5002584117
381 52.8960664564
382 51.5257643671
383 58.5715842265
384 48.9996306555
385 50.009700198
386 48.6886324091
387 52.5207820088
388 48.3845062257
389 59.8831416343
390 51.9606441692
391 54.4302030841
392 57.5514562345
393 51.176086131
394 55.1599275711
395 58.4647521911
396 56.8605607502
397 55.7158374237
398 57.5720625588
399 66.0692748854
400 53.964178933
401 54.0217067932
402 62.7862124712
403 59.4536919239
404 68.5241719791
405 62.7633410409
406 58.5153618688
407 55.5543831578
408 48.7459907482
409 54.2878055611
410 58.1478334258
411 53.6966878466
412 55.8017248961
413 57.1578582947
414 57.7412730584
415 57.3713799674
416 52.5011019997
417 64.3980716727
418 45.4631983783
419 46.8021293772
420 55.8966289538
421 62.8662475967
422 44.5893347958
423 67.7372857631
424 61.0720641318
425 55.8991758805
426 56.3286891093
427 54.4997771155
428 53.4809775735
429 62.7732358465
430 46.9811275032
431 70.7511983006
432 59.8022093602
433 60.2401422879
434 68.992244133
435 65.2312956162
436 55.2334498671
437 64.1801314849
438 58.3058511047
439 55.2523353724
440 54.5837059201
441 56.4148198674
442 49.4814779975
443 55.8920842328
444 58.9791846944
445 64.1195597649
446 53.176815825
447 53.8490511874
448 54.3748789643
449 56.3324313205
450 61.1501401231
451 53.7197361784
452 67.2138296731
453 61.5049886351
454 34.9883282282
455 47.685854188
456 52.3206551571
457 59.2225980493
458 49.6508937597
459 48.1146115532
460 52.8683743884
461 46.131205588
462 53.3986493213
463 52.2431900437
464 52.3771007501
465 67.0383201371
466 52.346471907
467 48.2555393153
468 53.4104858478
469 52.523035754
470 51.09548694
471 58.1250579231
472 56.5821230507
473 47.4262065661
474 49.7759421088
475 42.7711756798
476 54.9411407661
477 55.505684728
478 49.4429337545
479 64.9203464259
480 48.332515365
481 48.4828589912
482 51.4075579453
483 51.6622776115
484 49.4415945048
485 41.0960897049
486 48.5735358079
487 63.0562760228
488 63.7460573342
489 58.7330268912
490 55.2893504262
491 52.5284837672
492 48.2401147391
493 65.375099121
494 48.2037104708
495 55.7700586399
496 49.3098376289
497 50.8847243074
498 68.499106714
499 62.9347771996
500 53.4659321891
501 51.2844417507
502 49.7703335992
503 46.5198301698
504 48.7226520279
505 58.6560338961
506 50.8273355125
507 50.4651811617
508 50.5843334012
509 48.4246538864
510 47.4322658787
511 46.1023270782
512 48.5250647285
513 48.8233174738
514 52.3864021365
515 53.181592371
516 45.6085435418
517 48.1122361511
518 49.5959795805
519 72.3301170222
520 57.4475609329
521 52.0837003612
522 54.1496400633
523 52.7564384749
524 54.8736157925
525 51.9357373331
526 65.8733281192
527 55.9616466226
528 50.8003836794
529 62.9511455016
530 65.089466561
531 51.3763028321
532 57.9216113885
533 54.7527941012
534 54.2364966386
535 48.7001388123
536 59.7419156718
537 53.2038635689
538 53.7008434362
539 51.5065745558
540 54.8161973634
541 59.8218751197
542 57.1898187596
543 49.9290715363
544 62.0041372919
545 51.0764212515
546 54.8104004165
547 65.3362038718
548 58.3980157247
549 54.3051346402
550 54.3111829303
551 52.2512928167
552 56.890850188
553 54.6570998209
554 63.7137713879
555 51.9714494137
556 65.8192094456
557 75.6207004323
558 50.9001288643
559 56.8494690308
560 57.6072839706
561 60.2212479707
562 95.5979481655
563 60.1919109402
564 66.9907631512
565 63.2156726254
566 56.3020661226
567 64.7938047754
568 54.2887258347
569 50.9075572906
570 61.5203413934
571 55.590150614
572 53.9720792194
573 57.1714795652
574 51.0061543841
575 64.6345257074
576 67.4383544735
577 59.647362856
578 53.8818025487
579 52.9968811645
580 55.5440679066
581 53.6036274616
582 56.7207855839
583 59.7131328696
584 53.924866346
585 66.8537848971
586 68.3455383779
587 74.8049543881
588 61.571356638
589 75.9429872479
590 71.7999136546
591 52.2335145357
592 59.5236367149
593 68.6431918669
594 64.5372539359
595 59.8368996981
596 62.5012511876
597 68.4201054876
598 57.5383502079
599 63.8078682531
600 66.7876603358
601 60.6970105362
602 55.5355541355
603 59.6978419737
604 61.4885752159
605 61.256191095
606 66.4976355922
607 64.6796717642
608 63.3977876385
609 66.9416709414
610 52.2635378277
611 60.6304894676
612 56.3552080451
613 69.1844427459
614 57.5440753166
615 60.371860275
616 59.5126713857
617 75.4079844162
618 59.9762542221
619 64.6609927239
620 58.5974471541
621 58.7508949392
622 64.1821374313
623 60.2137113123
624 61.7833985842
625 61.2647575366
626 57.1549872296
627 61.3495779006
628 53.9212644389
629 61.0921311806
630 59.8919889782
631 68.2982773009
632 61.8345176161
633 68.830966659
634 65.9765864682
635 58.1931513511
636 58.5263906109
637 66.5738658828
638 61.5769021213
639 60.8250772726
640 58.1397843214
641 57.9660402395
642 62.4609862158
643 61.6777444281
644 61.5212085463
645 65.3469356259
646 63.4992445726
647 55.071735381
648 64.2316201033
649 58.8785683269
650 52.5098252366
651 54.4001033071
652 50.6517243961
653 53.6595778072
654 49.5834606303
655 45.8895703575
656 56.3591268261
657 51.1959798852
658 54.5504491269
659 50.6500433066
660 63.7871187671
661 55.4313127783
662 48.9031408319
663 48.1665763767
664 45.8565668242
665 50.9249473198
666 53.5029526613
667 51.8370981857
668 49.8052330828
669 54.1896401471
670 45.9433052687
671 54.6145302494
672 46.2985153399
673 49.1919488288
674 57.7374628509
675 49.7616267963
676 49.1961841929
677 54.3991558422
678 53.1224530385
679 49.7363575034
680 49.9160070842
681 50.4875956085
682 54.82714181
683 48.981042572
684 33.9903451372
685 48.2667996978
686 50.4673359789
687 47.6826926661
688 49.9285449533
689 46.7450542084
690 53.1437935809
691 45.1131417206
692 49.7012035898
693 45.7545425948
694 47.2923468757
695 56.5552832527
696 51.7576999217
697 45.8096738804
698 59.5986608258
699 49.2348693593
700 53.7440823992
701 47.9397219114
702 51.9501767811
703 47.8208767456
704 47.6622976125
705 60.1631333617
706 47.1006177495
707 52.8866306398
708 53.4044298493
709 53.6080765303
710 49.5927046774
711 48.4035394058
712 47.6794143686
713 55.8013205689
714 64.2332740892
715 64.9704779661
716 51.837513879
717 60.3655334069
718 61.3412159053
719 74.082589017
720 60.1305049016
721 65.2894519254
722 58.0122792857
723 55.9343928876
724 61.5545408724
725 75.976516291
726 60.8257154735
727 57.2022803798
728 76.534097559
729 66.6515611787
730 63.3972397248
731 57.1188224957
732 54.1500143343
733 57.6122630539
734 56.8824867941
735 69.5640167819
736 67.5447351648
737 60.124011801
738 70.1615041194
739 70.5778273729
740 68.9536954376
741 60.9890488555
742 65.5196789502
743 55.2309939983
744 70.5866209396
745 61.5177382392
746 62.1601841197
747 57.0519221939
748 62.5439661913
749 64.2878737316
750 55.307167092
751 67.8282262352
752 66.3896119141
753 57.6442591271
754 55.7475489343
755 80.8061318985
756 63.2434777555
757 54.2304023589
758 70.3175262279
759 58.8430398829
760 58.4936045475
761 63.1498267854
762 69.7189950682
763 64.2539128578
764 59.990039974
765 61.1626415759
766 55.8821063592
767 60.6548815152
768 76.5521147523
769 68.9310921564
770 59.2837315964
771 67.2234603989
772 56.3771311752
773 68.4183465143
774 56.9967485752
775 70.3235600165
776 54.6199525325
777 57.0469551283
778 60.658365192
779 69.6772642676
780 52.3822029956
781 54.1368938209
782 43.4982987092
783 56.1228596451
784 52.7711916619
785 55.1355441112
786 59.939378479
787 52.2565462228
788 51.7764690598
789 59.6847431441
790 51.1653913013
791 52.0766672199
792 53.6658303398
793 49.655910085
794 46.2556208754
795 49.0970314735
796 48.8573974569
797 51.4321964957
798 57.8077916849
799 70.0544451694
800 58.7014690361
801 51.4340117869
802 51.9354905035
803 45.758982591
804 44.3001131508
805 51.3344196855
806 52.7398741676
807 51.7068658575
808 49.5754959418
809 50.5827844996
810 48.5028342973
811 49.7887822039
812 64.7567747176
813 54.758793538
814 66.0119807344
815 52.771143528
816 50.2405922095
817 53.3005157863
818 45.5774870082
819 50.5291402247
820 57.9035901017
821 51.4817950346
822 54.3340130322
823 51.5300070925
824 49.8787103424
825 57.0220443988
826 52.4650544627
827 49.6726465646
828 50.5752415142
829 51.9294209793
830 54.5435211647
831 52.6617143154
832 52.761646684
833 47.0983558495
834 51.8368377793
835 52.0006390548
836 50.8257761685
837 52.741596352
838 49.905040486
839 50.6252432153
840 58.7055501666
841 52.8102751932
842 51.9859531613
843 49.3884733292
844 44.1514889831
845 59.9339043836
846 65.8296088057
847 62.2442677719
848 63.1119252379
849 68.9356158248
850 60.3035667346
851 70.2275755645
852 76.8317842992
853 68.7556152126
854 61.0457372405
855 65.1246173054
856 57.8218712799
857 60.6095650894
858 70.9838198239
859 61.9286453394
860 61.3777269028
861 61.8350244205
862 60.353340875
863 56.409125545
864 55.3264489955
865 57.7670602459
866 73.4179262807
867 60.2576886869
868 63.4063379216
869 62.5948434414
870 66.8664071341
871 59.7214969852
872 63.3976313771
873 66.3634439964
874 56.2833342071
875 57.1855747527
876 61.558169308
877 60.9512214541
878 55.8417384415
879 68.244430229
880 57.5374643671
881 65.1681662232
882 67.948579935
883 59.6827602223
884 59.0986605673
885 56.0590004508
886 66.7152809082
887 55.974912227
888 61.6658390703
889 61.3018903718
890 58.4437909358
891 64.9567520302
892 54.2999399828
893 56.6367745608
894 68.0401706998
895 63.1756933664
896 76.2891590856
897 59.915981415
898 64.3980952999
899 59.9105345314
900 59.671946215
901 55.4836566829
902 65.4802555712
903 56.7560904517
904 70.8218727052
905 65.6421266245
906 67.2824141116
907 57.8724597218
908 59.4580018743
909 62.7876392386
910 42.8508386411
911 54.3759988368
912 50.0585710762
913 51.5256161562
914 52.4072669773
915 52.8244831324
916 57.4912909205
917 50.7130259205
918 49.6644339607
919 68.2927859126
920 48.3408380732
921 49.4961903442
922 53.4216166919
923 48.3760977809
924 59.5916273417
925 48.9809867043
926 48.8871346969
927 49.9454223476
928 49.6882353562
929 48.8624501471
930 52.8811440677
931 46.6392545775
932 55.049223583
933 49.5290998979
934 50.013917867
935 48.8526984148
936 58.5499003793
937 42.1694072988
938 52.3691859943
939 51.9118498551
940 50.592883759
941 65.4404819815
942 52.8708385961
943 49.3666777138
944 52.3131011406
945 52.425239286
946 53.6870094996
947 43.8569172441
948 51.2886267233
949 52.2669499233
950 50.4317394687
951 54.9681193654
952 51.0635169271
953 53.2321934609
954 50.3420169022
955 55.3247252458
956 50.7024268636
957 54.7227530865
958 44.7968698787
959 51.9989482675
960 42.678793822
961 60.2644254523
962 64.2737865377
963 49.9431642134
964 52.2431526597
965 45.2983027688
966 46.4505324862
967 53.5683961166
968 49.8818730939
969 51.3309761776
970 56.6867688586
971 51.7571559337
972 48.8309699272
973 50.5131912546
974 65.0600779447
975 51.1911423931
976 52.4286216348
977 52.4790784956
978 51.6684332938
979 53.7949018612
980 53.1270643597
981 49.4996506396
982 51.4459778214
983 44.8363082989
984 67.4466184025
985 49.6592261776
986 57.8216707551
987 48.4036553316
988 48.4077658944
989 67.7782585938
990 52.9434543991
991 60.9697918207
992 46.6820375094
993 52.8377053135
994 48.6760852161
995 59.1803283932
996 50.8120280879
997 50.3633279212
998 51.2017469458
999 47.875996609
1000 54.4638738133
1001 52.5408144195
1002 60.1545189528
1003 50.1144515052
1004 48.4024975943
1005 46.3824830965
1006 49.3506377131
1007 52.0265901809
1008 55.7392520005
1009 59.3309481695
1010 71.2707951094
1011 48.4536446337
1012 47.9551067471
1013 54.1071866979
1014 30.8382690904
1015 48.3388507647
1016 49.3964948201
1017 54.516666909
1018 50.1415247949
1019 56.6737838197
1020 57.3328967395
1021 49.0247615333
1022 58.4932382981
1023 45.8106250232
1024 55.835581629
1025 51.9866062627
1026 63.176424943
1027 57.2479480142
1028 53.7238263842
1029 48.7745505035
1030 48.1893942307
1031 54.0958394714
1032 61.7031134918
1033 54.8340945094
1034 49.810265443
1035 57.867517155
1036 54.3463783065
1037 50.8703672981
1038 46.2857353762
1039 59.4648638809
1040 50.8751817601
1041 52.5938007738
1042 47.211139325
1043 54.0465792745
1044 49.5767747015
1045 54.9465768958
1046 52.5954130163
1047 52.1183680457
1048 51.5689020889
1049 64.0387081831
1050 46.4183038169
1051 54.293484373
1052 60.2870348965
1053 58.9951952299
1054 68.0626618792
1055 51.6525657575
1056 72.228988138
1057 49.1357357537
1058 52.2768799566
1059 57.239604766
1060 56.1163424413
1061 56.2225716884
1062 51.4530192293
1063 54.5139202566
1064 59.8419698159
1065 44.3965421735
1066 61.6400517785
1067 50.7898855674
1068 49.6378651099
1069 48.1942071727
1070 47.7148066831
1071 47.1347061572
1072 60.6780070579
1073 59.7893558921
1074 50.0565711955
1075 51.8389662807
1076 52.1496904257
1077 52.3499336437
1078 57.9543026629
1079 63.7293329068
1080 50.0569784833
1081 47.1812905393
1082 51.8480654565
1083 57.5332133129
1084 61.0573576886
1085 52.8897445511
1086 50.0385249755
1087 49.9680305915
1088 54.7564026525
1089 51.3057460317
1090 59.2899492272
1091 49.5872828028
1092 46.1660358266
1093 52.2254469753
1094 50.0805030027
1095 53.4743823103
1096 55.1373106941
1097 59.2757311919
1098 44.3099451394
1099 52.131290598
1100 50.9111609327
1101 51.0645929094
1102 49.6999729891
1103 50.5495296734
1104 48.5880855134
1105 49.1396282224
1106 43.5966701843
1107 49.7686473067
1108 51.5546810625
1109 53.2328663715
1110 42.9112596134
1111 48.7160890399
1112 57.8809279612
1113 53.6310435032
1114 50.7065066932
1115 49.4395358224
1116 54.3674436506
1117 50.8908121504
1118 50.5535237888
1119 48.4282506865
1120 57.3074429072
1121 53.6626394733
1122 48.9125571047
1123 48.047193906
1124 41.2627697898
1125 48.2307479707
1126 52.0167952687
1127 49.2695232385
1128 50.7865340973
1129 49.6911715697
1130 57.9815985826
1131 57.3609342058
1132 51.5871673916
1133 50.9730331146
1134 52.9577196396
1135 40.7761232247
1136 56.2903364864
1137 47.8217033552
1138 52.8310540195
1139 52.2253454892
1140 42.9186441019
1141 55.5213564679
1142 53.9363854842
1143 51.6489880518
1144 46.5573613046
1145 49.7746733333
1146 76.9981373313
1147 45.7187521361
1148 56.5854579416
1149 46.2381432083
1150 50.5389388821
1151 54.8365964021
1152 49.4431414079
1153 50.533490152
1154 50.7310581809
1155 52.6404115799
1156 59.5776092168
1157 49.9403955077
1158 49.816841157
1159 64.9182538678
1160 49.7395221792
1161 52.8968300299
1162 46.6854852087
1163 48.6881300705
1164 47.258827942
1165 45.2793740257
1166 60.6125862338
1167 45.335599388
1168 49.4905537892
1169 47.384517725
1170 42.9042058931
1171 48.2380263236
1172 40.61976995
1173 53.7009423983
1174 57.3203683694
1175 48.0360727905
1176 58.2902304541
1177 42.6708477199
1178 50.3355422994
1179 49.3117233987
1180 39.3282204626
1181 48.8467685185
1182 45.1918158448
1183 47.0920250497
1184 65.8117951495
1185 46.4141723842
1186 46.3064784999
1187 46.1859640544
1188 45.9589977955
1189 41.6900495379
1190 48.9255500721
1191 45.6096143117
1192 44.4946184146
1193 46.2836957515
1194 45.8016573239
1195 46.3869453097
1196 45.3913339945
1197 46.9409661441
1198 41.3791388938
1199 52.0753307737
1200 48.3939301606
1201 43.273701243
1202 48.5872974962
1203 39.5164047655
1204 47.7973026089
1205 50.8286602301
1206 43.2452751391
1207 61.1839747053
1208 47.786925973
1209 45.5458629299
1210 45.0637324734
1211 42.5942230294
1212 38.1714077888
1213 45.2275173296
1214 50.4004158188
1215 48.9742962048
1216 52.8831348854
1217 48.2922819219
1218 50.4753481894
1219 51.2962309506
1220 46.6312675914
1221 79.2206699355
1222 45.7022912338
1223 78.7652087576
1224 45.8791609122
1225 42.7035383749
1226 45.3258168527
1227 45.2000877912
1228 40.8444686098
1229 43.7476362848
1230 39.7689043383
1231 47.5558210727
1232 55.7946601168
1233 46.3700943836
1234 47.8428383409
1235 57.8894288666
1236 62.0723015078
1237 61.0408855994
1238 56.4528872453
1239 58.0858763528
1240 53.6538551971
1241 54.1719359317
1242 56.3052427212
1243 55.7512422936
1244 63.4354714004
1245 56.2492186122
1246 52.6908318924
1247 52.7348410246
1248 53.3891162707
1249 62.0414174425
1250 53.5057954454
1251 66.0780025582
1252 53.2611854722
1253 58.9847639232
1254 51.6954516059
1255 53.8131864322
1256 54.3821240354
1257 52.5830128788
1258 50.8658217085
1259 58.6349293361
1260 63.5911654866
1261 50.3593236165
1262 54.528810116
1263 57.1492295616
1264 94.24443055
1265 54.3804268909
1266 58.3027339652
1267 50.914885259
1268 56.7407260297
1269 55.2053008727
1270 53.5342696816
1271 67.7604803491
1272 52.1323243809
1273 59.4339413537
1274 62.213473339
1275 63.2035390028
1276 61.3916790431
1277 51.6469324111
1278 57.0059263935
1279 51.8500796807
1280 63.1675256379
1281 57.0747466885
1282 58.6779147767
1283 56.012083372
1284 56.0178431916
1285 55.7453436933
1286 52.7802686862
1287 51.8060059422
1288 59.5072746296
1289 65.1060765799
1290 59.3293289838
1291 50.3166279424
1292 52.3357353104
1293 54.4587861509
1294 50.7152309817
1295 58.8968590364
1296 51.3052427688
1297 69.8365453327
1298 51.4806761065
1299 49.8607305698
1300 56.9980785359
1301 60.4484527536
1302 59.3903423221
1303 45.3440839668
1304 55.5583443221
1305 52.8652670719
1306 45.6530357736
1307 98.3883907615
1308 49.5607580042
1309 51.6983566497
1310 50.9707695332
1311 50.8097981251
1312 54.1516407024
1313 50.247815971
1314 53.4983169706
1315 56.2304689124
1316 58.1451183641
1317 57.8098519797
1318 57.2328911099
1319 55.6211636525
1320 61.729761602
1321 60.4550599903
1322 56.4103785966
1323 54.3723347617
1324 53.8236421554
1325 53.3622531648
1326 52.2562955898
1327 71.6980843715
1328 47.7524437863
1329 52.7327731719
1330 60.7830586107
1331 50.4359922676
1332 60.6060614332
1333 49.5344505852
1334 52.7031661126
1335 58.745085587
1336 58.9634753708
1337 77.1990876767
1338 58.7956604115
1339 56.197893033
1340 53.1977710508
1341 44.7138265896
1342 48.5676741998
1343 53.7387115185
1344 62.8513266071
1345 50.5877906581
1346 52.23329591
1347 50.7667990116
1348 50.9220113561
1349 58.7744722095
1350 62.6067737786
1351 59.8381985367
1352 59.5753626982
1353 59.292440449
1354 63.044590032
1355 55.3681435918
1356 51.2876658105
1357 58.3100400769
1358 50.3770221701
1359 56.615932826
1360 57.2848304634
1361 50.9414608964
1362 56.8364853533
1363 62.0128838845
1364 47.9024789056
1365 48.3110989112
1366 44.0554673317
1367 50.5307186603
1368 43.3997524743
1369 53.0239653627
1370 47.7675431064
1371 52.1116512332
1372 51.5514176984
1373 50.1406756585
1374 53.8004365632
1375 47.0124734129
1376 47.8188997169
1377 53.7598019568
1378 52.9267466589
1379 47.8812719502
1380 44.6915480798
1381 70.7207566236
1382 40.5289330138
1383 48.230837056
1384 48.376106351
1385 50.9081717411
1386 50.6086473908
1387 52.5254967066
1388 49.9446459284
1389 46.1817737973
1390 46.4017906223
1391 63.2858395748
1392 47.0703464195
1393 52.55044391
1394 49.0621195843
1395 46.246995028
1396 70.7819474873
1397 48.5759852512
1398 52.8433782853
1399 47.5139480421
1400 49.3330860057
1401 48.2023408331
1402 50.6973072593
1403 66.4529970481
1404 58.7751715072
1405 47.8907958085
1406 48.0885079834
1407 49.0683287224
1408 45.756449505
1409 56.1287210004
1410 46.4666693853
1411 61.0433804179
1412 48.7905646799
1413 54.0714525199
1414 56.392532396
1415 54.1013251058
1416 51.92280655
1417 47.1726964658
1418 49.807720748
1419 48.0968691776
1420 55.7670084695
1421 39.8012133745
1422 59.4413510292
1423 45.5374715263
1424 50.8815519222
1425 57.4337799575
1426 49.5502706789
1427 51.1638781011
1428 47.3940039632
1429 48.7022710478
1430 47.0128996895
1431 53.6126957696
1432 56.7944128317
1433 51.6295667277
1434 46.0880006307
1435 50.7457054843
1436 48.6200162829
1437 51.3351489239
1438 46.484782786
1439 48.1388505713
1440 48.1578541971
1441 46.488489066
1442 48.4868063008
1443 51.3383274328
1444 61.2212643398
1445 57.6967627241
1446 45.6250488829
1447 47.7947674693
1448 43.9895544041
1449 55.6722317798
1450 49.296893568
1451 50.6182274641
1452 50.3443632284
1453 55.0700720309
1454 55.8174148199
1455 51.0004085731
1456 94.7709669959
1457 66.3106944269
1458 55.7502792824
1459 47.5446033824
1460 52.3710058645
1461 50.2928942837
1462 58.1233937788
1463 50.9249271385
1464 48.6225527574
1465 50.0000806407
1466 82.4105509574
1467 47.0571516838
1468 57.5609440106
1469 63.6769635757
1470 46.6915216469
1471 67.5850379635
1472 42.5385701124
1473 48.255700406
1474 61.2515190574
1475 53.0068044148
1476 54.2029747195
1477 50.9390802005
1478 83.2017073799
1479 46.9496621129
1480 48.8880815643
1481 41.6847754807
1482 46.5491526749
1483 50.0199015019
1484 50.4095879105
1485 50.8068682836
1486 52.5580893784
1487 48.382376217
1488 64.4661703625
1489 50.1661739778
1490 48.8107631011
1491 50.4065413599
1492 60.8320477592
1493 48.6753962058
1494 54.0894801818
1495 50.6801985449
1496 51.8880572454
1497 55.7441934883
1498 47.5310887145
1499 61.1230242133
1500 41.8568099441
1501 57.1405948275
1502 50.2739150897
1503 48.7783417884
1504 54.2711134536
1505 48.093667721
1506 57.0776382142
1507 44.7995595893
1508 52.9032643434
1509 48.3656413353
1510 50.7237866032
1511 48.4633411369
1512 64.5040802858
1513 54.069809606
1514 52.6720596595
1515 44.2783136195
1516 54.1397254836
1517 48.3633670143
1518 55.6144737675
1519 55.0318194288
1520 52.1997339981
1521 51.3898171371
1522 52.9744465392
1523 55.9198441716
1524 57.2306638616
1525 56.7869904711
1526 49.4421765817
1527 55.4035332809
1528 53.891702603
1529 57.147300631
1530 56.9788333912
1531 52.1908521696
1532 67.4102706572
1533 63.1119370483
1534 53.1850977887
1535 63.1768080891
1536 52.2713795989
1537 55.986793479
1538 60.2834820212
1539 52.8976899973
1540 71.8420621816
1541 56.0330887718
1542 53.6750145699
1543 67.9140418535
1544 55.915987338
1545 46.4150114459
1546 45.3968725194
1547 53.024669245
1548 57.5305186692
1549 48.2373735826
1550 56.1809044647
1551 58.8020121078
1552 56.6922828044
1553 60.2417871348
1554 53.8171010931
1555 54.3273378028
1556 52.482535826
1557 65.0324086901
1558 58.4624577279
1559 60.6537930788
1560 67.4596414295
1561 63.153014412
1562 54.1195726161
1563 55.4584340726
1564 64.0691835807
1565 57.2469356339
1566 62.4558339544
1567 57.551522113
1568 63.7434491472
1569 53.4910704652
1570 63.0737390831
1571 65.6637338386
1572 53.1950052387
1573 55.9550076015
1574 54.1014395939
1575 60.5345634335
1576 59.469355144
1577 52.5523565664
1578 54.8929624167
1579 65.5336518944
1580 58.2692793846
1581 56.6798344479
1582 57.4189364721
1583 56.9560261264
1584 55.8695863314
1585 66.3855495752
1586 60.4509485458
1587 62.2937706874
1588 58.5363691654
1589 52.5549266485
1590 52.9941253136
1591 53.9404560065
1592 51.5702949446
1593 69.0000511848
1594 54.1581669787
1595 55.982139642
1596 64.3667916967
1597 64.195195657
1598 54.2178707684
1599 55.9071211083
1600 58.1041277358
1601 60.935970008
1602 64.1163127254
1603 56.8302735622
1604 52.19437646
1605 63.583930447
1606 56.8928501821
1607 67.8786516422
1608 51.2512342891
1609 71.8333161975
1610 60.4683623683
1611 56.5666862202
1612 53.5186198804
1613 101.425792491
1614 58.3697806119
1615 57.7207275746
1616 58.1016353598
1617 56.3446294215
1618 49.5083822463
1619 54.1430964052
1620 54.615941552
1621 77.3266996682
1622 69.7733697073
1623 68.1031075031
1624 65.376863591
1625 26.890831914
1626 59.014801145
1627 60.4950103815
1628 63.5918096006
1629 78.204594878
1630 64.2120287595
1631 66.1791507319
1632 63.6666951899
1633 60.2246003001
1634 81.062243581
1635 60.6403768366
1636 57.6108311854
1637 58.0634765566
1638 69.4593171137
1639 60.8593908154
1640 75.5879533905
1641 65.6537396631
1642 75.0335122312
1643 75.0442139136
1644 67.4395256527
1645 77.1552135968
1646 60.075038155
1647 63.2882252773
1648 66.4909026762
1649 63.9824797546
1650 69.6008159622
1651 74.1015516372
1652 65.6983990275
1653 66.4673469418
1654 66.4545521575
1655 67.7918260024
1656 63.8579003852
1657 83.3431203674
1658 62.1986017439
1659 65.5988582424
1660 78.6350481351
1661 70.9078946389
1662 63.4750902842
1663 60.8953350547
1664 60.4038511197
1665 66.4215645572
1666 65.3985027516
1667 67.4315610757
1668 75.9465297929
1669 60.538732822
1670 61.4367670356
1671 65.5289433794
1672 70.3590816806
1673 69.8889351986
1674 63.5470690326
1675 80.5221700075
1676 87.2907448231
1677 62.2506488084
1678 79.0872494717
1679 62.9330744846
1680 76.9234742067
1681 78.9671902115
1682 63.8815714712
1683 57.1228771255
1684 59.7375251511
1685 67.4127987322
1686 70.4237744124
1687 55.3469383624
1688 70.8272592806
1689 64.4729687592
1690 64.0472047358
1691 65.9539997792
1692 56.7950632765
1693 62.2996620719
1694 62.6658629157
1695 54.587741326
1696 64.7659791814
1697 62.6279087302
1698 67.96550407
1699 64.4971179343
1700 63.351917026
1701 65.041542039
1702 62.1882790514
1703 63.2976038401
1704 66.9411741302
1705 51.7803990611
1706 66.7359838624
1707 63.7553284271
1708 63.7110150246
1709 62.6517188361
1710 71.4467837431
1711 55.3916765477
1712 64.7363697853
1713 69.4935974867
1714 65.0000063954
1715 63.9713319702
1716 63.5971678709
1717 63.7835123836
1718 53.282307005
1719 63.7631488178
1720 61.9003525027
1721 62.0413985198
1722 61.8398564298
1723 63.7292140843
1724 38.1377069399
1725 63.2892388774
1726 61.5058966987
1727 64.7803799899
1728 65.7345779013
1729 68.969960389
1730 66.4953106517
1731 62.378521475
1732 65.5697534994
1733 65.9499135484
1734 54.5645487957
1735 50.5511189689
1736 71.3823500109
1737 56.1906771637
1738 53.0976516365
1739 52.5385749634
1740 76.691131289
1741 65.048137014
1742 59.1364537741
1743 64.1555083965
1744 60.5889507844
1745 62.6113213631
1746 67.1017701527
1747 52.1261104482
1748 62.1870186274
1749 52.5011063169
1750 46.9912215423
1751 47.3989159042
1752 58.3508964261
1753 51.5454359931
1754 55.6564679171
1755 48.1866343878
1756 49.2193236442
1757 49.7111937082
1758 49.4640068405
1759 47.3755229406
1760 52.1331463135
1761 55.1467575654
1762 52.1532097
1763 49.7790628802
1764 55.8807077884
1765 44.9702530754
1766 49.7355260635
1767 50.7785757022
1768 75.9545901179
1769 60.182706425
1770 52.5476711458
1771 57.0218524174
1772 54.0766491667
1773 47.469078032
1774 55.0796861056
1775 46.7851988683
1776 49.2970224968
1777 53.015853352
1778 53.0719106835
1779 52.5452574746
1780 47.81667995
1781 51.0105405134
1782 50.8909504936
1783 54.6212036069
1784 49.9410049656
1785 61.9752185393
1786 49.285690669
1787 46.8233371519
1788 67.8413762301
1789 56.0561954334
1790 55.2574883452
1791 51.4902325632
1792 51.861462326
1793 48.5500805458
1794 68.0732517
1795 50.9082462245
1796 47.7388922237
1797 55.5730951807
1798 55.3472867892
1799 50.3741788549
1800 49.5290932374
1801 52.8648572121
1802 52.4579117582
1803 51.3503339859
1804 50.7288075572
1805 48.172197773
1806 65.8854250959
1807 47.2095282196
1808 50.5318570449
1809 54.6182363761
1810 44.902833
1811 69.1316076118
1812 60.99043014
1813 66.6686468319
1814 63.4763425436
1815 72.3588526367
1816 79.7208123561
1817 60.2620974289
1818 61.300004459
1819 69.0511142231
1820 65.7833916679
1821 72.322733277
1822 66.3995204348
1823 78.3702525954
1824 62.1313577473
1825 65.2037247351
1826 61.1915313719
1827 60.4517713994
1828 71.4056788914
1829 61.2542094242
1830 64.4421297583
1831 65.6625575186
1832 70.0577921271
1833 61.4455756514
1834 66.9652456268
1835 66.6502931208
1836 57.746686718
1837 70.9924111615
1838 71.7637828432
1839 65.3071762264
1840 69.3079922452
1841 61.8965979793
1842 74.382644828
1843 58.6451530512
1844 60.4445053921
1845 68.9202478116
1846 68.7301213735
1847 66.1914763745
1848 59.4859312944
1849 67.1212563502
1850 61.8883768686
1851 64.4380750046
1852 65.5350055059
1853 89.3137018388
1854 59.2654656471
1855 68.1414026394
1856 59.6074526205
1857 63.4612536506
1858 64.2902246511
1859 58.3390484242
1860 61.0760599899
1861 54.2655482787
1862 76.1334189358
1863 74.1425456174
1864 63.0641056817
1865 73.6009572069
1866 62.874014014
1867 62.5569581874
1868 66.203273455
1869 51.0494761432
1870 64.7474777114
1871 59.8582549895
1872 84.5373682915
1873 70.8885846587
1874 64.5476033588
1875 63.5388858322
1876 66.1337608214
1877 68.587047643
1878 69.4286360179
1879 64.9268982794
1880 59.7762334355
1881 63.4416927019
1882 73.1459943326
1883 67.6245250844
1884 78.1248476787
1885 64.2805976387
1886 59.3071969646
1887 80.6056023105
1888 75.5459951941
1889 58.2699755248
1890 60.803806247
1891 64.6701932782
1892 67.3045797221
1893 75.815167088
1894 62.1990281372
1895 75.5424325025
1896 68.9228498607
1897 59.8072491265
1898 63.2781851956
1899 60.475239692
1900 60.9438941034
1901 74.9080854179
1902 67.1928730015
1903 49.4466365499
1904 57.460134174
1905 51.5286305677
1906 55.979557104
1907 70.3656944615
1908 57.1186945719
1909 54.2375429464
1910 53.6745998711
1911 53.8757214968
1912 49.8819781805
1913 69.7472636954
1914 74.3058670342
1915 47.6196026879
1916 66.2868481563
1917 50.9100250319
1918 59.8400898401
1919 50.1688039785
1920 49.2761246745
1921 53.4847543896
1922 50.2199676186
1923 48.9674851467
1924 68.3442609084
1925 50.9350935245
1926 67.4631840894
1927 51.1433744927
1928 49.9921587432
1929 51.0697084802
1930 50.036324633
1931 69.001866796
1932 53.9693228652
1933 48.155206289
1934 64.5959560769
1935 111.00617431
1936 55.965004799
1937 50.8870745841
1938 47.3168285459
1939 51.4963674487
1940 51.8392552304
1941 55.6348119353
1942 65.1621225719
1943 50.5415708626
1944 51.1984627699
1945 51.0501672572
1946 59.5875620055
1947 49.8826262702
1948 66.5090824964
1949 51.1706656649
1950 49.8727361963
1951 65.9673969258
1952 53.4995793267
1953 54.9317171824
1954 47.3043873622
1955 62.040752432
1956 49.9113194285
1957 51.7133857645
1958 51.7517499851
1959 55.7055543713
1960 56.7854403369
1961 54.3030374998
1962 52.8976786743
1963 51.0137232586
1964 55.6806897559
1965 54.4409524168
1966 62.1875455852
1967 64.1280413065
1968 53.5050345503
1969 52.935227339
1970 51.2027432569
1971 52.4168785627
1972 64.942383108
1973 52.062557877
1974 51.3873804595
1975 54.9427090548
1976 52.505696097
1977 54.6999740782
1978 54.8483527098
1979 50.0863045135
1980 61.3849762099
1981 56.856449021
1982 55.4197526118
1983 54.5758744961
1984 56.5196867513
1985 53.4538861333
1986 50.9428499998
1987 63.1945294316
1988 52.4453639994
1989 69.1643886951
1990 56.0126329757
1991 58.8014349074
1992 51.9266775584
1993 58.3044772736
1994 52.5898378463
1995 55.55032772
1996 64.5908295979
1997 57.318077337
1998 47.9948672712
1999 56.7926940823
2000 56.2011872368
2001 55.9101546989
2002 57.8741236042
2003 53.4067075261
2004 63.7230483113
2005 63.4716547555
2006 57.8701576286
2007 52.1591319498
2008 61.140594219
2009 90.5790948577
2010 64.5586588091
2011 52.9076087944
2012 61.6793241216
2013 66.0897367385
2014 52.3282840906
2015 50.4606401454
2016 60.191026741
2017 51.77450075
2018 51.5436774108
2019 55.6682129882
2020 63.3192832457
2021 53.72184072
2022 68.4036591697
2023 57.3686953658
2024 53.450570347
2025 54.1082144898
2026 53.2086477953
2027 60.8518560929
2028 57.4765138931
2029 53.5323068079
2030 50.8638716284
2031 61.6233126643
2032 47.2434345528
2033 52.5910304788
2034 47.4162930134
2035 52.2792096248
2036 46.6347126216
2037 33.6328848862
2038 47.1123964807
2039 49.5383078411
2040 50.7273925112
2041 43.7345275094
2042 47.8303979657
2043 46.1717579347
2044 46.1681854939
2045 46.1081219141
2046 49.357775407
2047 45.3305438423
2048 49.0988128522
2049 49.8719778979
2050 37.3044511424
2051 48.694353026
2052 46.8475054465
2053 47.2485042547
2054 51.2681003107
2055 47.5937012558
2056 55.0064073942
2057 42.1704600129
2058 47.9083659066
2059 47.8159904892
2060 45.648503532
2061 48.3140847822
2062 44.985976707
2063 45.6148952171
2064 59.3874294693
2065 50.2607937411
2066 46.446561563
2067 49.3825405162
2068 44.4534202026
2069 46.0064160329
2070 46.9728627013
2071 47.9204012044
2072 41.534710709
2073 44.425271867
2074 51.8024427954
2075 55.0889384635
2076 44.5942370193
2077 48.77010868
2078 55.5532058056
2079 55.3203167769
2080 42.20634944
2081 56.4655630601
2082 62.3430806514
2083 44.2730945431
2084 46.1283032012
2085 49.2037904102
2086 44.4443014176
2087 50.1456916952
2088 59.0480713163
2089 46.4542513552
2090 45.5619867717
2091 56.9748075311
2092 45.9862917039
2093 44.8697735715
2094 52.1249609391
2095 44.2443318865
2096 45.4088265065
2097 69.7347862583
2098 56.6513529397
2099 52.3645119272
2100 57.4761447112
2101 60.4195887228
2102 57.8554018556
2103 63.6839706669
2104 66.1331956079
2105 54.797239174
2106 53.0514820321
2107 57.5156238579
2108 55.0492092695
2109 70.0315076902
2110 60.3071877615
2111 60.7567983813
2112 73.6968313173
2113 53.7585068666
2114 51.8368235652
2115 56.4781862525
2116 49.7378990747
2117 72.267807385
2118 54.7168597027
2119 56.7160060682
2120 67.7549719871
2121 58.6775673219
2122 52.602496261
2123 66.8814233594
2124 48.9221092455
2125 65.4093390011
2126 45.9178584603
2127 62.4167378366
2128 64.431266813
2129 45.4748071238
2130 57.234167591
2131 54.4178391322
2132 55.9380927618
2133 59.1963227225
2134 57.8805782286
2135 67.046537322
2136 55.3296765497
2137 59.9708593005
2138 61.4537084388
2139 58.0556290805
2140 53.4065065323
2141 61.4090872133
2142 59.8441672028
2143 45.8219490657
2144 56.33768341
2145 51.9842507375
2146 55.1676405252
2147 45.8897258613
2148 64.6550337423
2149 59.5374406011
2150 51.6665654157
2151 50.5628199988
2152 58.9896047216
2153 56.2602004814
2154 59.8700320901
2155 55.0083481061
2156 54.680137905
2157 66.2948496867
2158 47.7823685492
2159 68.4490839791
2160 48.6815416674
2161 52.4718663965
2162 54.9056193629
2163 56.3130414731
2164 53.7031604929
2165 50.4936837195
2166 67.653541317
2167 67.4356798615
2168 61.3286318424
2169 60.2662730787
2170 59.4748220534
2171 55.8102996687
2172 53.840843008
2173 58.5805024719
2174 58.4315677787
2175 65.7740109488
2176 59.0177912275
2177 53.5675505835
2178 54.8147519559
2179 55.9030164353
2180 58.245354533
2181 48.9142918039
2182 57.846464336
2183 57.7539743357
2184 57.2011602563
2185 60.9870691885
2186 54.4514012259
2187 51.6771198482
2188 63.8908803281
2189 61.1340612531
2190 62.6909060376
2191 54.1581609837
2192 57.0469772357
2193 58.7824513566
2194 62.1171752884
2195 65.4632598011
2196 60.5675996982
2197 63.3920445666
2198 55.4121711638
2199 55.1744677983
2200 67.7920441834
2201 54.7486974425
2202 61.1092718147
2203 52.0515077091
2204 49.7332838438
2205 57.5763347565
2206 63.1256618231
2207 68.3902132131
2208 54.7253669883
2209 62.3282977573
2210 56.8161223294
2211 63.7251704338
2212 54.5781664282
2213 63.5548185521
2214 57.0315100183
2215 67.1097028652
2216 53.9698009438
2217 48.4645262776
2218 49.0194761101
2219 57.580885967
2220 51.397370729
2221 41.0736743616
2222 57.5388170194
2223 63.5465157725
2224 58.3612559554
2225 52.8535210701
2226 64.2349255645
2227 59.7819948799
2228 44.5885714695
2229 46.7299160969
2230 50.7567813394
2231 53.3258013693
2232 58.5705500364
2233 44.3027168361
2234 52.7420124242
2235 52.4905974363
2236 49.6750647768
2237 48.3472778351
2238 51.996417207
2239 50.0425472177
2240 51.4096902985
2241 52.1293673196
2242 65.7004506227
2243 53.2283745722
2244 51.6972571849
2245 59.0809849724
2246 47.5006548294
2247 53.4949259576
2248 44.1754541393
2249 63.1257639719
2250 57.1321190824
2251 52.0527104607
2252 51.6088173888
2253 47.3945814256
2254 52.9389246189
2255 47.8100235794
2256 50.3388656314
2257 48.9064486973
2258 56.5979797255
2259 58.0955954975
2260 59.0334346295
2261 51.7666929979
2262 53.8040136005
2263 44.8535983582
2264 50.575878528
2265 57.9025873744
2266 54.7936768643
2267 49.8763690547
2268 50.4133216235
2269 51.2109759937
2270 61.3701987693
2271 56.0982122577
2272 52.7429328234
2273 45.1554332275
2274 50.1189128727
2275 44.2894103099
2276 57.0881699994
2277 53.2851569241
2278 54.0381756279
2279 63.9460040272
2280 50.0445414837
2281 49.4779975816
2282 41.7183908013
2283 52.9772740156
2284 56.9698158687
2285 60.5756566307
2286 46.6594428624
2287 50.4247517694
2288 51.687176006
2289 45.5794127612
2290 53.2915118078
2291 48.2482780251
2292 59.6986261452
2293 51.2090324847
2294 57.7265553907
2295 63.5464513559
2296 72.2053261454
2297 55.3525344629
2298 56.3653722389
2299 57.2361386017
2300 57.2448974602
2301 56.204264693
2302 55.8419949074
2303 69.8275632591
2304 59.4176749153
2305 69.853512898
2306 67.0428018151
2307 56.2650716194
2308 59.376490836
2309 55.4786460479
2310 54.6214739524
2311 59.9293645488
2312 57.0742246498
2313 58.451819219
2314 62.3374667632
2315 58.9901457325
2316 57.9243313104
2317 66.1612634797
2318 64.3034260245
2319 57.8117396756
2320 64.6583670348
2321 59.6266603971
2322 58.0039794525
2323 65.906233602
2324 69.6820864194
2325 61.0371810254
2326 71.3949291676
2327 71.5803855394
2328 59.7746136044
2329 55.4145184412
2330 65.1475915475
2331 54.6641689377
2332 53.3456859101
2333 57.8904893031
2334 54.4688901565
2335 60.037502454
2336 54.4231557064
2337 76.7745199047
2338 58.7991112863
2339 59.4195197495
2340 54.0480759098
2341 58.3473703891
2342 53.8318674579
2343 53.2749907748
2344 51.4458678566
2345 65.3742086109
2346 56.2054721762
2347 57.4918801506
2348 57.472176601
2349 63.2194637816
2350 49.8055381667
2351 62.134685731
2352 58.5299497199
2353 66.5618054902
2354 56.3699336385
2355 55.4447455406
2356 59.3387606371
2357 58.5321737815
2358 52.9526197063
2359 58.0129442384
2360 53.1074421641
2361 52.2364878222
2362 51.950590601
2363 52.7773772921
2364 51.5744046811
2365 52.9480080411
2366 64.7591249952
2367 53.1154671339
2368 54.9320795172
2369 52.9520542279
2370 48.5848666091
2371 48.5137280445
2372 60.3946825634
2373 51.5204126538
2374 27.0954262876
2375 56.6573721134
2376 57.9588050296
2377 59.8396969038
2378 53.2181628221
2379 61.3638313466
2380 52.1122718414
2381 53.0572073251
2382 55.0341299117
2383 62.5138927531
2384 60.630115091
2385 51.2287237265
2386 53.8344578874
2387 42.9486353083
2388 51.6971321242
2389 52.8271901107
2390 52.7710745801
2391 65.9989046258
2392 45.858198269
2393 50.709298458
2394 60.7952032356
2395 53.2518656541
2396 57.9274695482
2397 61.5344539711
2398 57.2336980257
2399 54.2088347057
2400 53.7686971251
2401 53.6990424675
2402 53.4389626771
2403 57.0051698701
2404 60.0423013901
2405 50.4185538025
2406 45.6148746412
2407 53.4889822283
2408 56.5074520727
2409 54.3532433108
2410 58.0425467705
2411 58.6411939851
2412 56.2532471248
2413 54.6938098954
2414 53.9735865987
2415 63.3643886564
2416 63.920892456
2417 52.264247544
2418 49.9996933768
2419 68.4496379698
2420 53.3135767685
2421 54.2807150324
2422 54.595613955
2423 48.5069676066
2424 60.2319774843
2425 51.6700611104
2426 51.588501792
2427 53.1434594682
2428 47.9837524392
2429 56.4378666764
2430 47.9541588461
2431 60.8119171821
2432 56.4461178615
2433 49.083679382
2434 48.5215597711
2435 52.2883302324
2436 44.0141013777
2437 47.4910499909
2438 50.8852780072
2439 59.3195960543
2440 49.1747695261
2441 48.0181871396
2442 52.9778381233
2443 48.9550823874
2444 50.4221756821
2445 58.3155384097
2446 49.4170605335
2447 56.9324187308
2448 47.5903889233
2449 53.0744511128
2450 46.3309455383
2451 55.7732683978
2452 60.2003896414
2453 61.7912373248
2454 52.9642928353
2455 49.4077312614
2456 57.582279568
2457 49.2868155596
2458 58.2576429744
2459 50.687965594
2460 47.899471234
2461 50.0939737799
2462 53.2709639326
2463 46.9408338302
2464 46.3532926913
2465 49.668516342
2466 48.7312708271
2467 52.6296276647
2468 48.4800692562
2469 54.3648714022
2470 69.5265755666
2471 50.1345274733
2472 48.751931115
2473 48.6063529346
2474 48.6916309112
2475 52.7311537633
2476 50.4619968261
2477 59.3389698003
2478 74.424673077
2479 51.6085432194
2480 53.5872947375
2481 56.8103538657
2482 47.5687616913
