u s
60 36.8547096274
120 38.8219073436
180 38.5248697441
240 35.4691052863
300 37.1043899043
360 27.0962709348
420 51.4968031041
480 28.9694754146
540 54.3024478847
600 25.5588078411
660 38.2857640327
720 38.9253384644
780 26.5652006025
840 42.3277338492
900 39.9872575459
960 26.6393361774
1020 48.7427776413
1080 27.2365043849
1140 32.685920909
1200 53.7816813652
1260 25.5147100401
1320 34.785601771
1380 44.2941478557
1440 36.9542353671
1500 43.6730584109
1560 51.5056346035
1620 25.7948339684
1680 39.6304093505
1740 34.7564284345
1800 37.8247559511
1860 40.9915953041
1920 39.5759768209
