u s
1 63.6512097695
2 64.2604062402
3 57.6181488177
4 58.4854463944
5 63.0705280009
6 56.9431958354
7 57.713597149
8 56.2594997014
9 69.0870236593
10 60.1279330873
11 55.440282691
12 63.3073291969
13 67.3323207468
14 58.9753943814
15 72.148386956
16 58.9664430867
17 56.1879105764
18 58.7144503815
19 168.319049706
20 66.1395998175
21 59.5124966462
22 58.886741539
23 70.7150187152
24 61.156061467
25 66.8110547349
26 49.3110009274
27 64.0333130831
28 52.5956878396
29 61.5759624194
30 66.3943233133
31 66.7305465831
32 74.667651875
33 58.0741173826
34 68.3319799732
35 52.6978624764
36 68.1358216229
37 78.8539942231
38 59.262674766
39 51.7739685126
40 55.31364398
41 64.9016901701
42 58.2647829205
43 58.0534575207
44 63.3535509453
45 67.4942260531
46 65.9269020886
47 61.3767792185
48 52.5400440584
49 61.0411573993
50 61.8113900576
51 54.521137416
52 60.7673599745
53 70.5024489136
54 60.9043381129
55 155.84064192
56 67.825073509
57 74.0928087736
58 62.9531433353
59 60.6847906821
60 61.5119206783
61 57.6269689288
62 74.5122681827
63 60.6199903461
64 67.2590947455
65 79.842334038
66 46.9542837103
67 51.7408772079
68 54.7560330663
69 99.1149780012
70 54.3554406439
71 49.6951156008
72 51.066242527
73 57.0941829219
74 57.2225880983
75 59.6767393338
76 62.2509135866
77 52.4612789317
78 57.0303326053
79 54.1170995817
80 61.7674656703
81 46.1062159582
82 54.7585050662
83 42.2601753313
84 52.8427740853
85 50.5199846095
86 51.371279586
87 54.3720924513
88 53.5487801496
89 61.014977966
90 49.8227809046
91 53.9174526805
92 54.7638398558
93 64.1263369282
94 61.6907738059
95 43.7542731648
96 55.2189456628
97 49.9455055834
98 104.625674791
99 59.611539956
100 54.8259119
101 54.4637470878
102 55.0304969234
103 54.3704194364
104 57.2520319203
105 51.9734824614
106 56.4559607192
107 52.852869798
108 60.7203320388
109 60.5823929765
110 49.0390732898
111 56.9564054204
112 60.1093085767
113 62.2234390092
114 61.1047047714
115 53.2661995683
116 62.4061268591
117 54.8028243938
118 58.4500858949
119 52.9457343924
120 60.4973030054
121 57.3192118961
122 51.1088740555
123 58.9056171716
124 54.5674176947
125 48.135026024
126 54.4327347714
127 51.2788600206
128 51.4575179091
129 55.3232706778
130 51.9567293374
131 61.1306026763
132 56.6628841699
133 58.1002294126
134 70.787653343
135 57.6395078872
136 55.3156627157
137 57.7478150689
138 66.9161033179
139 59.9411283761
140 65.3838994048
141 57.0599016256
142 56.2784906634
143 59.9707081733
144 65.1266520571
145 64.025580071
146 51.8228970408
147 50.8481933559
148 45.1726298885
149 48.279428974
150 52.4357233018
151 45.2140726447
152 62.5111310676
153 65.3257765397
154 58.9934164123
155 50.9922660861
156 57.3948905872
157 57.7244299593
158 62.3027277931
159 56.1876806791
160 66.1708004208
161 59.3730487744
162 55.1244878337
163 48.657046023
164 54.3216637455
165 63.3168166406
166 68.433802279
167 59.3782668138
168 177.993096975
169 56.2744401766
170 57.468016625
171 195.253196766
172 61.8923881185
173 55.7896227585
174 66.2116362918
175 48.857017109
176 52.7275412158
177 63.6985121074
178 53.3826426551
179 54.9627345673
180 56.0327433324
181 56.8683340203
182 65.7508771608
183 54.5581306572
184 62.1879260624
185 50.8243187578
186 59.5714801029
187 57.5282335612
188 48.9474308579
189 52.4197354183
190 69.1245370634
191 62.8334539971
192 60.2849525285
193 62.6314602779
194 49.5560288058
195 65.9107027333
196 51.2101693856
197 57.500109568
198 88.9660605344
199 59.3874072653
200 55.8167120496
201 50.8766226964
202 56.7411728533
203 54.0770609654
204 51.6864780973
205 59.1885030974
206 61.3092554799
207 62.2539249817
208 52.6000943763
209 55.8483446131
210 53.7678453317
211 59.0461127966
212 56.8858296163
213 58.1490832682
214 57.801702833
215 53.6601836634
216 61.0249648507
217 60.8565216082
218 55.3491594225
219 65.5574964887
220 52.6971182989
221 55.7275031658
222 70.453570366
223 57.328372467
224 56.4477566962
225 60.4460450552
226 55.6489031642
227 55.9270982069
228 58.0836897208
229 55.9279853892
230 51.8483427627
231 62.1627309971
232 59.7047302455
233 60.1625736184
234 57.3940695911
235 57.737117348
236 52.120199491
237 54.8850997352
238 54.1896725075
239 56.8016274659
240 62.0069181671
241 53.3091430029
242 61.3123317677
243 50.5332438638
244 55.0608737686
245 48.9641771074
246 59.1291935509
247 53.2629491463
248 56.7820784615
249 49.8592313456
250 55.0243498482
251 58.28369427
252 52.399685398
253 45.9071443587
254 59.2635296223
255 50.9626223128
256 51.5219389385
257 58.612336805
258 59.5861621449
259 62.6290014097
260 53.6639479255
261 48.7771685083
262 46.5034287108
263 46.7883250695
264 57.4731365274
265 49.9405693348
266 49.1313740863
267 49.999608912
268 57.4205986226
269 44.0260494586
270 51.8542061575
271 49.4797435213
272 47.0788383904
273 47.3352927114
274 44.6518033083
275 51.9980957808
276 46.0561936725
277 54.0246556001
278 44.9512643051
279 44.6103776026
280 48.2158168724
281 51.1496554524
282 53.5875147935
283 61.236522492
284 47.1355126057
285 55.7018189464
286 45.1699068362
287 48.9061516988
288 45.5523437686
289 44.388865524
290 57.1497575638
291 43.7734120119
292 50.8316350514
293 46.7312890548
294 45.0589476674
295 49.6595808198
296 38.6258103752
297 45.7713645816
298 51.1187664566
299 52.9283195141
300 43.2689002508
301 50.4012158663
302 52.7622090664
303 52.0650769279
304 53.6332539429
305 80.8756230563
306 51.0589924101
307 48.9935567862
308 59.2129026306
309 48.104542022
310 43.991661234
311 46.0077436522
312 55.9517719375
313 48.6809057978
314 55.2282802725
315 44.0572087327
316 51.5632128928
317 48.1996417932
318 52.8844254547
319 44.9289884331
320 42.2841609311
321 51.0281706597
322 50.7256341061
323 54.6347558788
324 45.5486927601
325 53.3399843699
326 50.9275547327
327 52.9327835695
328 52.3973194314
329 54.8682341087
330 52.3359163871
331 53.6973513321
332 61.53264209
333 62.0612581179
334 54.3356585631
335 54.3230697037
336 49.855360122
337 48.9801720063
338 58.4503311749
339 57.942755294
340 60.9337934146
341 53.6089258424
342 53.4601771464
343 47.0003850132
344 55.0101048073
345 61.8631695756
346 50.6514314156
347 56.7228784565
348 64.4030342546
349 52.5382145383
350 53.9224972723
351 52.4457797272
352 49.3169910594
353 53.7572347162
354 52.3133837693
355 53.074500912
356 59.392425656
357 48.3727849705
358 65.9477421494
359 62.9017262969
360 62.5834285263
361 56.3399510506
362 60.3499849936
363 51.6551852114
364 55.007694639
365 55.9485783713
366 56.151882028
367 49.6865510132
368 67.8490490586
369 55.6546258693
370 66.433911176
371 57.5280616978
372 56.7310028132
373 55.2672021922
374 49.4242126349
375 58.3321752203
376 58.3447151909
377 53.865456815
378 59.6995699515
379 51.4349714772
380 57.1696389002
381 53.1859935432
382 59.6576795439
383 59.7529613179
384 48.9279837977
385 55.7005364852
386 54.4311223891
387 53.1490168719
388 60.6415550249
389 71.5779159146
390 46.8567393317
391 52.5787087818
392 56.2471004253
393 44.8674715639
394 46.1269906773
395 49.3604627866
396 46.9848778572
397 49.9778264525
398 47.5418782947
399 48.2583466864
400 54.3361345683
401 58.4974003374
402 47.5501286803
403 48.9434375069
404 51.8696038236
405 55.2087341675
406 55.9889695916
407 50.6876143321
408 45.2074389505
409 46.0783750043
410 54.1750647512
411 50.2406113965
412 59.183782579
413 46.1929231697
414 57.9292901103
415 51.6943950525
416 47.758183197
417 46.6263754888
418 51.0338222945
419 43.3520252027
420 57.8955350697
421 52.3613349821
422 43.7857736923
423 33.4009270669
424 46.6566033612
425 87.1309674052
426 57.9241178084
427 48.5199447019
428 58.4653969931
429 45.0066998655
430 56.1268344309
431 52.2786454406
432 54.9365755253
433 49.9142079182
434 44.4968583854
435 66.973449287
436 44.5604437586
437 46.798180187
438 45.7991289154
439 46.3096421583
440 52.5010701177
441 54.7963706601
442 51.2407638223
443 49.4230562055
444 48.5415687869
445 48.1474091563
446 51.1353020712
447 46.1629846164
448 48.7896476867
449 53.9400924168
450 57.6012236217
451 52.5154576017
452 43.9863467847
453 52.7669321949
454 53.6461828035
455 51.7868209326
456 51.8742083204
457 47.9066179363
458 51.2682679199
459 50.1473940156
460 49.6386330914
461 57.6596652695
462 52.2988560614
463 49.0781801767
464 54.0560131278
465 44.9052711922
466 59.3652324937
467 53.9033098196
468 51.9376847069
469 45.8346200564
470 56.9490211602
471 59.64637774
472 48.5690667377
473 51.4269576457
474 50.1392719726
475 45.4799661934
476 46.7896134948
477 50.0871591627
478 48.4417046335
479 50.327950931
480 51.2245648296
481 57.3441164572
482 48.315913113
483 50.6550262922
484 47.0748287166
485 49.0962431705
486 47.554326493
487 50.9280602266
488 49.990375257
489 52.0356251961
490 47.5396121296
491 51.0726795258
492 85.8686972207
493 47.9456878786
494 50.7341499744
495 48.8362659342
496 55.5783790124
497 86.3746952689
498 47.7948144861
499 50.1005430784
500 50.7778933034
501 49.2181439281
502 58.1839856486
503 49.2032635402
504 51.2774583574
505 52.1188065172
506 57.5504293463
507 50.1025657863
508 47.5160297979
509 52.8730177832
510 50.0592055049
511 52.2263119446
512 58.1241150458
513 51.2827560557
514 49.1759196414
515 46.6458286427
516 57.961480559
517 58.4235641069
518 45.3048977227
519 49.9699196791
520 58.4042055316
521 63.0257427676
522 74.1444207024
523 63.0556571654
524 65.8478172955
525 66.3438726586
526 58.9757320865
527 61.1084304673
528 53.6677891341
529 67.1515364296
530 56.9156908126
531 60.243223348
532 62.3107638651
533 53.1789704943
534 63.8295330267
535 68.6285050009
536 58.9588707128
537 56.4094357506
538 56.411965839
539 59.767880365
540 58.2227088421
541 53.2368961361
542 67.4250465636
543 59.2751165333
544 63.5452943734
545 86.2797700146
546 56.1209568883
547 56.9085201948
548 59.2501271435
549 50.2602078504
550 61.7948619684
551 61.4800735583
552 68.1023824396
553 60.9124851603
554 51.9435189843
555 56.0634426056
556 58.9580888759
557 69.4760147781
558 58.0396108822
559 56.6945229289
560 60.4126950473
561 51.8083192306
562 53.0688949185
563 53.0048811955
564 57.4265639008
565 56.4836819959
566 60.6024339871
567 64.9193154876
568 65.3565163573
569 52.8198960834
570 54.8951106989
571 61.2946960733
572 63.040312564
573 57.9378383488
574 59.6374276742
575 63.6732731551
576 56.0893059423
577 65.496992162
578 57.7308034075
579 58.9512185867
580 64.643890284
581 57.870483063
582 56.8818723807
583 67.0661416772
584 57.3227407941
585 51.0431356186
586 46.7033120018
587 43.540207615
588 53.9530868842
589 50.0326395027
590 49.7964569201
591 49.4244815832
592 55.3495354983
593 52.6833564712
594 48.8728338649
595 51.7287455255
596 44.8564158356
597 44.1941603995
598 51.9127213104
599 47.0656860846
600 45.5131158448
601 52.3056000752
602 66.1264355642
603 52.0953572316
604 54.728574263
605 43.4171102859
606 54.7963593026
607 59.1419176818
608 49.7480904181
609 48.7335971766
610 57.4561042359
611 50.2822361471
612 56.4583170576
613 51.9049824076
614 45.9567219913
615 53.9234070521
616 50.7098514254
617 51.4348122083
618 45.5437983394
619 73.0393594054
620 46.08389317
621 47.4525031874
622 48.4029000851
623 54.0801482556
624 48.6586079533
625 47.1554813068
626 52.6236649111
627 48.5927768088
628 49.7026346626
629 47.1143354503
630 43.0662900102
631 64.4211141749
632 47.76564946
633 55.3301651738
634 49.2899074138
635 49.8197755851
636 49.7027991496
637 54.1592650113
638 42.8496282973
639 47.0175357321
640 50.9509260335
641 50.184724032
642 50.1641571347
643 57.4637062005
644 50.5733002969
645 47.5951710267
646 48.761375386
647 47.6273315081
648 53.1863885056
649 48.5105888911
650 58.7033388237
651 55.2415650229
652 58.8317356529
653 63.5852292578
654 44.8134156388
655 52.0929323614
656 67.3555751216
657 51.1847118462
658 63.0507173125
659 56.6743741183
660 71.4208081684
661 61.6407648391
662 57.8521055847
663 53.7700487826
664 68.467616884
665 58.2589131495
666 52.3086480873
667 49.7982392988
668 62.7181894213
669 50.9229264204
670 51.4792086948
671 62.1890777449
672 56.8491516202
673 68.2168893116
674 48.1916208741
675 62.6884462254
676 57.3985467069
677 62.6053094378
678 50.8865070075
679 45.1690162599
680 60.2112469185
681 58.8159093489
682 52.466405375
683 57.380186707
684 69.779836138
685 54.3652790872
686 73.055163145
687 59.9396517644
688 56.6746850416
689 54.5446075831
690 101.236774961
691 62.7529803906
692 58.661326205
693 69.9850511027
694 56.682792914
695 57.7756724772
696 61.5936103805
697 56.8923836065
698 55.2189879992
699 55.0006565838
700 60.4774389174
701 53.6954084413
702 64.1145213932
703 65.0769429698
704 61.6200791987
705 55.7213627612
706 66.2898971895
707 50.5216351271
708 63.8778137457
709 55.6737658224
710 41.8568338648
711 48.4859392223
712 54.5870629384
713 64.9486526646
714 48.8837739469
715 49.7569118325
716 55.954570865
717 54.5261889378
718 48.9809742653
719 50.7709122367
720 45.7470258595
721 48.3332328206
722 42.5679590699
723 54.2017032686
724 48.9229680254
725 52.7008818363
726 55.9156993355
727 61.0219665904
728 47.5954392354
729 51.1378092091
730 52.2031206388
731 56.1686621716
732 50.649416257
733 55.5786335852
734 54.8687152829
735 43.1003758505
736 52.854643407
737 53.3670922199
738 45.5912025363
739 48.934965979
740 49.3786343827
741 51.2759123695
742 50.6296819515
743 49.3395954801
744 49.7937606131
745 46.1664137024
746 52.8328436817
747 38.8916296884
748 50.346846245
749 54.8579826227
750 56.7080979826
751 45.4002192686
752 53.939364271
753 51.681118276
754 55.9629449494
755 50.9285349389
756 53.3366798189
757 51.4723671444
758 48.6170022204
759 49.9434715503
760 59.1639600348
761 56.6782629026
762 51.7100645973
763 53.5003638795
764 54.6971834041
765 61.0313080075
766 52.7205028861
767 54.7472466051
768 52.6053501119
769 50.004017017
770 49.9168200121
771 51.2933518616
772 54.0390225066
773 63.9958258474
774 54.815861613
775 56.236806887
776 53.4011434159
777 49.6659940474
778 46.9720856153
779 45.4892834235
780 65.6020306882
781 51.2823783386
782 58.8758598673
783 61.8135532172
784 68.5453397003
785 55.0238076835
786 68.3595320088
787 60.8709901968
788 63.485002944
789 56.524115912
790 69.3908843134
791 61.836835224
792 63.7025770788
793 54.282019541
794 59.8101793867
795 60.5448588339
796 56.845417172
797 61.7229273314
798 61.3787956384
799 62.4101430452
800 57.7340407975
801 57.6937362928
802 49.5613418359
803 68.215505665
804 62.6455119901
805 55.3246716903
806 53.1852673732
807 51.1231067514
808 67.209145221
809 51.097980168
810 53.4478319109
811 61.7820949397
812 69.9526940567
813 58.4043336119
814 51.8650131395
815 57.5311047757
816 84.2245441837
817 64.1573460918
818 66.3285102953
819 59.7298060214
820 57.7182184101
821 47.6108781407
822 55.9986187401
823 62.1458295999
824 52.8831290394
825 56.6001732798
826 46.4680008523
827 52.1374357595
828 55.6483670021
829 64.5288145249
830 69.0480950692
831 67.8563177872
832 59.9326475656
833 51.9304483749
834 62.3595710715
835 59.0308737141
836 59.5387110248
837 72.0621942499
838 55.1136560037
839 54.5237906231
840 60.6908259236
841 70.1475843912
842 64.2995938908
843 64.3701218135
844 77.2785406059
845 52.8657340869
846 58.882262671
847 56.9499409851
848 57.2047365965
849 55.3456470636
850 46.8541924202
851 59.6392225716
852 55.5900268665
853 58.2941854158
854 49.0025513821
855 53.7354906656
856 63.239103793
857 58.1572626082
858 47.9252733062
859 51.5325248501
860 52.5502038965
861 46.9620461001
862 56.6687534205
863 53.5928044174
864 50.7751114331
865 58.8985678888
866 46.7150543575
867 62.5891234642
868 47.36807398
869 54.3024677789
870 48.305947001
871 50.3219941604
872 51.0053743151
873 56.6830884787
874 54.8639011992
875 52.7811221648
876 53.8691919363
877 55.4402414915
878 55.4537695614
879 55.2781559979
880 58.051049594
881 43.2469374599
882 50.1754437008
883 54.8791881277
884 48.9152357843
885 54.8854509691
886 45.804099235
887 56.0360169923
888 47.250175694
889 54.2744102717
890 58.8608215081
891 54.1613010037
892 55.7703679979
893 45.6759560761
894 54.5156787894
895 48.5451359696
896 57.3790333451
897 45.6753781794
898 55.4998755796
899 60.3326869934
900 46.6640135698
901 53.0506251799
902 56.0088809253
903 53.1944280809
904 58.1031569928
905 57.3803106535
906 55.0592784546
907 55.9863579706
908 59.0144461107
909 53.0055922525
910 47.9570687784
911 53.6942616944
912 56.7886461043
913 50.5173738847
914 53.2596672079
915 42.7254111135
916 48.5942026725
917 51.2553945318
918 44.2464847708
919 49.8789390738
920 51.0177337349
921 44.5938087971
922 50.0253132987
923 53.8753524502
924 54.2546949803
925 57.132073904
926 53.4953154563
927 52.120546954
928 64.3066436132
929 50.3138459225
930 45.145236048
931 47.2568041371
932 50.9560222993
933 46.737667007
934 52.7923137213
935 54.8431868871
936 54.5469023847
937 59.4997503943
938 52.6913479907
939 55.9713042042
940 61.36206299
941 49.7501656415
942 55.810202219
943 48.3282460111
944 53.6234366833
945 52.8805243891
946 54.9527855393
947 48.5850102053
948 56.2042673232
949 49.9746707711
950 54.9566101484
951 53.4399651924
952 53.4575120677
953 53.9228905755
954 48.5695240411
955 51.7095803716
956 64.7619584361
957 46.5875698287
958 54.5766092934
959 50.3367618191
960 61.9426413346
961 52.9908395307
962 47.5878700168
963 55.8360685475
964 50.9244676219
965 51.3057347785
966 52.6995842501
967 43.2411074166
968 49.1259576359
969 52.5852605981
970 54.6490627749
971 46.0887966969
972 50.3782405956
973 48.681406743
974 53.1521147726
975 47.9957165647
976 54.851166427
977 65.7894263923
978 47.3284457527
979 56.766868872
980 53.1171948087
981 47.4960625829
982 58.6424682838
983 49.70779642
984 43.8696834949
985 49.5149973574
986 55.2037176397
987 41.1732504036
988 40.1079970233
989 58.3584441569
990 52.9700716581
991 54.0573457036
992 51.0374035484
993 43.7855314567
994 50.9992048005
995 50.4064416421
996 61.1384771291
997 53.7800543409
998 54.0561186785
999 46.193762271
1000 46.4813472417
1001 50.8879537583
1002 41.914613587
1003 49.965163749
1004 52.2523740166
1005 58.2071784446
1006 56.2554766776
1007 49.0267124028
1008 59.3130154355
1009 49.2700725884
1010 66.8786980108
1011 52.8137774101
1012 63.5765779891
1013 47.6018814631
1014 54.9170576877
1015 52.2544772288
1016 50.4724743134
1017 52.9682016989
1018 56.955785912
1019 48.7416139986
1020 54.657825931
1021 50.7575160085
1022 53.5384493661
1023 44.7976146698
1024 47.625749721
1025 47.3427249982
1026 51.9019455687
1027 49.1533779708
1028 54.6202622396
1029 54.2995794013
1030 47.1506399208
1031 51.256007746
1032 46.3650012969
1033 52.1884533084
1034 50.0051779575
1035 44.5167602928
1036 47.3514250393
1037 46.3405638773
1038 48.213427725
1039 59.2605174622
1040 49.8394950292
1041 48.8719385
1042 47.6934926195
1043 46.6882506574
1044 46.5373149464
1045 43.7128516282
1046 49.1718989118
1047 43.1879015459
1048 43.385589217
1049 43.7538204703
1050 51.4634932394
1051 44.9418508077
1052 51.4383682912
1053 40.2627758202
1054 47.0267811501
1055 47.1410403734
1056 50.254959393
1057 54.0152355454
1058 51.0728592136
1059 51.2380013056
1060 45.4067290132
1061 50.4340260937
1062 46.0249160632
1063 45.0756528198
1064 43.8714473736
1065 47.4214048734
1066 46.7753106245
1067 46.9478835622
1068 43.5144947702
1069 58.4716436894
1070 43.9662575004
1071 47.4489141977
1072 51.3429904087
1073 48.6127898981
1074 47.8841320559
1075 42.1495732514
1076 47.2500739289
1077 46.2044676405
1078 47.4698115561
1079 47.2315186099
1080 50.7801610353
1081 51.0170166188
1082 48.1583558851
1083 50.7513950956
1084 47.6548952733
1085 48.570174769
1086 46.4467432609
1087 47.4233760571
1088 39.9989287023
1089 45.3604719048
1090 45.4752710401
1091 47.8311262823
1092 44.9923024641
1093 42.7466443449
1094 42.1481001543
1095 46.486447532
1096 47.1679798342
1097 55.4814828648
1098 45.1424415513
1099 45.3584183013
1100 44.6682918668
1101 44.7925881792
1102 44.1461856354
1103 47.142611153
1104 46.3786356715
1105 43.0594663197
1106 39.6586545359
1107 46.1627881658
1108 48.8593933834
1109 47.7789570361
1110 52.3494597542
1111 47.4271431221
1112 45.7216730061
1113 49.699688506
1114 44.792167112
1115 45.8085841722
1116 45.4341450506
1117 45.4873337143
1118 41.6035529344
1119 40.0217263528
1120 49.4200406187
1121 39.559236748
1122 45.350639476
1123 44.4071346934
1124 46.6328859488
1125 52.3630828016
1126 44.9273307218
1127 49.9532897736
1128 50.8441527911
1129 48.6482187147
1130 47.6629787899
1131 44.7513564851
1132 44.339193844
1133 44.2804264494
1134 48.085977565
1135 60.0766343123
1136 44.2099626179
1137 51.5304240924
1138 48.8405587296
1139 49.0748370023
1140 47.7752224654
1141 48.1182781686
1142 53.0839607463
1143 49.5848972228
1144 47.7000124967
1145 47.0135712224
1146 46.1163970869
1147 53.5306519372
1148 45.2573481885
1149 53.275353404
1150 42.8650409087
1151 49.2780516834
1152 43.9541306496
1153 46.6301395095
1154 47.8625679285
1155 42.8644243126
1156 44.7775685308
1157 50.4543898504
1158 44.9501969263
1159 44.6793668208
1160 61.3845722431
1161 42.6045909816
1162 50.5530595089
1163 51.81622525
1164 44.9519155019
1165 40.8899044569
1166 50.2534153907
1167 49.2509168307
1168 58.3158939898
1169 61.1785469222
1170 55.4070426369
1171 55.4331248791
1172 47.0716842806
1173 50.1571819314
1174 51.2446671346
1175 51.5199325733
1176 44.0699949338
1177 54.3503698573
1178 47.9820868518
1179 58.8031440968
1180 54.3468529958
1181 58.6160383198
1182 49.237943658
1183 48.3285721659
1184 50.4584998081
1185 46.3916653779
1186 46.6624273206
1187 49.8952256594
1188 50.0045128246
1189 62.7332920175
1190 49.2313460078
1191 48.378017847
1192 51.8538533413
1193 49.2577640627
1194 47.8356831853
1195 52.6809624878
1196 54.039025763
1197 50.4379409827
1198 49.1736359155
1199 57.0509916298
1200 56.1321155192
1201 50.2491995287
1202 43.7902771082
1203 52.003508495
1204 48.6821687172
1205 53.818735863
1206 49.9192910802
1207 51.8052962409
1208 52.0404282117
1209 51.2031522624
1210 52.8833645601
1211 58.4146063514
1212 45.4196656156
1213 52.4032805065
1214 51.6176176803
1215 52.7097404034
1216 53.7724602542
1217 57.694227772
1218 48.28976182
1219 55.4869530451
1220 53.657095314
1221 48.4717516595
1222 53.1601585099
1223 47.3928174829
1224 51.6056804699
1225 49.8796710469
1226 55.1283415313
1227 52.2886543752
1228 49.8287047641
1229 50.8989998758
1230 52.2246052599
1231 60.3553252775
1232 61.0598430736
1233 45.2264947204
1234 56.7318195008
1235 64.7054879843
1236 57.373000317
1237 55.7262690165
1238 58.8339718055
1239 57.1146057628
1240 60.0001180984
1241 52.0336490352
1242 56.7886119308
1243 60.7418734325
1244 57.7110978412
1245 58.651862163
1246 61.9288695773
1247 54.3130746618
1248 55.152774086
1249 56.7256801504
1250 52.7651921143
1251 55.9262446182
1252 54.2131886472
1253 55.6695843201
1254 53.269289545
1255 66.7713736229
1256 52.8989185094
1257 51.8424547271
1258 59.5207086792
1259 59.8952620439
1260 106.298503423
1261 67.8583907267
1262 60.8348849375
1263 51.0303262139
1264 69.9994007041
1265 58.9627684389
1266 52.9839216275
1267 58.2087788095
1268 54.9279239999
1269 69.5059472636
1270 60.0009241557
1271 60.6458120683
1272 65.5379775977
1273 53.1920376105
1274 63.1683430265
1275 64.8881504494
1276 61.5916993673
1277 59.3637820907
1278 54.1870043159
1279 52.0935876949
1280 59.6536122589
1281 65.7014017289
1282 56.9713643867
1283 49.7726758875
1284 56.5675857054
1285 71.469044561
1286 52.7286665967
1287 52.7322980236
1288 58.1912383855
1289 62.9434398029
1290 53.4143785076
1291 64.5415586892
1292 49.8955149616
1293 61.1360882781
1294 51.3887285281
1295 54.0766505985
1296 61.9830054688
1297 49.7640456502
1298 65.4091517023
1299 55.1791738659
1300 55.0316492312
1301 52.1474493069
1302 51.1265781844
1303 87.6203979669
1304 52.7128672577
1305 59.2181019803
1306 49.6013340447
1307 52.5023925065
1308 53.2879640154
1309 49.0745232949
1310 60.1447687922
1311 51.4193017625
1312 59.2516126565
1313 54.611262279
1314 50.2678721912
1315 51.625641616
1316 56.4229463684
1317 57.3941194993
1318 53.5054033278
1319 63.5166010465
1320 52.3036968867
1321 55.1491976325
1322 54.225171644
1323 55.7675927239
1324 54.7365914324
1325 54.4578542657
1326 64.1322829287
1327 57.3717678921
1328 54.8007753678
1329 50.3899512356
1330 59.6828062223
1331 62.7843828493
1332 44.5260535952
1333 95.6408309733
1334 60.4587863189
1335 49.1808125922
1336 55.0771808813
1337 60.1272349938
1338 46.4423205489
1339 54.9716644782
1340 64.5293907153
1341 50.7133850798
1342 51.8458868013
1343 45.9905953781
1344 52.2339640218
1345 47.9659264487
1346 62.3448716224
1347 58.5949410475
1348 60.6561884208
1349 59.7868093011
1350 55.7960861215
1351 54.6590044679
1352 52.1631508457
1353 58.1446014122
1354 66.5267801726
1355 53.7746740593
1356 61.950812772
1357 54.0219670799
1358 61.577718668
1359 56.3258760315
1360 47.776474523
1361 53.7240975282
1362 52.7680287599
1363 49.466040049
1364 51.6005901289
1365 54.3540801053
1366 47.6701842716
1367 53.8965877139
1368 57.4085979843
1369 46.3984511352
1370 54.830173137
1371 47.8264682264
1372 49.7952015116
1373 53.5063044392
1374 63.8420169428
1375 51.9062229496
1376 79.0423753687
1377 53.6064857836
1378 53.8275050405
1379 47.6649669341
1380 46.9838277402
1381 46.5969895765
1382 53.2413114109
1383 52.8425012696
1384 43.8585747621
1385 49.0097323087
1386 47.2983701955
1387 45.4837377023
1388 53.3862050388
1389 50.7165814516
1390 50.5503951483
1391 47.3654865923
1392 54.775476425
1393 51.0890896812
1394 55.6649880553
1395 47.5945235118
1396 48.7415117618
1397 54.5161256655
1398 52.6738980625
1399 52.7004216216
1400 49.1206452811
1401 53.9501822169
1402 50.4277393313
1403 46.4757578484
1404 47.5188932732
1405 56.5873780951
1406 47.1345001013
1407 57.0000728793
1408 55.0209992387
1409 45.130354125
1410 46.9126735525
1411 56.4401467144
1412 51.1252017587
1413 52.6463861233
1414 58.2127232257
1415 48.4813346401
1416 52.8581979197
1417 50.7774510712
1418 52.2573137673
1419 54.2744674999
1420 47.194086808
1421 47.0584823799
1422 55.7819633006
1423 52.6719685547
1424 45.8700126505
1425 48.3532893381
1426 49.9661410974
1427 56.1139244377
1428 57.2818953338
1429 51.5568124484
1430 57.0585704678
1431 50.6413428978
1432 45.5045794906
1433 47.472398655
1434 48.8871006421
1435 46.1180335193
1436 51.0764557523
1437 49.7688958939
1438 46.2158946823
1439 54.8256740305
1440 42.1042375747
1441 53.9855806214
1442 49.1380102702
1443 56.6333688907
1444 51.9630654439
1445 65.0213092341
1446 45.0503604189
1447 50.7425120679
1448 45.5862670636
1449 47.1374806731
1450 61.3124492595
1451 54.1836720632
1452 80.8910775879
1453 37.9982878955
1454 60.6866984159
1455 51.910251884
1456 58.9058498762
1457 50.3183575434
1458 52.4080093982
1459 47.3040607762
1460 52.5616402744
1461 55.0822031605
1462 77.2532567827
1463 54.1861810876
1464 49.0055838218
1465 56.2330444968
1466 52.0670232196
1467 52.2437573534
1468 57.3827698228
1469 47.0414083559
1470 57.2949049779
1471 48.8811135722
1472 52.1188164322
1473 50.2382650861
1474 77.4129789297
1475 46.8348654268
1476 52.413776131
1477 54.6698351649
1478 46.5073849227
1479 55.4813981548
1480 54.5601781249
1481 48.319183247
1482 58.0056235034
1483 49.70268919
1484 42.8723907134
1485 47.541772147
1486 51.2939011622
1487 49.3816735356
1488 41.3330333847
1489 45.812426597
1490 54.7266670291
1491 58.5876143184
1492 52.6794910186
1493 52.3876235497
1494 48.9401459028
1495 67.7400078172
1496 55.8598440548
1497 48.7843108775
1498 58.9945277062
1499 54.6333346182
1500 60.1886798627
1501 57.8919292653
1502 53.2810832697
1503 52.3988424469
1504 47.4769280747
1505 46.9968065621
1506 54.0514127445
1507 49.8117970923
1508 47.556939974
1509 53.6422577849
1510 50.3059524959
1511 47.17214335
1512 50.6213420586
1513 59.1044903598
1514 52.5699972543
1515 54.3768530106
1516 49.1466105982
1517 82.1500394905
1518 52.6018616629
1519 49.2501746496
1520 64.1206838489
1521 57.1546627683
1522 64.8512655059
1523 60.2457855262
1524 50.8605886883
1525 52.7351572904
1526 49.9352097536
1527 49.6764178594
1528 53.6233126468
1529 47.0189951345
1530 50.54437865
1531 52.5073009651
1532 44.2028059048
1533 51.2387908414
1534 49.7382018713
1535 54.262969703
1536 56.1756436285
1537 53.9605251721
1538 53.8311992243
1539 54.7918671519
1540 53.2382075202
1541 47.3411692946
1542 47.7933100951
1543 50.6766362413
1544 52.3250919346
1545 52.0758333858
1546 54.1755666445
1547 52.9256357096
1548 52.4000687124
1549 48.8239117104
1550 50.5442244009
1551 48.5557532177
1552 53.6026656429
1553 60.222658901
1554 53.4086637068
1555 59.9161763361
1556 43.2261771277
1557 57.2395284031
1558 48.6983578737
1559 54.1002918817
1560 55.198877487
1561 49.6876574434
1562 57.5076572747
1563 53.5641440342
1564 55.915246672
1565 55.0339500056
1566 65.0481717384
1567 59.1557201475
1568 56.112020196
1569 51.6136687306
1570 50.8416786732
1571 50.0545071543
1572 57.0315686627
1573 55.2521249403
1574 49.5652434403
1575 51.1113135151
1576 51.4879847937
1577 52.3763324481
1578 65.234489586
1579 55.4420466619
1580 51.2398900211
1581 56.0224019523
1582 49.9508524513
1583 52.7001541871
1584 57.1928851242
1585 51.1819512033
1586 52.7527671647
1587 52.364223204
1588 51.50316096
1589 52.2524770694
1590 54.3719289593
1591 55.6398293696
1592 63.4832320104
1593 62.117165257
1594 51.3013231362
1595 50.8375119958
1596 52.4366977093
1597 58.5604288821
1598 59.5772741266
1599 51.3218321675
1600 51.1986365766
1601 65.4339908747
1602 48.6472746803
1603 91.5977095307
1604 52.0016075026
1605 57.3391264904
1606 60.3499797254
1607 50.5015833176
1608 47.5480228421
1609 91.0864990687
1610 51.2989295761
1611 52.81160219
1612 48.5385413445
1613 53.932080736
1614 52.4357312833
1615 52.4558195252
1616 53.1174647129
1617 80.547764282
1618 72.9068388599
1619 70.9206255526
1620 70.380243603
1621 73.1462105694
1622 56.8754187949
1623 65.544386822
1624 68.2343072312
1625 74.278475287
1626 66.2473673914
1627 55.5372631692
1628 37.3722303939
1629 55.9386333233
1630 81.3803808882
1631 56.7843246092
1632 67.3521614213
1633 62.024501718
1634 71.0714328443
1635 68.988339576
1636 84.5303904959
1637 60.2293979265
1638 84.5903426459
1639 77.3160858494
1640 70.596484513
1641 76.1454826556
1642 68.9680607918
1643 72.6076039861
1644 70.5713926624
1645 63.9520315726
1646 65.729678356
1647 72.4156023445
1648 73.7840773438
1649 69.810052761
1650 63.464668955
1651 59.8849802243
1652 62.5735376626
1653 80.5639975782
1654 70.4733513951
1655 68.5177346432
1656 87.7052802448
1657 76.2251417871
1658 67.7001676695
1659 58.8592703989
1660 73.8990129811
1661 50.8737241494
1662 71.8256291812
1663 69.6454925245
1664 60.4374310987
1665 63.6347385133
1666 69.2445194008
1667 74.8591980267
1668 78.2762067478
1669 55.0815447625
1670 70.9672550546
1671 85.0619337643
1672 76.5076706312
1673 71.4940999366
1674 75.4665746473
1675 70.8187044258
1676 80.3671309904
1677 78.1673003302
1678 49.3878980185
1679 52.8035885688
1680 58.067093137
1681 61.7811281412
1682 59.5317962578
1683 44.9059232162
1684 66.0273233693
1685 56.7089133186
1686 58.9622472867
1687 49.6212643184
1688 53.4128807736
1689 59.2089720538
1690 57.1270639148
1691 51.8479166587
1692 58.2010704021
1693 54.8902913192
1694 65.9014533955
1695 56.0787054376
1696 58.1778790009
1697 58.3569672085
1698 53.5302123143
1699 61.9939526926
1700 62.1528408668
1701 52.7379279993
1702 53.1778417971
1703 56.668576343
1704 60.2363231021
1705 67.2644814258
1706 63.8182423416
1707 50.3147975389
1708 61.2134312203
1709 62.2835792376
1710 60.5399981422
1711 58.2815051965
1712 59.881782119
1713 57.7497548125
1714 49.7548990065
1715 58.7920998617
1716 65.6238965353
1717 59.185973659
1718 54.1906753167
1719 60.1208283325
1720 70.6173110424
1721 57.4056233492
1722 57.4699143951
1723 63.7988131112
1724 62.8799763252
1725 68.8258530874
1726 58.4304172438
1727 57.4613444518
1728 57.5558129953
1729 61.0132200605
1730 52.7551581688
1731 55.9702176251
1732 56.5423117435
1733 47.9267319968
1734 49.8818476273
1735 51.9382677227
1736 63.8190134528
1737 59.4226790695
1738 54.4679142489
1739 61.5259135608
1740 54.2082470021
1741 51.766076625
1742 55.5808990953
1743 48.0107134665
1744 54.5674738935
1745 50.4008310751
1746 58.2956227646
1747 50.0707723503
1748 48.7755924359
1749 58.8379275091
1750 50.5635113457
1751 47.928284586
1752 44.0244838947
1753 48.742532778
1754 55.2221875829
1755 50.4064950216
1756 53.5659324569
1757 53.6185441732
1758 44.3980028394
1759 46.8973880478
1760 53.7575718359
1761 50.2116419769
1762 50.4683341262
1763 52.365147813
1764 86.6682670627
1765 47.4339244809
1766 51.0760006528
1767 50.7962971578
1768 53.5997522137
1769 53.0281800787
1770 53.5620781239
1771 53.9820889098
1772 47.3771632852
1773 48.8465451344
1774 56.4697312906
1775 52.3943374831
1776 51.5973342672
1777 48.9745195886
1778 50.0118477656
1779 50.5788020305
1780 58.2199117635
1781 52.0649165969
1782 52.7204666028
1783 46.8752796585
1784 55.5506566484
1785 48.7943283909
1786 63.0153958188
1787 56.1232877119
1788 56.7597915243
1789 48.0245954756
1790 50.9812504806
1791 51.8745578611
1792 48.0087892296
1793 55.2794176051
1794 52.5004189077
1795 42.6034938463
1796 49.0526620119
1797 62.0589569808
1798 55.8612805731
1799 51.3589407178
1800 49.501656323
1801 48.4073157528
1802 57.4667486896
1803 50.2818791959
1804 50.6179907523
1805 58.8253762592
1806 56.6126130618
1807 53.993386901
1808 68.9713608939
1809 71.1773381376
1810 72.4048917119
1811 81.1374973431
1812 87.9225423751
1813 65.017170383
1814 70.5514424137
1815 79.3924344277
1816 73.4586503554
1817 79.7488685189
1818 75.8748593505
1819 86.1192837652
1820 70.7698981503
1821 69.0090516233
1822 69.3511946077
1823 66.2551548763
1824 79.3898592515
1825 69.5011960349
1826 72.223573012
1827 73.1495477887
1828 77.6904553602
1829 68.7387349531
1830 73.0795930441
1831 74.1285815647
1832 63.5390436538
1833 77.9210512127
1834 78.9748839577
1835 73.1993407097
1836 78.7826620589
1837 70.8359816748
1838 79.1611468278
1839 64.7968304724
1840 66.87200286
1841 78.1411875498
1842 76.1551776391
1843 69.3383039244
1844 64.8218615133
1845 74.7339245818
1846 66.2399835088
1847 73.1163652747
1848 74.5149009844
1849 95.3629767201
1850 69.9642863585
1851 76.4610870832
1852 65.7278338889
1853 72.9463386767
1854 72.8103726152
1855 65.5921111873
1856 68.9579336795
1857 64.2174369493
1858 85.786929667
1859 83.4762597328
1860 65.7412506577
1861 80.7498120798
1862 71.8613232608
1863 71.4434299967
1864 67.7814839212
1865 55.9127189596
1866 72.8550481216
1867 65.6835099974
1868 93.8976648481
1869 80.5572359977
1870 74.396616398
1871 69.5964654752
1872 75.1657755201
1873 77.0914570424
1874 76.0503635244
1875 72.8027750087
1876 65.5142058029
1877 73.4038038216
1878 80.9188134801
1879 74.5686332827
1880 85.8064459859
1881 69.0237134005
1882 65.808746578
1883 85.2226931595
1884 79.3906767521
1885 63.9737434159
1886 69.8739733553
1887 73.627287075
1888 69.2635723593
1889 85.1171907989
1890 68.8357615133
1891 84.1083533778
1892 76.6750438943
1893 68.4593722642
1894 72.2395064108
1895 67.4701327545
1896 64.4006197094
1897 85.8689087958
1898 73.73722348
1899 54.0788021342
1900 63.8661281508
1901 54.9514285409
1902 56.8756614191
1903 43.0422326489
1904 52.4324245146
1905 59.2944189999
1906 60.4573848613
1907 54.5228911593
1908 52.5584848272
1909 62.4102803082
1910 53.4232916394
1911 51.8341415842
1912 45.4742393395
1913 52.3225441633
1914 56.5757838727
1915 62.3399888641
1916 59.902507927
1917 52.7220037721
1918 53.9629398746
1919 52.588089971
1920 54.943409434
1921 55.6731561745
1922 61.5719009394
1923 52.8105535301
1924 53.4016201227
1925 54.2677525382
1926 53.5253103307
1927 93.5904091652
1928 54.8413783267
1929 54.7157057203
1930 52.6972385321
1931 104.232451608
1932 53.207783047
1933 54.4536072811
1934 48.7759026627
1935 62.7569021494
1936 52.3269817391
1937 51.414641179
1938 42.338487823
1939 57.2122791836
1940 53.7574201226
1941 54.0096796391
1942 60.9659639229
1943 55.9594176713
1944 43.8292819065
1945 57.1693893926
1946 55.7464237549
1947 71.7094630577
1948 52.2392551338
1949 64.0588718404
1950 57.009959119
1951 62.5735649612
1952 54.7604863548
1953 55.0129415205
1954 56.2250950421
1955 55.5872250826
1956 62.7480792523
1957 51.5211571132
1958 59.8368945244
1959 59.7928592779
1960 56.5457880082
1961 55.2115681862
1962 65.676594387
1963 59.8453268332
1964 58.395429126
1965 56.5594669218
1966 53.4883065735
1967 57.5446061734
1968 57.0047555876
1969 61.6891814119
1970 48.2041791273
1971 51.1287818708
1972 49.0543627075
1973 51.2412756654
1974 54.6839140386
1975 63.4008805645
1976 56.7843630773
1977 50.1352843487
1978 51.7353534253
1979 52.6261129179
1980 52.2363594647
1981 51.2815015085
1982 48.6285443316
1983 53.585478515
1984 57.7984004695
1985 53.9207672833
1986 50.3356363488
1987 58.5461088974
1988 48.6067699591
1989 59.947561432
1990 60.6865990865
1991 56.7860646846
1992 56.5643713412
1993 51.1666152261
1994 47.9668289347
1995 49.6785416293
1996 54.409970195
1997 52.2465958915
1998 51.6028544655
1999 66.2063804471
2000 55.0357827688
2001 49.5054657055
2002 57.9688024115
2003 46.7125936539
2004 47.3002404925
2005 83.0867706115
2006 57.9180523195
2007 53.0366576384
2008 59.7039988593
2009 60.3590545431
2010 49.4743532275
2011 49.1826335868
2012 55.8071554326
2013 47.5233236147
2014 47.4925357522
2015 53.7623823879
2016 79.1509374562
2017 50.8494112899
2018 53.6982368867
2019 51.6767874919
2020 52.0924919364
2021 57.0372525115
2022 53.5787169845
2023 56.3582760412
2024 52.327689664
2025 52.3660909059
2026 48.4224995761
2027 59.7148056294
2028 46.740127477
2029 51.7023190465
2030 53.6110829909
2031 45.7327799674
2032 48.4180842936
2033 64.0528047107
2034 50.8832984197
2035 48.4024319611
2036 56.306843419
2037 51.0548461152
2038 47.5882308738
2039 49.7117658945
2040 46.2265998251
2041 46.1859786593
2042 44.9319717216
2043 46.8543889769
2044 46.6254692944
2045 52.4490056531
2046 49.1921589005
2047 53.7126289126
2048 47.1631910385
2049 58.3785266526
2050 52.5849048519
2051 44.1555232512
2052 48.0191261409
2053 48.5835437831
2054 45.863116525
2055 50.7647255002
2056 50.0113874701
2057 57.840541293
2058 47.1865268491
2059 50.2565228882
2060 56.6185516486
2061 43.7441474497
2062 43.125031251
2063 48.3094618222
2064 54.7422125149
2065 48.9959067564
2066 47.8806297775
2067 43.8109237969
2068 54.8547331959
2069 44.4325280766
2070 60.2649336746
2071 48.1455898955
2072 49.8808688169
2073 47.4825319712
2074 48.1921821659
2075 46.9176092861
2076 47.8978163212
2077 49.3970749446
2078 44.5106215538
2079 57.598975097
2080 57.6803679027
2081 48.1750523045
2082 46.2232376702
2083 48.2071953327
2084 48.832030775
2085 48.90798612
2086 48.2206456543
2087 43.8615379172
2088 47.1156525137
2089 45.2199789827
2090 45.6548045855
2091 57.7193308216
2092 46.4390833815
2093 51.2980488342
2094 47.0393378507
2095 46.1990325798
2096 49.445877344
2097 45.0231069461
2098 48.1863756175
2099 52.0331316465
2100 60.8003639101
2101 47.9304779682
2102 52.1512939095
2103 47.5004850018
2104 49.315968448
2105 55.5559746343
2106 57.3505113316
2107 54.0796799387
2108 54.3718397522
2109 47.1550313858
2110 52.2794125103
2111 52.5109915501
2112 49.4591290454
2113 56.9663644194
2114 58.308969904
2115 51.6083137932
2116 52.676791349
2117 49.7248283361
2118 50.6243205835
2119 47.9237208002
2120 46.6734378724
2121 56.2394656656
2122 70.146701576
2123 51.7176843191
2124 42.7773562019
2125 46.2190012917
2126 50.2580228071
2127 48.9767228085
2128 58.5826124504
2129 57.2504131133
2130 47.311166989
2131 46.6204722377
2132 48.0000055704
2133 42.9642951075
2134 59.536281096
2135 49.1436940015
2136 49.6341142862
2137 64.1036605712
2138 51.939931515
2139 51.0594575789
2140 47.2978709403
2141 46.7087125932
2142 47.7966051177
2143 53.8415746419
2144 53.6056836386
2145 51.257785914
2146 48.5398887809
2147 51.3103726009
2148 54.7847046664
2149 49.5849646186
2150 47.1186319584
2151 45.8792696032
2152 47.6299552278
2153 57.5666075015
2154 50.3304077986
2155 54.4137696407
2156 40.4766032367
2157 40.6789710576
2158 44.5544320336
2159 64.8573005382
2160 50.8314386494
2161 47.0687640604
2162 48.3134540454
2163 56.7549012068
2164 54.9173126371
2165 55.2344532453
2166 55.1044451154
2167 52.3197030782
2168 48.2187130452
2169 51.9587258558
2170 45.46755602
2171 62.9238686455
2172 55.8615059771
2173 52.5395133121
2174 56.5508775164
2175 55.2307402494
2176 44.3910256011
2177 49.6801766559
2178 50.2026560332
2179 54.2204212723
2180 49.7270394545
2181 51.6646005855
2182 56.6877624706
2183 43.6144964265
2184 55.267972905
2185 43.9763906876
2186 52.2318697356
2187 50.5077310601
2188 51.6124849532
2189 62.7328857398
2190 62.955329366
2191 54.8000996196
2192 53.5926013913
2193 59.0357862364
2194 52.4480316392
2195 58.5549305615
2196 53.6754965779
2197 51.5836890755
2198 61.5772599362
2199 48.5652478361
2200 57.79444423
2201 49.8585689667
2202 58.4867517399
2203 53.2546946676
2204 50.2011707521
2205 56.7622590713
2206 54.7901883996
2207 62.2998259134
2208 51.4929726894
2209 59.0680528343
2210 52.419946543
2211 52.6592500519
2212 47.0206174431
2213 48.3998978955
2214 47.0901154395
2215 49.1476781057
2216 51.1680738882
2217 67.031792686
2218 61.8941063496
2219 48.4972038592
2220 52.6721917628
2221 44.8648832825
2222 49.1502017783
2223 52.196077997
2224 44.1631958197
2225 53.6946399373
2226 56.0395196403
2227 45.1866157509
2228 85.0899854002
2229 58.9705750834
2230 48.2608188836
2231 44.782377997
2232 49.3163980224
2233 44.8813935976
2234 54.6411272017
2235 50.7672845335
2236 53.5798976702
2237 49.4478715911
2238 52.5620674326
2239 45.5306508719
2240 53.0378875018
2241 45.4619423175
2242 56.1828681144
2243 44.8768571716
2244 46.1547654333
2245 51.8771727492
2246 50.5058052143
2247 51.8210144869
2248 54.6899173561
2249 56.038917281
2250 57.4279936299
2251 48.6228059978
2252 56.997336411
2253 48.5996695286
2254 54.9809393969
2255 59.1454707324
2256 56.464461261
2257 50.2698746676
2258 41.3734954996
2259 48.619626016
2260 49.9943334127
2261 55.0611943064
2262 47.8740121927
2263 50.6212387419
2264 42.0972888303
2265 49.8229732799
2266 48.5259814104
2267 56.3875111353
2268 45.004471657
2269 46.565976096
2270 47.7817581841
2271 42.9298276786
2272 58.3845460757
2273 57.0436295225
2274 43.1068218641
2275 55.0499210823
2276 57.4823756996
2277 46.1414158213
2278 51.0482362348
2279 52.5480724241
2280 62.3507301941
2281 54.8698500261
2282 50.0618273376
2283 46.3153633387
2284 45.0065691283
2285 52.1108012148
2286 53.8855983579
2287 49.3040203806
2288 52.9165843023
2289 63.9297899749
2290 57.6380946965
2291 58.6184267394
2292 59.2117744419
2293 63.7829444666
2294 64.6664585938
2295 54.4372138294
2296 57.8181522059
2297 55.2222311467
2298 57.6226682427
2299 59.7770093009
2300 62.9508062666
2301 62.7144780095
2302 50.9586243916
2303 56.3403061813
2304 64.5077737207
2305 55.9260545216
2306 70.7869477819
2307 59.2404421658
2308 51.8767044516
2309 54.5925125484
2310 59.9732495309
2311 53.2731210035
2312 55.3160052876
2313 91.9214164282
2314 65.220826172
2315 55.8645600255
2316 57.8608448265
2317 62.1468936311
2318 54.3504537297
2319 63.0298902268
2320 63.0760897266
2321 60.8637554865
2322 68.0801979463
2323 60.8116420323
2324 60.4218442221
2325 55.968104948
2326 68.2467642333
2327 53.5458023167
2328 58.9848370075
2329 58.2500259171
2330 55.2434689467
2331 65.2714505364
2332 64.8404045002
2333 65.6939048963
2334 54.4460609568
2335 57.7050901364
2336 53.8357273721
2337 55.9488122915
2338 57.5686096162
2339 54.4407979581
2340 59.8548576771
2341 61.5938553225
2342 53.0763342991
2343 56.5396743734
2344 60.2693284171
2345 61.208706621
2346 63.6217534336
2347 59.5871971737
2348 63.0647471036
2349 48.3675590084
2350 55.0662025275
2351 63.2727618161
2352 61.0500520619
2353 66.5188767174
2354 46.8589429669
2355 45.7653291017
2356 53.2423978076
2357 48.8757918614
2358 50.8105899726
2359 48.2982236854
2360 50.9414020213
2361 47.1134363239
2362 49.8672863282
2363 56.926033089
2364 48.5627893044
2365 47.0041327379
2366 45.6928522783
2367 40.3961395466
2368 48.892281531
2369 52.4013475646
2370 72.1618746424
2371 41.8218871466
2372 47.0266424454
2373 52.8597256478
2374 46.5982531763
2375 52.4470592661
2376 47.5315332512
2377 48.9561235743
2378 49.5448347307
2379 47.5011581597
2380 57.0639428387
2381 47.5916872789
2382 44.6913282193
2383 51.4491673813
2384 46.8707361227
2385 49.7359370883
2386 50.696814336
2387 57.2925217112
2388 46.3141250272
2389 42.6691867933
2390 59.475131304
2391 46.503133272
2392 55.8389067378
2393 52.6459040947
2394 52.5921945624
2395 45.8647998288
2396 60.2464682025
2397 48.0675586624
2398 49.6287162619
2399 46.6439441583
2400 48.734781296
2401 46.6271765325
2402 46.4419420584
2403 49.9099553235
2404 57.6974480411
2405 47.0310959683
2406 44.1429296771
2407 53.1938271552
2408 48.7911943192
2409 52.006466892
2410 47.7311268477
2411 53.6220252586
2412 49.3617408713
2413 45.0365819383
2414 42.4571946328
2415 52.0327885747
2416 45.8381444608
2417 47.1963212527
2418 55.0360974428
2419 46.6307577345
2420 47.9171354769
2421 48.1970690466
2422 50.9506565002
2423 47.6224516705
2424 47.9807453954
2425 50.615628972
2426 44.8329828529
2427 59.8454431975
2428 45.7251690561
2429 60.0759326907
2430 45.4451940058
2431 51.7415511617
2432 52.6348066001
2433 41.3986533894
2434 49.2618114955
2435 43.9792611667
2436 48.3512029829
2437 45.1215393742
2438 52.1443160112
2439 46.916900879
2440 46.8761533698
2441 51.880088998
2442 45.6387153865
2443 47.5679747404
2444 44.6526825787
2445 48.4839371311
2446 40.2310813292
2447 53.4263064288
2448 44.6117618792
2449 49.4790775082
2450 48.4324727781
2451 45.8227598659
2452 47.7170082222
2453 46.3723207833
2454 40.8146389516
2455 46.1567971216
2456 44.5614021605
2457 45.5722116132
2458 54.8285435137
2459 46.2401038195
2460 42.651496148
2461 45.7020544641
2462 47.1174958386
2463 40.8614924052
2464 50.0389536614
2465 57.513375544
2466 52.1665723948
2467 49.2716463982
2468 50.614998755
2469 48.5793566838
2470 47.8114443115
2471 50.7741110358
2472 49.3081394201
2473 56.992762202
2474 53.6122249845
2475 52.5250173153
2476 49.0244158414
2477 46.032022861
2478 46.5655446841
