u s
1 60.3506428313
2 68.4048919645
3 53.7917743628
4 57.9910564181
5 58.069802833
6 44.3097722508
7 54.7517124458
8 53.5659097668
9 66.5660547002
10 58.6510930129
11 50.3906767914
12 61.7520935462
13 62.6586566856
14 56.490489447
15 64.6239454421
16 56.8591576703
17 53.9363593168
18 58.8704796452
19 168.009415941
20 60.916376353
21 57.2208273426
22 53.4022522192
23 72.2391373066
24 59.0695818674
25 60.5536296872
26 43.1062640204
27 62.4921647588
28 49.377455538
29 55.1115887238
30 62.5529248214
31 61.5374762001
32 68.3234329484
33 57.6526267681
34 63.4032368418
35 51.1982462984
36 65.3042725506
37 68.2167977721
38 57.2756084763
39 45.7454503457
40 49.3820691218
41 60.4598433993
42 55.3992667001
43 56.6768378969
44 60.3739354812
45 71.2912818981
46 62.7683574057
47 56.6088023243
48 51.9591244658
49 55.4149723136
50 55.543938525
51 56.7747959925
52 58.3131316628
53 61.1727991536
54 59.9471141805
55 146.961102792
56 62.3644231903
57 79.4614829365
58 57.7380016382
59 58.128202175
60 56.7684998823
61 56.5932397007
62 78.4969584057
63 57.3339738551
64 63.6673809134
65 78.4726638007
66 48.0552084741
67 52.8309330618
68 52.5410674824
69 80.3805982925
70 53.1887324606
71 45.3260019651
72 50.9203884055
73 51.0725810407
74 58.471271321
75 52.027831628
76 52.3364746391
77 53.8278778748
78 52.600716985
79 48.3875262574
80 56.2638033771
81 52.7797528808
82 53.3759902858
83 42.0486725114
84 50.3344554522
85 50.4109514015
86 47.4516219167
87 56.1086718805
88 43.8474997627
89 59.2092970122
90 49.1285259749
91 55.9543271468
92 53.5480001159
93 57.4929871537
94 69.8397173578
95 40.7213094688
96 51.7167912514
97 54.0516843214
98 75.981547593
99 54.1169445424
100 50.3158865821
101 54.6816714827
102 56.0797175713
103 52.1183084874
104 59.5658070046
105 55.3364562406
106 65.179908026
107 47.7712664129
108 54.5602012367
109 64.3753909562
110 46.2843436434
111 58.0401349778
112 69.9217593177
113 58.8381875681
114 53.1683833786
115 50.8937822575
116 53.4872552257
117 51.9836056164
118 54.1921864687
119 53.9711310277
120 54.7392514209
121 52.3583182741
122 48.5085420945
123 57.1565538967
124 54.8991244203
125 47.9675763387
126 51.5485560082
127 49.298175288
128 48.6388196017
129 53.1751049576
130 48.3015370648
131 48.934965979
132 56.9564394947
133 64.0619328329
134 50.296716714
135 50.7709122367
136 54.3584012664
137 53.4290173464
138 57.0983869349
139 56.2028890263
140 50.843828538
141 66.8748549703
142 53.1711023309
143 58.3694230573
144 55.4430944584
145 54.8579826227
146 49.0055404977
147 45.4002192686
148 49.6832636802
149 67.0150728455
150 56.1686181956
151 60.8850709094
152 50.4226906506
153 53.844946787
154 47.388292471
155 59.4847505252
156 50.4479203709
157 50.9285349389
158 55.796996465
159 64.6455213441
160 50.5714112968
161 51.2933518616
162 47.3714120544
163 55.5786335852
164 49.3879288662
165 58.0252330224
166 56.1372245829
167 48.3332328206
168 51.1910392023
169 68.2103194101
170 38.1886049127
171 49.6659940474
172 51.3206172134
173 45.4892834235
174 57.2908186105
175 53.7455191705
176 53.9952113197
177 49.3395954801
178 50.790922808
179 53.4408260652
180 55.9078219521
181 54.5261889378
182 60.0519936313
183 53.5586336956
184 50.0208947237
185 46.1664137024
186 47.2766703912
187 38.8916296884
188 52.8316799162
189 51.4723671444
190 39.6001743653
191 43.1003758505
192 48.7135939477
193 49.7569118325
194 50.8816641981
195 59.0949467379
196 64.0926956826
197 59.9763650753
198 57.5575447601
199 70.04595372
200 61.3338674638
201 51.9381153712
202 58.4962657001
203 71.5030760088
204 62.8786001748
205 60.2278360139
206 60.6866983896
207 52.9301167014
208 60.4879652603
209 72.0375920605
210 59.8981864895
211 51.8624078893
212 53.3944349026
213 44.498027114
214 48.920856516
215 56.4894733063
216 41.3230960534
217 74.7753036354
218 63.0990640052
219 58.4718615637
220 48.3266046574
221 61.0137169294
222 59.7382092136
223 72.2979135541
224 59.8576254083
225 65.7762416041
226 62.5372601375
227 55.2987287776
228 52.1330993425
229 52.7783171493
230 64.6246814083
231 75.5310113993
232 62.3002033955
233 169.106328569
234 60.3293796034
235 60.4055756455
236 186.913894043
237 64.4614113113
238 62.1100823474
239 63.3264231544
240 48.5798562063
241 37.7307001769
242 63.2980939046
243 53.1642292227
244 59.9912921309
245 59.4153573417
246 64.1182722131
247 67.018697229
248 53.1532639278
249 58.7343005753
250 35.2444274402
251 63.2545541216
252 60.0285157583
253 48.273810175
254 49.0793493033
255 66.948180616
256 66.2054020217
257 69.7390955552
258 62.9568088833
259 50.7643590847
260 66.4634241328
261 47.6038964162
262 53.2322987745
263 76.1848170119
264 57.1629149917
265 49.5521441852
266 50.4629722747
267 51.2785839423
268 48.9220506846
269 50.0933104632
270 57.0540419619
271 66.0336757998
272 55.4808654471
273 48.7494926879
274 53.7622065508
275 48.3291066774
276 52.5042289696
277 68.81697992
278 47.4769372389
279 57.6976271866
280 49.8276065278
281 51.8860376134
282 45.2041098958
283 53.4146101758
284 55.5836454227
285 55.8343708813
286 49.2501282327
287 54.4679189909
288 51.9063553748
289 59.5180784322
290 62.4696903719
291 54.5167849632
292 60.0582315096
293 51.3640434774
294 56.8988658621
295 52.2924463375
296 57.6131102919
297 51.3566012251
298 52.5014083611
299 53.5434346617
300 48.6515691562
301 46.7362176082
302 49.4828694325
303 49.9572048352
304 49.5094815057
305 49.5934545485
306 53.2643392711
307 54.0240910804
308 54.5116728739
309 49.1024470728
310 49.101680443
311 58.7977982036
312 43.2171663265
313 50.1407250578
314 47.400379062
315 54.2790966382
316 56.8428507163
317 48.690593433
318 43.0407438125
319 52.5026882461
320 47.4413810234
321 47.2417065971
322 54.2153392408
323 54.0658366625
324 74.0697758196
325 49.3604282825
326 56.7748979151
327 51.8510091608
328 56.1344587594
329 56.7020491389
330 50.2572921424
331 47.542217413
332 58.6766789294
333 57.4779006748
334 53.7576210904
335 54.4738835109
336 53.2966712824
337 49.6471844045
338 49.3808638074
339 47.1747429878
340 52.4758984207
341 68.8674088668
342 61.093029012
343 54.9851830564
344 56.6731710187
345 54.2815935628
346 52.6561721757
347 58.2393458977
348 57.0542773273
349 53.7407074068
350 53.5871810064
351 53.3394479471
352 52.1377845122
353 51.2207191698
354 52.6336245042
355 48.0144705483
356 55.6258885041
357 57.4213390858
358 56.1014898573
359 50.9604323859
360 50.8566790723
361 45.4012611264
362 61.0540158027
363 51.9576724897
364 58.5296688844
365 52.2111781879
366 51.794413987
367 57.3835953765
368 55.7170251716
369 45.9587523617
370 68.450306375
371 69.6634380497
372 71.9628244303
373 56.4277279869
374 59.7868250543
375 56.9221771828
376 50.1136890776
377 49.5393736875
378 49.0178383638
379 54.1494251131
380 49.2486600391
381 51.1129233514
382 51.1038790165
383 60.0632364555
384 50.1183552658
385 55.6874746927
386 51.2822782634
387 53.7695014636
388 48.4976882235
389 58.145562371
390 57.2311585326
391 53.5566019584
392 62.1990663941
393 50.3182009305
394 56.445354795
395 56.3388208082
396 57.0257683199
397 59.5274974354
398 58.5189304858
399 70.8020561695
400 56.1243406312
401 57.7947791472
402 47.3554183631
403 56.1787994961
404 61.7953587513
405 62.751612323
406 60.934150654
407 53.3820760249
408 44.2869599238
409 54.6710012347
410 61.8826136119
411 54.7082011679
412 56.0520917206
413 65.8316028245
414 59.595925
415 58.2583295355
416 55.2637902902
417 59.1731929677
418 46.343980939
419 52.7340049889
420 55.4660702364
421 60.2163716186
422 47.6019421348
423 76.8294868326
424 62.8635709893
425 63.010811866
426 56.6349946428
427 56.733074491
428 57.5007138195
429 62.5564552513
430 46.7938204133
431 57.6247946558
432 48.0349645195
433 62.2068401146
434 60.4589549831
435 72.8497575875
436 56.5106462374
437 58.5519174512
438 54.9600197988
439 49.8492049763
440 52.7549693343
441 62.1603357365
442 48.7488052851
443 57.1149774437
444 55.503529535
445 57.4127742359
446 54.885272614
447 55.7252612951
448 54.6469686036
449 54.5704257067
450 63.6465414562
451 53.5311360715
452 50.5676576185
453 63.5762936779
454 66.2341064819
455 47.4620248103
456 53.0763463561
457 62.6645706638
458 45.2508265216
459 44.5413013074
460 52.5812810677
461 46.012934158
462 50.2018211327
463 48.3088693973
464 45.6045176516
465 51.1055201573
466 48.8458911477
467 47.6590711213
468 46.7984764963
469 48.7832826823
470 48.174485806
471 62.4866639405
472 65.9349636339
473 45.8207371331
474 46.6751836843
475 43.7714043299
476 52.9566504756
477 57.5673758009
478 44.8142532796
479 51.058434467
480 42.3775228508
481 45.4576887984
482 51.5763524712
483 52.2567700681
484 45.3767986983
485 41.9690661928
486 47.8068339252
487 51.679469367
488 46.6336843637
489 50.9415784963
490 76.3778847361
491 46.0330112916
492 44.284059706
493 50.4007178514
494 45.4962319229
495 53.6951023795
496 48.6990343198
497 52.3348366136
498 55.8779558307
499 41.4175781919
500 49.2351321234
501 41.4161989588
502 49.5779886273
503 45.5175523295
504 47.9438059403
505 47.965792716
506 50.5100622547
507 43.8436333733
508 45.0906407246
509 47.7124484576
510 45.0376563371
511 46.8328528551
512 45.7721950607
513 45.1992319669
514 61.073309068
515 47.6028051743
516 49.5337657102
517 45.9734711226
518 59.3818203643
519 46.7160836861
520 53.6426248697
521 50.371398204
522 46.4559805086
523 51.0639547595
524 52.2819065991
525 46.2188893261
526 58.3716108436
527 53.173078354
528 50.4257959925
529 51.2245892808
530 40.8546212863
531 51.9458330992
532 56.3548157597
533 55.6617532901
534 46.3741199286
535 44.46676855
536 56.5529662729
537 47.7759954749
538 51.5792276008
539 51.7179707852
540 49.3445083145
541 53.2701900996
542 51.0023979971
543 52.0052546853
544 63.060670922
545 49.7736126601
546 53.8229620756
547 44.8285054788
548 57.3770471496
549 52.3661536324
550 49.8369612713
551 51.1430700305
552 54.7479640261
553 48.841578263
554 61.8775198848
555 46.1517390233
556 49.4833649583
557 73.8168976739
558 47.9425909646
559 52.7393698558
560 55.550053869
561 55.371552491
562 59.7630628652
563 49.9721852035
564 59.4602056903
565 50.8541286616
566 50.200397748
567 53.4790662344
568 53.2454692228
569 44.9093678621
570 51.3926207337
571 55.3403098234
572 52.768191083
573 52.0308826005
574 60.5770581017
575 52.553590994
576 68.3612471692
577 53.4017749339
578 47.9701056585
579 46.9667289744
580 47.3506075989
581 51.9378857072
582 52.0079038831
583 50.5567786478
584 49.6120570469
585 56.6017123603
586 58.4161767917
587 73.1212186337
588 51.9032847012
589 66.7530768538
590 52.9081118805
591 45.1774302047
592 50.5962628278
593 44.6447336975
594 52.7988922184
595 50.2497543168
596 56.4204567001
597 56.4369596971
598 55.0962363345
599 58.8516660687
600 62.6927882505
601 50.2798611018
602 45.1357220357
603 56.1325998072
604 52.1315683156
605 50.7459056175
606 42.6578822446
607 56.4536317292
608 57.8233722215
609 57.8363739276
610 75.8408133305
611 53.2099698152
612 51.6176408595
613 49.9868696082
614 48.7763002913
615 52.0078293269
616 50.2800755631
617 70.5426984073
618 52.5190087098
619 50.6770470764
620 50.4562829863
621 50.8097539526
622 56.4001187966
623 50.1400669988
624 50.2164825403
625 51.2580382438
626 45.4966374341
627 48.7713768283
628 45.5204387559
629 48.3282952177
630 50.0087522474
631 54.4082050824
632 52.2630423283
633 61.7856327011
634 55.3122558358
635 51.3517002572
636 51.9750227238
637 55.5281572428
638 50.0578063114
639 50.4184984171
640 55.8962085383
641 48.0593352392
642 53.9498182339
643 50.7722323499
644 51.1957084334
645 55.524879542
646 48.4692072031
647 45.8347191235
648 60.0724430008
649 51.0629342857
650 42.0189073552
651 48.9136816563
652 44.5617467531
653 58.7741995853
654 46.0741767705
655 52.1253615389
656 45.930513329
657 45.3072209861
658 51.2082378685
659 46.3714090363
660 47.9242438627
661 56.7641606623
662 44.3058992906
663 51.1307418926
664 44.0502358083
665 46.7367739093
666 47.3399443234
667 48.726061761
668 46.332586778
669 42.2521874575
670 41.7469422848
671 51.0600397894
672 43.860245348
673 45.1638152643
674 40.8818874012
675 53.4467619198
676 46.583569923
677 62.1972270582
678 45.5484453605
679 45.4824221538
680 45.6479461501
681 45.4150683593
682 52.0540887819
683 44.379456815
684 68.3876568575
685 45.0430596064
686 45.0590088061
687 44.5511128044
688 50.8175639304
689 44.286847334
690 52.623011047
691 40.9790427229
692 46.2118083772
693 42.0816549655
694 46.0749524688
695 40.1170398778
696 48.6001954742
697 45.3401998032
698 59.1532341883
699 44.3434307384
700 55.9850390891
701 39.0530441662
702 46.5093844419
703 44.9382539321
704 44.8655317135
705 46.7405351111
706 40.9353578653
707 48.2155416039
708 59.0014865645
709 56.9708176054
710 45.3948671238
711 45.7850533415
712 46.6591420644
713 45.9781214918
714 46.6771490494
715 56.5733885149
716 48.9866115134
717 55.157060143
718 55.8512215049
719 49.6309337354
720 49.5710514395
721 64.9577499985
722 53.2214154116
723 51.1804038913
724 58.0724692614
725 77.6632012365
726 61.9752694559
727 56.1360573924
728 59.6873893981
729 59.1397161986
730 62.1348418291
731 56.025903538
732 50.5522916937
733 53.4610108474
734 55.2588884545
735 61.2846596773
736 64.5548096405
737 53.798849252
738 65.6192132622
739 57.2920579611
740 61.8752654102
741 59.1085705525
742 74.1184401952
743 53.303773555
744 53.2781477036
745 60.9065288262
746 55.8156508835
747 54.3535725707
748 61.9439380433
749 57.9514810041
750 52.8995322708
751 63.7381485799
752 57.8613673446
753 53.3680112354
754 53.6666104152
755 78.8994149439
756 58.5600736876
757 57.8752361219
758 70.8073890749
759 55.0963663996
760 58.4279328298
761 62.6016639632
762 64.6733939683
763 61.1987986544
764 55.5582611016
765 60.9367240851
766 51.3166664288
767 62.1711323097
768 70.7017071444
769 57.8637284093
770 57.4904165244
771 59.7963293779
772 50.697336648
773 58.2519288888
774 54.5490907757
775 53.3991779434
776 51.8904076305
777 54.0136527075
778 62.1638755115
779 56.7718181823
780 56.6981721284
781 47.7580142244
782 56.4752882427
783 54.7938306211
784 60.1340149886
785 53.0101380324
786 67.71987427
787 50.8110673873
788 60.552098958
789 48.5997146426
790 58.8269659718
791 53.950425725
792 54.749000657
793 50.6502966402
794 57.1253019641
795 56.3506862053
796 52.874534911
797 51.8074060908
798 53.8139460876
799 52.4700056376
800 52.3128410479
801 49.0195339359
802 49.2078750865
803 65.6878873583
804 56.025340717
805 47.2410622104
806 51.7666873964
807 46.2493732844
808 66.0023584667
809 47.703163864
810 50.8493607447
811 55.553531207
812 58.1008767269
813 51.4189586408
814 38.7160133356
815 47.3180631418
816 73.3417801037
817 56.4401882936
818 66.5851354852
819 52.8801017484
820 52.6444367296
821 41.8611010216
822 52.8997423413
823 54.5289144539
824 59.5433116794
825 52.7320991408
826 41.9346375427
827 47.2699890959
828 56.2496781972
829 58.54015269
830 57.7218869328
831 56.777882371
832 53.5933745685
833 45.1395220281
834 55.6579134369
835 52.4261343807
836 53.1706145487
837 62.3375255155
838 50.6490104807
839 46.473946209
840 57.9630521525
841 56.8020417737
842 53.8154145189
843 55.744798612
844 56.5527142739
845 40.3639006158
846 45.8596497672
847 44.6839046504
848 44.433183454
849 45.9469352847
850 45.4556231894
851 56.0022620885
852 49.8557737337
853 54.7207952162
854 26.4011458031
855 47.8171485923
856 42.3253030545
857 46.6029892029
858 44.4916425398
859 43.2352556218
860 44.4908614171
861 45.7115367815
862 44.8577968995
863 48.3453066097
864 44.6459174015
865 51.3091256987
866 40.1036005508
867 46.1717163045
868 40.0335017326
869 44.3875785141
870 44.5184371005
871 39.314855024
872 38.9631112812
873 43.7656867737
874 44.3373794849
875 44.7802037085
876 39.9001191137
877 43.1890265027
878 45.0581797673
879 44.969429493
880 54.7915250128
881 39.3671001146
882 43.4031190038
883 45.8044235121
884 37.3324934207
885 52.4587228033
886 41.9138520644
887 44.2415081191
888 48.683728012
889 45.3853389485
890 49.0379874101
891 44.1448542416
892 57.3727138108
893 48.7814124295
894 45.9610410584
895 39.4525601499
896 40.4752067448
897 36.128660527
898 44.1789239491
899 44.5689495571
900 42.2088086858
901 39.7062418062
902 45.9811262379
903 40.2733306521
904 45.5256189914
905 56.2392255665
906 44.3470450793
907 46.7394168859
908 45.7601241974
909 44.8779652246
910 50.317607976
911 50.5474147158
912 71.7069910614
913 50.2587245458
914 51.998277091
915 48.4333420492
916 52.006173383
917 50.4348150421
918 44.3001131508
919 46.3696586262
920 50.8257761685
921 39.5391533856
922 50.2405922095
923 51.8513059836
924 56.7348871504
925 48.9212446234
926 52.7711916619
927 51.1095306892
928 48.8573974569
929 49.8733170766
930 48.5028342973
931 56.7356936054
932 51.1653913013
933 43.8556186321
934 51.7764690598
935 54.0107223963
936 58.8717819543
937 59.8442330293
938 45.5774870082
939 49.4597279106
940 53.6658303398
941 52.6539755685
942 54.9952729191
943 52.5131272692
944 50.9250882199
945 53.2291763824
946 43.4982987092
947 52.9516958444
948 54.6039290149
949 54.4188226687
950 62.9401832577
951 49.6477800961
952 63.3770705144
953 51.0243513682
954 44.1514889831
955 52.8846309231
956 64.7567747176
957 49.1701109647
958 50.5752415142
959 54.1405536866
960 49.905040486
961 48.7038635771
962 58.2722886277
963 56.1206951063
964 51.8793075704
965 52.2887848799
966 56.4502439276
967 46.5883289155
968 49.5754959418
969 49.8508733117
970 52.4650544627
971 51.5292495955
972 50.652857729
973 43.8712588253
974 46.7613281622
975 50.422552126
976 55.2337855782
977 58.3934073307
978 50.9293292778
979 43.3543540462
980 49.8536668881
981 47.1023772716
982 60.0525468265
983 43.534594032
984 43.4793461128
985 47.2722783389
986 56.1623376399
987 41.8767661048
988 45.324909283
989 51.2404501225
990 47.3151483299
991 49.3060378586
992 49.5807125394
993 44.8417740747
994 48.7676840212
995 46.753863528
996 67.9820979235
997 65.3314062458
998 52.6063958467
999 45.6377621298
1000 46.9402467689
1001 53.8491903397
1002 48.6274989861
1003 51.7159700526
1004 56.9918395977
1005 57.7502326561
1006 49.7879506195
1007 53.7057972526
1008 48.6022594312
1009 50.6168141678
1010 60.6364300011
1011 47.220345897
1012 49.9105136015
1013 54.0166298156
1014 53.9092182979
1015 48.9858607924
1016 53.7394411092
1017 48.3553625968
1018 53.076007966
1019 46.0852815734
1020 56.1831936565
1021 50.8559743694
1022 55.8257235234
1023 48.2068733966
1024 49.6884551618
1025 48.9764500954
1026 46.6019281741
1027 50.7400962779
1028 60.0139985629
1029 54.1671692502
1030 46.3978583018
1031 55.4574521513
1032 55.834894583
1033 49.549095421
1034 41.8725884693
1035 40.5666518615
1036 52.7868109494
1037 51.5135183203
1038 48.4386463375
1039 51.3305944798
1040 49.6250298624
1041 50.555855826
1042 51.8313543656
1043 51.139833864
1044 49.0157559127
1045 39.2620753096
1046 49.0253496725
1047 52.4217706041
1048 53.2117118815
1049 40.4990138615
1050 48.3030804467
1051 55.6593777254
1052 35.5466937749
1053 50.0012790494
1054 42.747821053
1055 59.0326683677
1056 64.3017149579
1057 53.6775584245
1058 56.6252363627
1059 56.2492956874
1060 40.0614069375
1061 42.0625340788
1062 53.3291478877
1063 44.7769441821
1064 51.4388967788
1065 48.8486025389
1066 49.0264440769
1067 40.9216972549
1068 62.5438760589
1069 58.2518143265
1070 50.0112923921
1071 48.4143414391
1072 52.8139731799
1073 52.2634488382
1074 61.820324591
1075 53.8183076802
1076 48.9443914085
1077 42.3148869174
1078 50.6204314903
1079 68.3829503909
1080 57.6994173371
1081 51.9151223461
1082 49.079073297
1083 53.1748870992
1084 55.8550365158
1085 53.5255702971
1086 46.509878269
1087 51.3022381458
1088 43.1373164434
1089 52.1846366014
1090 45.0193798366
1091 53.2713813164
1092 51.6417765079
1093 42.0964857969
1094 44.6936431242
1095 43.9792221019
1096 51.6798142126
1097 52.2857296628
1098 46.9583718278
1099 47.7385746388
1100 49.2337013808
1101 52.3261275753
1102 45.4854197887
1103 51.1821543281
1104 52.7706249125
1105 57.5922574468
1106 47.6480038643
1107 52.3501526957
1108 47.3954445296
1109 55.5347390144
1110 51.1781386379
1111 52.3512791594
1112 48.9958464843
1113 54.8788032212
1114 52.8997571014
1115 52.7239457948
1116 62.2253189961
1117 48.1377447713
1118 49.484350101
1119 45.2257141994
1120 41.4147345791
1121 43.576692382
1122 55.068861996
1123 51.6925211304
1124 54.4893109496
1125 52.6298849818
1126 40.4809627023
1127 53.4047921792
1128 66.565535651
1129 54.2402097385
1130 51.0023108252
1131 41.3772022176
1132 48.575470561
1133 52.321376469
1134 54.2947304743
1135 53.5961341017
1136 48.0965285673
1137 55.3908359419
1138 59.2653168149
1139 55.5816228646
1140 43.7798421435
1141 54.1262738179
1142 31.7786932581
1143 54.9104083579
1144 65.4621920078
1145 45.4887793094
1146 54.6495004953
1147 55.3009074835
1148 53.1852536461
1149 58.2953778627
1150 43.7238569621
1151 53.7989854264
1152 46.4546566493
1153 49.5307198464
1154 50.7524835671
1155 49.9275716011
1156 51.8815165603
1157 67.1531757725
1158 47.2846455347
1159 47.4693358218
1160 45.6346836461
1161 44.871492528
1162 57.3177777527
1163 45.2320423776
1164 52.5077544105
1165 51.2633354178
1166 47.8279449653
1167 49.8420973595
1168 52.9971388293
1169 60.0694937745
1170 54.6500885174
1171 52.2102549708
1172 41.6044511255
1173 51.5315582835
1174 51.427507034
1175 54.9648577812
1176 48.0519540584
1177 55.5890432385
1178 50.7357970929
1179 44.8346126547
1180 55.3253096819
1181 53.1331654403
1182 48.927073142
1183 50.1213741864
1184 49.5117439971
1185 51.7818082513
1186 48.1154547327
1187 50.3018829314
1188 49.9542952575
1189 54.8809401689
1190 49.6452351864
1191 55.7464313978
1192 51.2783679769
1193 50.2193358978
1194 47.8647833104
1195 49.3525057977
1196 55.9251730103
1197 49.7564197397
1198 53.6003609062
1199 54.9361475495
1200 76.5153483431
1201 55.4384754959
1202 44.9403900134
1203 50.7462010189
1204 48.5503230651
1205 63.0803823776
1206 49.8130241121
1207 52.5037973904
1208 45.2880963399
1209 52.8790988013
1210 52.4423766472
1211 53.4897191143
1212 43.9483162563
1213 49.829417794
1214 56.4359838841
1215 54.2324627969
1216 52.4396030278
1217 34.963147407
1218 48.2048433472
1219 33.6787901106
1220 52.1760363213
1221 52.2457367315
1222 49.58955378
1223 49.0823090638
1224 50.9650359244
1225 48.8793581284
1226 45.9235924361
1227 73.1498904886
1228 68.8795913345
1229 56.062742517
1230 54.7977777246
1231 58.2731183524
1232 53.6495544892
1233 40.6175913703
1234 53.8107325086
1235 62.568127358
1236 58.2808399135
1237 52.8782893597
1238 68.4548062038
1239 56.8372884993
1240 69.0915522875
1241 56.4179205122
1242 56.379960692
1243 59.7185533813
1244 52.8989629985
1245 52.931431981
1246 58.1221689751
1247 48.8306640276
1248 54.8130632715
1249 53.9000211093
1250 51.3498701131
1251 51.1794832167
1252 51.9772528043
1253 52.3245510524
1254 51.6344078184
1255 57.215337255
1256 47.3452989819
1257 51.7849820693
1258 59.7238271156
1259 57.4387999925
1260 85.1206997776
1261 70.081982395
1262 59.765669343
1263 48.9160666276
1264 59.1644185422
1265 57.3750503638
1266 58.6264411815
1267 55.2045256492
1268 56.0472106377
1269 62.6531175283
1270 69.7071245838
1271 64.672086956
1272 57.8465565743
1273 51.604898143
1274 58.7877027085
1275 53.0201675872
1276 56.7614709232
1277 60.7844382658
1278 57.0511365678
1279 61.9741162004
1280 50.8736475748
1281 63.1040350364
1282 56.2653959572
1283 51.785562929
1284 61.5631927104
1285 72.3813765674
1286 51.5719245877
1287 52.4061916135
1288 51.5489890275
1289 57.2193387993
1290 50.3259819306
1291 74.9839494263
1292 50.8725118228
1293 63.3010831302
1294 52.2438787101
1295 60.961862519
1296 70.3035023994
1297 43.8831502531
1298 61.6171170796
1299 48.8662643969
1300 61.7864109179
1301 53.332426902
1302 47.4708789563
1303 61.8442854483
1304 54.0871873238
1305 56.2230997586
1306 54.4900320959
1307 49.6641534073
1308 58.5484999759
1309 52.5114680762
1310 58.4568446244
1311 58.4484761495
1312 62.7916481348
1313 64.5847111108
1314 51.0789294258
1315 61.8661811462
1316 72.1665676055
1317 56.0221113802
1318 54.8248538161
1319 74.996567267
1320 53.0018101621
1321 57.6104748605
1322 54.6825813817
1323 51.0050597399
1324 54.0739201187
1325 58.9571199805
1326 60.9670837905
1327 50.2679036575
1328 55.546707977
1329 53.7996592022
1330 59.505512576
1331 61.4253771609
1332 41.7032823442
1333 78.0519159961
1334 56.239559003
1335 52.1577102331
1336 54.0435903175
1337 52.0800878602
1338 45.3090953044
1339 58.3153082636
1340 57.3684502997
1341 53.5947956664
1342 53.8939564263
1343 49.4836006564
1344 57.0859964604
1345 50.7639114823
1346 72.0065080762
1347 56.1587475555
1348 57.1167093539
1349 66.5989795442
1350 53.5364265402
1351 47.6128894782
1352 54.7943990744
1353 54.9332106792
1354 55.7251237225
1355 53.4896622817
1356 60.3595138775
1357 47.7971314103
1358 60.9270148923
1359 60.5983754353
1360 45.1417075616
1361 55.2214136392
1362 43.5224268812
1363 49.6912006619
1364 43.1052936924
1365 60.6110080263
1366 46.0778840856
1367 45.4138961747
1368 45.6113987254
1369 47.656552629
1370 51.7701453044
1371 48.2948499001
1372 48.1963747839
1373 63.4350162575
1374 48.7163923916
1375 44.8892370286
1376 70.0711710136
1377 56.4584400373
1378 43.0391228669
1379 47.2739513285
1380 45.3120753782
1381 44.8957621046
1382 53.1043303042
1383 50.3659190851
1384 43.0275902349
1385 44.4434492705
1386 45.217048419
1387 41.4041349163
1388 44.1776285227
1389 42.7103048764
1390 46.3148377307
1391 46.0832670212
1392 47.7267545489
1393 51.1602661556
1394 52.2871386474
1395 49.3130703369
1396 49.4990883297
1397 54.0023898231
1398 48.2586208291
1399 50.5330420391
1400 40.6274037677
1401 45.6940907069
1402 44.8779373275
1403 44.2944783391
1404 47.0663287206
1405 58.0858838939
1406 48.164012048
1407 47.7224212275
1408 51.2977662718
1409 47.2685402124
1410 44.8302477795
1411 64.4950425108
1412 54.1592263693
1413 45.6775886876
1414 46.7344278285
1415 47.9366586863
1416 51.4166145101
1417 41.4134032777
1418 45.8292064772
1419 49.678377407
1420 54.7028291453
1421 47.2581611093
1422 50.8175009727
1423 48.7887759706
1424 51.0508570363
1425 48.815607688
1426 48.9378715733
1427 54.6841972918
1428 66.5033261925
1429 53.7147785325
1430 47.4423204995
1431 53.5377335231
1432 56.0215796333
1433 57.4813621729
1434 56.213128227
1435 49.2118165638
1436 50.9282941074
1437 50.5092114152
1438 53.5015086638
1439 59.0144537288
1440 50.5110363363
1441 63.1942357297
1442 53.3770087688
1443 55.3539466405
1444 50.6945236433
1445 56.5230975406
1446 50.0811824815
1447 52.1225659887
1448 46.8334232189
1449 52.2680155826
1450 67.7174889492
1451 50.658603933
1452 54.8880799486
1453 44.7844286285
1454 59.2798331537
1455 55.6951055134
1456 55.3181907556
1457 48.8396803474
1458 56.2199511958
1459 51.8439723844
1460 51.113907564
1461 49.8999287547
1462 83.4931682667
1463 55.6061948992
1464 47.2168235869
1465 59.1806082299
1466 50.2265403705
1467 55.9812262242
1468 49.0659483122
1469 50.2212407092
1470 54.7344600127
1471 53.0326928535
1472 58.7133047676
1473 54.9017242006
1474 81.2196839178
1475 55.131658847
1476 56.4007621865
1477 48.38307663
1478 52.449825986
1479 56.8001144742
1480 57.869996319
1481 54.6067969066
1482 59.9270343163
1483 49.7237149782
1484 52.6323543528
1485 50.0400269354
1486 51.0210439563
1487 50.9891182797
1488 40.0290441916
1489 43.9266101061
1490 54.448921195
1491 57.0640601155
1492 58.508212079
1493 48.3376295775
1494 53.2101296333
1495 60.9564031622
1496 38.5569219834
1497 51.4664135099
1498 46.9213004716
1499 52.7148918497
1500 53.6413231896
1501 46.4905655997
1502 52.8950241039
1503 51.4854239272
1504 48.7220967953
1505 46.7164386163
1506 67.262224615
1507 56.4477755581
1508 42.0111639203
1509 50.1716003665
1510 50.4245926411
1511 38.9004650911
1512 47.4109497384
1513 54.3683902213
1514 51.8229269955
1515 62.8301499423
1516 50.146664235
1517 69.3413844346
1518 45.2546599459
1519 43.891107674
1520 62.0085084114
1521 57.6933100016
1522 49.6032927707
1523 49.2896267968
1524 50.2146367147
1525 49.4038899956
1526 51.4675060073
1527 50.86460889
1528 41.1748390881
1529 53.67656051
1530 42.6356478449
1531 61.3329707204
1532 46.6513467903
1533 50.9627531454
1534 48.3338375522
1535 49.5396309452
1536 49.1715416816
1537 53.5325783614
1538 52.58992522
1539 45.4859348903
1540 51.8577150548
1541 40.877120759
1542 42.12341855
1543 50.0867699625
1544 53.3134350741
1545 47.5695265903
1546 53.980979763
1547 52.6917898955
1548 54.5141168236
1549 50.0384076492
1550 53.1325279504
1551 50.8696906306
1552 53.3259208524
1553 74.1084430433
1554 56.822144913
1555 61.8217551741
1556 43.9716791212
1557 59.5064343484
1558 55.6766429692
1559 50.6296950446
1560 65.0268252896
1561 53.2636443272
1562 59.5129214539
1563 54.0443664667
1564 59.5515848105
1565 55.442795785
1566 67.0228007239
1567 55.9313759894
1568 58.2489468493
1569 58.5743518734
1570 55.286282733
1571 48.923976586
1572 59.6986230467
1573 49.5930863577
1574 55.2071047078
1575 50.8589226014
1576 56.4604526178
1577 55.8796292839
1578 57.0181961272
1579 61.5509468791
1580 55.4205818662
1581 54.4013914418
1582 53.7179522039
1583 50.7505250344
1584 57.9012265179
1585 57.2863056205
1586 55.2715030125
1587 56.2801482335
1588 52.7777899847
1589 49.4245270509
1590 58.252248302
1591 54.6157631293
1592 75.1946435638
1593 57.7814348257
1594 54.6115424193
1595 56.9105472198
1596 61.1367859715
1597 59.2117445667
1598 61.1389319188
1599 54.8935753031
1600 55.1236600223
1601 65.5855678202
1602 54.8740897894
1603 77.6121266553
1604 48.8052420134
1605 53.9632630098
1606 57.6608140251
1607 55.8281143814
1608 55.1917621549
1609 64.4502235415
1610 67.8561255247
1611 56.4408174359
1612 50.6384844678
1613 57.3918188285
1614 49.5286384725
1615 55.0056937383
1616 54.9122814751
1617 80.6033409492
1618 72.5144657898
1619 70.5837270596
1620 69.0442661921
1621 67.8596918351
1622 58.2423135216
1623 67.2853603055
1624 65.2084849631
1625 80.2871621773
1626 64.9340666023
1627 49.5386582881
1628 45.7403624466
1629 59.0326771537
1630 82.6862598042
1631 58.3938798093
1632 63.7149322102
1633 61.9963189146
1634 66.9794290641
1635 68.3742053325
1636 83.0776264917
1637 69.8696682585
1638 81.9064811234
1639 80.3777599197
1640 69.2517826413
1641 80.51725338
1642 65.7736254871
1643 69.1442914689
1644 70.784037382
1645 69.2086228262
1646 68.1593761235
1647 92.5085449041
1648 74.6208607725
1649 67.8280594881
1650 70.7501441329
1651 62.5838531375
1652 63.2927025466
1653 92.1108848196
1654 66.8979948094
1655 67.6728597888
1656 86.3966962347
1657 78.1087714154
1658 68.7580575283
1659 61.577751339
1660 71.3632765223
1661 43.1822879225
1662 72.9087716806
1663 73.3203562104
1664 59.8042870797
1665 67.9341921741
1666 64.914903874
1667 71.6165335041
1668 85.4688442306
1669 54.0894977652
1670 66.3323631644
1671 88.3822615493
1672 74.6627343708
1673 74.5665778261
1674 81.0834413229
1675 65.7480625112
1676 78.4375307612
1677 81.176123734
1678 45.3126506125
1679 58.3434701901
1680 59.7337747192
1681 67.2150925352
1682 61.579046108
1683 49.1767002715
1684 66.7743238538
1685 59.0594499198
1686 61.7483546946
1687 48.474007802
1688 52.5327552777
1689 59.6995593791
1690 59.6230143057
1691 55.5180466798
1692 58.2680744964
1693 59.3646570491
1694 62.6819113401
1695 60.9002738623
1696 60.7801008396
1697 57.7689871047
1698 55.3498321686
1699 69.9497434183
1700 63.4408272569
1701 49.8281558256
1702 56.6047129213
1703 57.8501955396
1704 61.5371438981
1705 62.0502918056
1706 59.7051067116
1707 54.9571533822
1708 66.0584550769
1709 69.3768997836
1710 60.8969236184
1711 60.2606584039
1712 58.2385671385
1713 61.6215440853
1714 54.776775927
1715 62.7861735184
1716 61.9246932304
1717 61.7974322587
1718 59.2791850453
1719 61.7586443735
1720 64.6350374538
1721 59.047631824
1722 60.8380262209
1723 73.9874884962
1724 63.0463580662
1725 65.5363456934
1726 59.6468535306
1727 61.4110897135
1728 59.425258206
1729 60.1081667451
1730 53.2416358633
1731 52.0595630615
1732 54.7274104455
1733 50.0013475812
1734 53.6892316981
1735 57.7998730357
1736 62.0553532431
1737 60.2149164885
1738 55.4154390709
1739 63.3517719257
1740 53.3752936465
1741 54.6275432716
1742 69.1229326449
1743 47.0883854977
1744 50.8923334144
1745 47.0177425504
1746 46.0311063839
1747 46.2226303963
1748 46.3532434134
1749 57.7863076003
1750 60.9176084483
1751 52.4880564692
1752 44.9061424385
1753 43.7352180446
1754 48.4818075826
1755 45.7120565327
1756 48.3434574072
1757 50.2857035575
1758 45.0275709873
1759 43.9791873824
1760 45.1995615937
1761 42.2089381625
1762 53.3173338566
1763 43.2795016617
1764 73.6762331315
1765 40.4408568608
1766 43.1602461311
1767 51.1063347318
1768 50.2372133398
1769 46.9029904337
1770 62.7874786641
1771 46.6063785134
1772 45.7945741532
1773 45.3348626259
1774 51.3332522276
1775 45.4412887869
1776 42.6964626793
1777 43.8976702189
1778 42.2712982961
1779 44.4674705122
1780 48.1120696259
1781 59.266906985
1782 48.502459677
1783 43.7077719359
1784 49.8466323787
1785 44.3444717546
1786 56.5740633206
1787 49.7179528107
1788 52.2121211839
1789 43.022947254
1790 46.2974373809
1791 46.2468656945
1792 45.7040039386
1793 45.0850063777
1794 52.8386173378
1795 40.9080784992
1796 46.8801654141
1797 47.3455431167
1798 50.0120972685
1799 43.8408038766
1800 43.1087217526
1801 44.6079475486
1802 47.3484360665
1803 45.0360493338
1804 46.4983130686
1805 45.7151108943
1806 42.1699383454
1807 55.1828746027
1808 68.2013290275
1809 74.1808615083
1810 72.2070500364
1811 81.4690033058
1812 89.1189608529
1813 62.9325323559
1814 69.163005128
1815 81.2430939096
1816 75.6894613858
1817 79.1681995739
1818 76.4920138323
1819 87.7656225166
1820 66.2617734166
1821 71.4051066807
1822 72.0794457962
1823 66.7948795042
1824 79.3158917779
1825 68.3517306701
1826 73.024559518
1827 69.3399731057
1828 79.2815618786
1829 70.1018519477
1830 74.6887066936
1831 75.3608038533
1832 64.1149727146
1833 80.9490136935
1834 78.9907464705
1835 74.7601042766
1836 79.918298698
1837 71.3395785222
1838 80.9778614717
1839 64.7474224985
1840 67.8984707195
1841 82.1121135803
1842 74.0230638735
1843 67.594675207
1844 63.4597303623
1845 78.0300355963
1846 66.4927890209
1847 73.7683645973
1848 78.1002098122
1849 96.8176584457
1850 69.6407306826
1851 76.1691685726
1852 65.2391138136
1853 73.4771578037
1854 73.0254412136
1855 63.8101383958
1856 69.7607025659
1857 64.9419183555
1858 85.693097308
1859 83.8570836224
1860 67.6317975203
1861 80.4833414569
1862 73.1287001161
1863 72.8424968885
1864 67.152947322
1865 54.5370506076
1866 73.4308017228
1867 63.9282541842
1868 94.6655806444
1869 81.8286975277
1870 74.1898334624
1871 72.6373787055
1872 75.9548030886
1873 79.0665806742
1874 78.8805538306
1875 76.6815196362
1876 64.8588399166
1877 74.0681737357
1878 81.5851395833
1879 77.4325677166
1880 87.665269052
1881 73.8517194036
1882 64.9710385233
1883 88.0031674326
1884 87.4844008946
1885 63.9325480474
1886 70.9974533358
1887 75.0629311124
1888 72.5937643984
1889 87.3936809438
1890 72.4611185055
1891 84.6892163621
1892 78.040983763
1893 69.2944194941
1894 72.4301897701
1895 66.5555846554
1896 65.6808639205
1897 85.2578514832
1898 73.4475687454
1899 48.3770155233
1900 65.4272877185
1901 55.9169665556
1902 54.9735312403
1903 37.0958720882
1904 65.3440697154
1905 61.9765194628
1906 60.7992730353
1907 57.0835670171
1908 49.9379243304
1909 61.6763477154
1910 50.8895626567
1911 53.6218522803
1912 46.9842009863
1913 61.5403931267
1914 60.939583538
1915 57.0306071068
1916 57.1359243646
1917 49.9557400186
1918 52.0314825991
1919 52.659022383
1920 61.9621592044
1921 50.3832697125
1922 55.3819825608
1923 49.9477095768
1924 54.9904984595
1925 51.2391436679
1926 52.0495372781
1927 78.0776901288
1928 55.3550997879
1929 54.8143818317
1930 51.1684237279
1931 76.1666663264
1932 50.4970738004
1933 54.9720956217
1934 47.2286111278
1935 56.2047824659
1936 55.8879636052
1937 51.7788561915
1938 49.1629896558
1939 47.7969359297
1940 49.3308627142
1941 52.7555092853
1942 60.727132412
1943 54.7689171476
1944 48.6904055025
1945 54.2789718925
1946 56.0794905086
1947 78.778694057
1948 58.1727746719
1949 57.759298143
1950 53.2706764705
1951 62.8980119575
1952 52.3482788991
1953 50.8077017887
1954 56.3045360018
1955 62.0630741047
1956 54.8230099837
1957 58.4495698312
1958 51.5280379253
1959 52.7559133612
1960 57.0096734451
1961 60.9908427599
1962 62.2208238099
1963 58.7057898937
1964 49.728667827
1965 45.525601679
1966 49.5785055018
1967 58.7294899684
1968 60.7911353404
1969 59.2910611407
1970 49.0381024073
1971 53.6840128228
1972 50.098809488
1973 53.2953509872
1974 46.4239460861
1975 51.3937619981
1976 61.3362474632
1977 54.8073985263
1978 50.8321332236
1979 48.1857399252
1980 54.0558158264
1981 48.8352914951
1982 49.7863748665
1983 57.7114972151
1984 47.5963434015
1985 47.7641288638
1986 54.3485591644
1987 63.9861083164
1988 50.3241474389
1989 59.7901524085
1990 49.9519244618
1991 65.9398903968
1992 59.7039308544
1993 53.3504554807
1994 43.8492493104
1995 49.6116834758
1996 62.5732061372
1997 54.5791801404
1998 56.4674591295
1999 49.1015106
2000 49.4312643618
2001 56.8266805193
2002 52.6922118022
2003 47.5382545982
2004 42.6579558032
2005 53.9258033265
2006 54.0518803097
2007 46.7919548309
2008 57.1816483252
2009 65.7021760218
2010 47.786842082
2011 48.323165766
2012 52.116486823
2013 48.4371157366
2014 47.3886597507
2015 48.3686913197
2016 74.9262995637
2017 52.3973333339
2018 50.8526329957
2019 55.3684478503
2020 51.3607600895
2021 61.0014919957
2022 50.2812148888
2023 53.0430765609
2024 53.0003014113
2025 51.0884775725
2026 48.7105148973
2027 62.4870183487
2028 47.0459443152
2029 60.5956079758
2030 54.9639012511
2031 53.5840479046
2032 51.2309670824
2033 59.3681973702
2034 53.1814933245
2035 59.7708258494
2036 55.1862103059
2037 54.0241389025
2038 53.0827939309
2039 49.3615580187
2040 48.1992579111
2041 52.0283400875
2042 53.8951261963
2043 49.1944983418
2044 49.6215844997
2045 70.9675843398
2046 44.8266262076
2047 50.8378898448
2048 51.0820083287
2049 58.5218820655
2050 63.9323085572
2051 46.7025158232
2052 47.9194543505
2053 51.6358092427
2054 55.1943173319
2055 51.0726154809
2056 57.037895489
2057 53.5246675152
2058 56.0332401604
2059 52.996281333
2060 57.2628931967
2061 48.9768427806
2062 52.2942868639
2063 53.3057100342
2064 48.7796162733
2065 51.3564642957
2066 56.8597097581
2067 58.7778370664
2068 48.1574014616
2069 58.3751083385
2070 61.0148865464
2071 54.6666061001
2072 50.2863156001
2073 55.1914581418
2074 63.6624790795
2075 65.6437492312
2076 50.4658785563
2077 50.3153842327
2078 54.9517634687
2079 58.5834651071
2080 53.7646456296
2081 53.1994415859
2082 50.2579127745
2083 71.2240847969
2084 41.9453482118
2085 49.3071046274
2086 51.3281580674
2087 41.7089603454
2088 53.6684833799
2089 46.3494035435
2090 54.5184948662
2091 56.9125290101
2092 50.5372316134
2093 48.742466673
2094 54.7460653205
2095 50.7744789653
2096 55.1184179105
2097 41.332466808
2098 52.8938209598
2099 59.2686226991
2100 65.3000173874
2101 53.7043196098
2102 51.0982172966
2103 57.0602348102
2104 58.2786893056
2105 60.246965244
2106 62.3703761582
2107 64.263523848
2108 73.7550026436
2109 55.5933523089
2110 56.7698211794
2111 57.964427447
2112 51.4791331638
2113 68.8706688982
2114 61.6156422963
2115 57.7642485243
2116 58.284405812
2117 51.6951310201
2118 57.1531417022
2119 61.7821386678
2120 49.7037794511
2121 64.816081995
2122 59.6425216096
2123 65.4813758844
2124 49.7572778326
2125 49.7408822024
2126 61.3459191105
2127 56.7661635661
2128 61.2714135153
2129 62.7892512945
2130 63.3272342821
2131 44.3972120723
2132 57.6396827223
2133 47.5865560476
2134 62.0961028348
2135 61.7252510183
2136 54.4674633405
2137 66.982427854
2138 57.9630330679
2139 46.9465940009
2140 60.9755002802
2141 50.9812806423
2142 55.0636757079
2143 47.2072146057
2144 60.2766447175
2145 62.6783100243
2146 53.701898091
2147 52.6339259483
2148 60.9429261375
2149 64.2247282059
2150 59.2607179118
2151 53.2964613359
2152 52.6255249601
2153 70.4559053066
2154 47.7860736208
2155 71.8420533137
2156 45.1970832443
2157 50.0005307673
2158 56.0942505696
2159 56.5462264024
2160 52.0275376374
2161 51.0347190293
2162 45.9433872373
2163 61.4351203821
2164 57.847630539
2165 56.6895091934
2166 53.8800760799
2167 50.8591766821
2168 50.9890933026
2169 53.8645146265
2170 53.7063822145
2171 72.4600559514
2172 57.6939059414
2173 54.9841870385
2174 51.7327678765
2175 54.5233257582
2176 54.7418211924
2177 43.7212973648
2178 51.1350025741
2179 55.2848408143
2180 55.6294096042
2181 52.2353170573
2182 54.8399907639
2183 47.7617574083
2184 53.5924803788
2185 45.6020220461
2186 54.5640213757
2187 49.1018353286
2188 58.2101854261
2189 57.6426116226
2190 68.2934865157
2191 67.6697342143
2192 58.5549033292
2193 56.487126127
2194 51.6992277184
2195 48.5911372414
2196 53.8175190324
2197 53.029657224
2198 59.3296324718
2199 51.827871253
2200 45.4218052772
2201 51.5295104101
2202 61.9604762344
2203 58.6577135133
2204 52.6502304385
2205 59.9310995091
2206 53.9904663627
2207 58.30094717
2208 50.5560699384
2209 62.4247883835
2210 51.3330005103
2211 62.8247239063
2212 47.1727681001
2213 44.3001372128
2214 48.199069777
2215 50.7609879213
2216 45.7200538621
2217 58.7092185877
2218 60.1073708666
2219 42.267873676
2220 56.0672981031
2221 41.7381927396
2222 51.2690517005
2223 54.9131542114
2224 48.5389631001
2225 53.7713856597
2226 59.4386294937
2227 55.3656909702
2228 74.6603159677
2229 48.4855127138
2230 56.95656369
2231 49.5807382681
2232 52.2132130281
2233 55.5683331344
2234 53.800306574
2235 52.2826202848
2236 55.252436805
2237 54.4953051733
2238 52.544947382
2239 59.8914477644
2240 55.1151689276
2241 39.4819500514
2242 51.8403626157
2243 59.333760885
2244 46.2082944068
2245 57.6983695457
2246 66.5452624654
2247 54.0802432276
2248 56.0934849651
2249 58.6495564017
2250 60.727517926
2251 54.0393867787
2252 53.2771089711
2253 61.1925732647
2254 64.481760947
2255 59.1921044755
2256 68.2377730487
2257 54.5734542031
2258 60.7140227598
2259 48.4651374853
2260 57.3635870599
2261 58.8571282271
2262 51.2201353193
2263 56.5517468645
2264 44.659400233
2265 56.0008680449
2266 54.5817036432
2267 75.4676470662
2268 44.9651586377
2269 55.0164416116
2270 53.6801868286
2271 49.8655964088
2272 69.3762670107
2273 58.1389777217
2274 56.4671052538
2275 69.0626110633
2276 56.9651826978
2277 52.5983358448
2278 46.007609245
2279 54.9208190217
2280 59.0867300061
2281 65.7879353538
2282 52.3893291225
2283 55.8487979077
2284 58.8222881916
2285 47.8746028382
2286 48.5047466192
2287 54.7703046817
2288 74.549810199
2289 50.9186622144
2290 57.7807745942
2291 53.7204551617
2292 55.7992718077
2293 57.6609354102
2294 62.4262589059
2295 52.7563500905
2296 55.0766063157
2297 52.973221031
2298 59.626858456
2299 62.9148369319
2300 70.2427128692
2301 62.4090755092
2302 48.5952514329
2303 53.7861567815
2304 59.2133924499
2305 52.5990647028
2306 58.1480817586
2307 58.6223419155
2308 50.2696065804
2309 53.0210617005
2310 58.0025118332
2311 51.188335345
2312 53.24371379
2313 79.3829065902
2314 55.392380258
2315 51.8613353333
2316 56.4989994109
2317 59.1654122622
2318 52.5454751325
2319 57.8912559011
2320 68.7057647379
2321 56.4996481133
2322 60.2561324794
2323 60.7962929702
2324 64.5884223664
2325 52.5148837384
2326 63.028266251
2327 51.7807403149
2328 51.0286620387
2329 52.1813345374
2330 52.906050891
2331 55.3727252724
2332 57.1064443993
2333 62.0883426005
2334 51.9122924046
2335 54.5611634315
2336 53.45299375
2337 57.625767557
2338 68.9111622314
2339 52.2175118719
2340 55.4245867141
2341 63.3006583597
2342 50.7031331556
2343 51.3758291171
2344 54.9284959999
2345 58.9497151393
2346 53.0175508631
2347 58.3826944198
2348 62.9854993458
2349 46.7249029422
2350 56.161884764
2351 75.3836718078
2352 58.7248697009
2353 67.8385786514
2354 56.9166987546
2355 56.0362964498
2356 73.2990097247
2357 54.8545443516
2358 56.5344650971
2359 53.744427107
2360 52.0096949112
2361 56.5654444156
2362 57.7980747672
2363 48.7024755503
2364 56.7963790956
2365 60.3515700126
2366 55.3507627435
2367 44.4980759885
2368 64.3410717479
2369 55.1940602895
2370 70.9888221603
2371 45.6602662297
2372 53.1124360022
2373 57.9285629947
2374 54.7910898731
2375 69.0750453903
2376 59.5013283531
2377 59.5819977241
2378 56.7463882098
2379 70.4925707238
2380 60.2605929908
2381 49.4174590527
2382 53.5708199197
2383 45.1129200778
2384 53.5449168155
2385 54.3244109922
2386 57.4809510421
2387 58.5814200063
2388 51.9982823736
2389 48.1206854784
2390 63.9635455216
2391 61.52343168
2392 61.0625250141
2393 64.556453936
2394 73.2760379556
2395 60.8000123563
2396 55.8211997972
2397 53.2430694586
2398 53.636554699
2399 52.4426627517
2400 59.4150835609
2401 53.5767000817
2402 46.1589809032
2403 49.814475278
2404 57.5180789947
2405 59.4620321862
2406 42.6844520557
2407 63.0131946359
2408 63.8448745137
2409 58.3982850235
2410 53.8552100106
2411 62.3123815163
2412 49.4614338306
2413 56.1443621412
2414 48.5182054268
2415 47.3819549063
2416 53.2718421523
2417 48.6394023078
2418 59.0823488029
2419 47.1308425638
2420 34.8190869633
2421 53.8007199909
2422 44.5103220782
2423 50.0975464215
2424 48.4022368106
2425 52.5363681004
2426 44.4089833364
2427 57.6696618929
2428 51.2283001186
2429 48.1448328401
2430 48.4611893876
2431 47.05359934
2432 39.0712110964
2433 41.8351545357
2434 52.5476481769
2435 46.1944762534
2436 48.53889497
2437 47.077638725
2438 50.5034018711
2439 49.6461852344
2440 48.4789328106
2441 55.1476931943
2442 47.9549353166
2443 55.5663382109
2444 47.5294927764
2445 42.936354984
2446 49.078835273
2447 45.9321034123
2448 48.4954539333
2449 68.3256591688
2450 42.6678966143
2451 48.4975404682
2452 56.0612361376
2453 48.9518692286
2454 38.6047419411
2455 49.6858274622
2456 47.0363082043
2457 46.8406577185
2458 62.8178237345
2459 42.5019370794
2460 44.3060648796
2461 48.4190590712
2462 49.5825582694
2463 42.7617448341
2464 52.1385097128
2465 55.4304343879
2466 47.3617147193
2467 47.3830735056
2468 50.0305779275
2469 48.6938997622
2470 40.7175470699
2471 51.3579958012
2472 48.4021142805
2473 52.5996386912
2474 33.4576107567
2475 50.6958283831
2476 52.6137614294
2477 48.5850098921
2478 48.2151579368
