u s
60 34.7182448117
120 27.1055495331
180 44.6162630388
240 41.3439569856
300 42.3047759611
360 42.7311641595
420 35.8438150139
480 32.7199920835
540 46.7725367825
600 25.8936311392
660 42.865089105
720 28.0292973916
780 35.6032032764
840 26.6324057463
900 29.0544798298
960 32.6683988849
1020 38.8017175174
1080 99.4094226319
1140 26.4713605033
1200 26.7265141877
1260 34.6294706763
1320 46.5934913754
1380 43.8202246191
1440 39.052094972
1500 27.5175492278
1560 39.9350842064
1620 41.7880766055
1680 26.3814468
1740 28.6621229055
1800 49.5442632847
1860 38.3267717191
1920 44.3278853158
