u s
60 35.5592191678
120 33.4995727607
180 37.0867579539
240 27.4358190571
300 33.4931941958
360 26.5356123705
420 35.7915266926
480 36.7460404644
540 32.0411069537
600 36.1957429178
660 30.2984855561
720 35.1913844651
780 34.0492398525
840 32.4851379025
900 25.6015192096
960 43.0653911717
1020 31.959250749
1080 39.8735952202
1140 34.5653519509
1200 22.1393454686
1260 32.2610811631
1320 39.1564330325
1380 43.6872035337
1440 27.7119040862
1500 41.488458439
1560 27.7345018241
1620 42.398705621
1680 42.4140762663
1740 50.7448029341
1800 40.0377831714
1860 37.2282100078
1920 31.5577190158
