u s
60 27.7473137165
120 36.50259784
180 40.6410742714
240 50.3975551012
300 33.6812473032
360 39.2079739984
420 40.9914051829
480 39.5996089138
540 26.2391262997
600 39.2141690436
660 36.4731722295
720 48.3663691434
780 27.9718823988
840 27.2291229827
900 35.5321526006
960 42.1463267997
1020 27.7973813559
1080 49.5333402751
1140 25.9447682412
1200 28.7748942474
1260 43.22020936
1320 31.7894776394
1380 51.6169416757
1440 45.8896667189
1500 27.8928455883
1560 41.9481563428
1620 32.3140608218
1680 28.4709734181
1740 43.2137560877
1800 26.1851902475
1860 37.201712555
1920 42.4170415574
