u s
1 62.77207203
2 64.2662611407
3 54.5852100678
4 57.7543639025
5 60.2873100989
6 52.0619791082
7 63.5606904957
8 51.8610959807
9 66.5440512569
10 57.705606935
11 57.8905426114
12 62.47493182
13 66.7037086077
14 58.042843985
15 68.035998947
16 58.1944339918
17 53.8501143226
18 51.4213540498
19 174.389769484
20 69.6231141894
21 57.8120094899
22 56.1489663469
23 64.2340332229
24 60.4143220202
25 63.367877705
26 90.6116633689
27 64.1837396009
28 49.157134815
29 62.6803934431
30 64.7265450339
31 64.2666284631
32 68.6416477651
33 59.1557249896
34 65.8355270122
35 48.5361247908
36 67.3984445853
37 73.721217997
38 59.5535579286
39 58.1855488156
40 53.8371902737
41 63.8688306058
42 56.9303766141
43 57.4260186029
44 59.3462043507
45 67.3066078666
46 63.9914749066
47 58.5910089866
48 50.4843599025
49 68.0196179638
50 59.9172422194
51 53.2872546518
52 59.1146183563
53 66.7881183572
54 56.5660281142
55 155.787480977
56 64.4621566187
57 78.9454244553
58 62.1006092756
59 57.7811530727
60 60.6378311555
61 59.1258283006
62 78.0252785275
63 60.252908466
64 64.1625094816
65 78.0653751181
66 42.4422584287
67 56.9640171485
68 51.5811891394
69 133.792363712
70 51.9809325086
71 48.9534410102
72 63.4245557481
73 59.9283446623
74 52.4944348346
75 54.5499847701
76 54.315678618
77 50.5869568065
78 52.7246732069
79 50.6063823349
80 50.9264471031
81 44.3508465394
82 49.6153067394
83 54.6871793746
84 50.4543873828
85 54.9631006401
86 48.6399777342
87 52.0712248592
88 44.4242680212
89 59.6762368097
90 47.8586050175
91 51.3875770389
92 48.7239951925
93 50.9560316601
94 64.5923683383
95 50.9134293478
96 48.7608383666
97 44.9914718314
98 151.970305479
99 61.4316960633
100 50.7026287733
101 50.1574506168
102 51.8504380112
103 50.6357267023
104 53.6998011107
105 53.1269326175
106 63.0255394873
107 51.8276718181
108 57.3123920669
109 54.6332261023
110 44.4578300818
111 54.8391355681
112 52.4919449146
113 59.151648738
114 56.32008823
115 51.0371851655
116 50.3437277066
117 50.9418874221
118 52.3420729557
119 52.0948158609
120 50.8424012575
121 55.0686711923
122 47.4491564739
123 53.9249408011
124 50.1992602589
125 42.0684704404
126 51.6424782177
127 58.5560597875
128 47.7876102341
129 50.0732372102
130 46.9256968222
131 44.7325662054
132 44.7590164077
133 57.3996258651
134 51.2841118847
135 51.5304240924
136 44.7906787689
137 46.9921450191
138 44.418144626
139 48.1636600321
140 48.1271240442
141 59.3567752684
142 43.7595211786
143 43.0594663197
144 48.9623529251
145 42.8644243126
146 55.2383549705
147 45.4873337143
148 46.0621017427
149 50.4543898504
150 45.4914600073
151 60.76659796
152 46.2586216846
153 45.8085841722
154 44.2940418711
155 53.005607723
156 41.7508033074
157 50.1694392142
158 42.6959709765
159 54.6310496292
160 48.1199180982
161 44.4071346934
162 46.5491498209
163 47.7789570361
164 44.6927309469
165 48.3061225599
166 54.7895396396
167 51.81622525
168 43.6949212804
169 57.3310213398
170 61.4027232374
171 47.142611153
172 44.8110618431
173 39.559236748
174 41.1827364254
175 44.6793668208
176 48.2937497233
177 44.2804264494
178 47.5373437505
179 40.8899044569
180 49.7298775201
181 42.6045909816
182 47.7291103801
183 53.1658002863
184 51.2201559218
185 40.6080841357
186 42.0097805469
187 62.503500896
188 45.7975004376
189 53.6257967327
190 45.2268828328
191 40.0217263528
192 45.2182382133
193 46.779914984
194 45.0179602908
195 46.6079793725
196 54.1583863962
197 47.0456218145
198 51.7936068653
199 56.8013508387
200 46.1226400779
201 46.6948920184
202 48.1462220441
203 56.3799174903
204 56.6197832875
205 45.7959413205
206 47.0026963731
207 49.7642950016
208 48.0079576979
209 53.8683190612
210 52.7677217218
211 47.5351186759
212 44.9607491039
213 58.7317142282
214 43.0997217857
215 49.3862322016
216 48.4351149804
217 58.9833529777
218 48.6082260995
219 45.5808205406
220 46.9762458318
221 47.2242077754
222 46.5204227398
223 57.2949796133
224 46.3347692141
225 56.077984981
226 51.0450493107
227 63.7523315137
228 43.9605931786
229 56.5275346827
230 53.6066386796
231 64.3521955097
232 47.2641189635
233 176.830203945
234 45.7868410057
235 45.1145184076
236 194.681478158
237 68.439141679
238 46.4762918042
239 55.0867679196
240 42.6450471521
241 96.0286341592
242 50.1176422185
243 47.5171121839
244 44.7417803666
245 44.5325714443
246 48.6984474873
247 53.6381661965
248 49.3140362857
249 46.4381288373
250 92.6127711579
251 46.9363099187
252 46.4901756836
253 42.345233046
254 43.3547790841
255 60.6885030987
256 52.0424270624
257 49.5421178846
258 52.8014844472
259 48.3520706177
260 50.1976865641
261 51.8127894182
262 58.1860456374
263 120.604531269
264 52.0544045745
265 51.9826607015
266 50.6128675061
267 55.1512546812
268 56.7661244911
269 48.8254620743
270 51.2073676869
271 72.5260946134
272 56.9759958475
273 51.8726588073
274 63.0739129955
275 54.4866945033
276 54.2190383118
277 70.5648708916
278 67.8768186497
279 52.9847534617
280 52.2100707452
281 58.6322507567
282 52.3372454201
283 51.9739145065
284 55.8800955898
285 52.4719904825
286 55.0140956659
287 68.9135753947
288 53.6538425176
289 59.4726534898
290 65.1427787506
291 55.9990804133
292 54.7753250263
293 54.9848792522
294 54.7925658649
295 47.8756080614
296 55.8655312367
297 54.6560214501
298 53.4476185349
299 52.2000230912
300 52.2611923993
301 53.3377468901
302 53.5065024226
303 52.5707644645
304 51.7606741064
305 51.1443627101
306 67.3582736144
307 57.8324172103
308 50.7739700165
309 52.9667127783
310 44.8940548013
311 56.5855110028
312 55.6081697939
313 49.2213785685
314 49.9050780051
315 54.6539029874
316 62.7937296091
317 52.0070669016
318 46.0675007264
319 56.242530569
320 51.6653039735
321 49.6381451585
322 57.462367796
323 53.890900719
324 67.2190081223
325 53.9523210587
326 53.5270340827
327 47.0329155115
328 54.0168210308
329 52.4405401609
330 46.1710794081
331 45.7992366205
332 63.5537664147
333 47.0536315809
334 45.746373206
335 43.3204300811
336 52.1853276505
337 40.7549981521
338 60.2582186543
339 44.3390534684
340 49.1974634368
341 63.8079108137
342 51.7710342197
343 45.3619230961
344 46.4046068869
345 43.5068739006
346 43.782670564
347 46.2759704147
348 48.8444186627
349 58.835502274
350 54.1263122798
351 44.6197872385
352 45.971936642
353 45.2033702326
354 45.0891280112
355 46.6221374086
356 46.2048410851
357 53.9031605535
358 45.4203493643
359 43.4323705072
360 46.5947719115
361 49.8576018372
362 52.8443836151
363 46.6957033192
364 57.3278727065
365 44.3648583854
366 46.1410737434
367 54.4879990524
368 47.2112887348
369 51.3737027059
370 113.729235564
371 61.8281200525
372 51.4378149081
373 46.4917071924
374 48.1086617868
375 45.4777298312
376 45.2603711598
377 55.5715228053
378 44.7590878064
379 48.2334545621
380 44.0598572461
381 47.7256693813
382 46.7105643624
383 54.1744722464
384 44.8748491553
385 46.6033417252
386 51.4282273467
387 47.2035896178
388 46.8137550024
389 48.3886718442
390 43.5556299384
391 52.1370179565
392 52.5910208389
393 45.9896776615
394 50.2956992965
395 47.0924264806
396 49.6408004825
397 56.917396593
398 54.9550168302
399 61.3994624888
400 49.1164113392
401 50.7520865718
402 48.9672241384
403 54.6546718441
404 57.5904333346
405 54.2103283001
406 56.230982961
407 50.7472921312
408 40.9304982225
409 53.75990734
410 55.7073334089
411 51.6294813468
412 53.7062466852
413 61.5693827293
414 51.5109508196
415 50.9708241652
416 45.8859919345
417 49.4197691118
418 42.4784682864
419 50.953972938
420 51.1284577209
421 65.201991504
422 49.7782431136
423 75.8535471374
424 56.1027750194
425 57.3838972536
426 51.3321214476
427 54.5284146922
428 49.8332681268
429 50.7066505832
430 48.7114762002
431 48.7923297337
432 45.6558680852
433 47.4900756009
434 56.1114299089
435 55.3964903849
436 51.2017256173
437 55.702383767
438 52.374625155
439 49.5793691207
440 52.4709574317
441 55.2400854292
442 46.5693629083
443 55.0768088776
444 49.7526791315
445 46.4507462337
446 51.7855465616
447 54.6135905561
448 53.3400813474
449 49.7248359378
450 55.9453592437
451 52.8892461047
452 56.689337982
453 64.1980494894
454 96.778440598
455 50.4049220133
456 56.8038459745
457 65.08552078
458 47.1853145628
459 40.8533048322
460 47.9693670384
461 49.3048779666
462 47.2057511259
463 54.1395159715
464 47.0220021975
465 64.1009042887
466 63.0317857983
467 47.7068003762
468 53.103860002
469 56.825414872
470 50.6197568883
471 63.5304984155
472 58.8992639705
473 47.6802752013
474 47.5953908286
475 46.473003271
476 47.5605620786
477 56.5336984319
478 48.5484654885
479 56.8196394481
480 52.9671708139
481 50.2956190167
482 49.3386622556
483 47.3041855221
484 47.7500257151
485 47.4137959323
486 44.5116924148
487 58.4226146875
488 61.4025420317
489 46.73588252
490 118.776680714
491 55.7000315538
492 46.5024208851
493 52.2217898211
494 47.3726532949
495 51.1805231675
496 50.1300260865
497 52.0826716104
498 69.6864121163
499 50.1964743865
500 57.7469464987
501 49.5396988345
502 46.3586015213
503 47.5761312075
504 51.6803701133
505 57.812611627
506 46.8258099307
507 50.5120202919
508 51.1580689561
509 49.504224468
510 46.8598697901
511 50.2715820858
512 48.1532377149
513 47.0530535194
514 68.8987413419
515 55.1968719221
516 49.3937163069
517 48.4920530137
518 51.9893955899
519 54.9138856785
520 49.7661286241
521 48.4459746296
522 49.1526759428
523 52.445071663
524 48.2235760329
525 52.8041804184
526 55.4374519959
527 57.508622022
528 46.9397807301
529 54.6589610159
530 46.7303012938
531 49.0501099073
532 50.9333581286
533 56.4099124952
534 46.339533549
535 46.1765982243
536 47.9431208513
537 47.60863788
538 49.7532085549
539 44.7431924841
540 46.9113406276
541 60.2198421993
542 49.9495749397
543 48.020917815
544 57.866843882
545 49.3340203111
546 54.8795510528
547 50.2014235402
548 49.3050276563
549 45.5584789352
550 49.3953761042
551 49.7311558122
552 49.7461815111
553 50.1223908075
554 57.1344060375
555 43.2775489685
556 63.1394851413
557 122.635250596
558 54.6724416956
559 49.0405874602
560 51.8743445683
561 53.60870174
562 133.990019187
563 41.4729378998
564 49.1283345447
565 46.507985183
566 49.3836044303
567 51.1758448403
568 49.2009441199
569 47.0942102932
570 56.1759577616
571 51.1543799221
572 48.272025092
573 47.5286692593
574 56.6772435972
575 63.8652839124
576 64.587205255
577 59.8223636427
578 48.1200320169
579 46.7123216804
580 44.5021265965
581 45.7935925446
582 52.2567031776
583 56.0349680476
584 50.011872363
585 60.2454185909
586 57.3592909122
587 69.8640425533
588 52.4410961567
589 66.7038194397
590 59.0624185793
591 50.7422544543
592 52.6443988472
593 53.3549421011
594 63.1496355029
595 51.0458994246
596 60.3170753827
597 58.2957530995
598 55.9265166335
599 55.0129012134
600 63.2364918961
601 53.5040418723
602 55.2859703295
603 50.7140395107
604 54.0892821014
605 50.2315414804
606 49.46527945
607 58.3276495443
608 58.2207876608
609 55.4491114673
610 117.604103635
611 50.2775474364
612 52.2161964103
613 62.1300303535
614 46.8486847678
615 52.7955157369
616 58.6210890302
617 76.5798557489
618 55.0561646821
619 65.0932048852
620 53.9095775565
621 53.7628891582
622 58.2665470937
623 53.3818749511
624 53.7876083441
625 53.0366537252
626 49.210360057
627 49.9725418893
628 50.7809136399
629 52.6924287045
630 51.0332998676
631 61.9203467361
632 59.0288755838
633 66.7149616766
634 63.5647430286
635 52.3050023226
636 52.7418090523
637 60.2896000932
638 53.1488835798
639 52.369442684
640 55.302570391
641 52.3228217135
642 56.2715339077
643 54.6094667674
644 53.4287043992
645 58.1110376039
646 55.294554369
647 47.8270782024
648 56.389898959
649 52.7228681597
650 53.7299081969
651 44.7175616449
652 39.6854176194
653 49.1665761036
654 47.6478964645
655 48.5372911098
656 55.9073363312
657 53.0243418015
658 51.2467096768
659 49.0508060608
660 48.2076834516
661 44.3055185946
662 45.3797682477
663 42.6147203951
664 45.7418822367
665 42.5194334013
666 48.4405853723
667 57.8582141525
668 47.2690669494
669 43.1035718726
670 44.8090540737
671 52.4692391627
672 47.663811918
673 47.5408764553
674 45.0178437296
675 49.3866734937
676 48.4549604804
677 73.4148841576
678 44.6991763287
679 47.9983135846
680 49.629778759
681 47.4486963171
682 49.5838066728
683 47.0048468108
684 96.0032058595
685 41.6819217765
686 48.1430370059
687 48.0182620746
688 51.33583674
689 45.5215255566
690 43.8776398375
691 46.2277076375
692 48.2469181112
693 50.4967530902
694 46.0165745325
695 44.5717720984
696 47.5885338962
697 45.2419356015
698 54.1151996377
699 48.2201239529
700 58.2111862727
701 50.2848112315
702 48.8967809983
703 42.1602640583
704 45.701245407
705 52.9397122399
706 42.0135996705
707 43.7149612945
708 52.6518012095
709 57.8356851479
710 48.4458501299
711 48.0106057352
712 48.5691741184
713 44.8208199348
714 52.5873683659
715 50.7754809574
716 55.4707824555
717 51.9120397115
718 61.0184135104
719 71.7181479304
720 54.4427095003
721 64.0907503001
722 52.5707797815
723 56.192718436
724 58.9354564405
725 72.1192306215
726 65.1923109471
727 54.4020580422
728 59.1307054402
729 70.4180916829
730 52.3213878941
731 56.4164958846
732 51.9926458936
733 53.6062476805
734 56.1589293349
735 71.3756218616
736 56.5793892214
737 55.0945917431
738 60.4305570527
739 66.6495412698
740 59.1779302009
741 61.4538941192
742 77.7094300427
743 50.5468373437
744 62.2126559405
745 61.0131209804
746 58.8470868338
747 55.0230407181
748 61.8766047196
749 59.1676692487
750 56.1681532473
751 62.2050129448
752 54.620377593
753 54.8605168384
754 54.4786144578
755 138.881295291
756 58.4168273838
757 51.0340200762
758 70.2449447956
759 49.3920667565
760 50.9152107798
761 55.4245456477
762 63.2753158103
763 59.4464813529
764 55.7332116807
765 56.3309039127
766 49.7054674524
767 60.6519328937
768 70.9632625154
769 57.8670063695
770 56.443236004
771 53.3453557071
772 49.8469842873
773 61.3037391613
774 57.3636305057
775 67.5898315164
776 50.0834912162
777 50.918408088
778 62.0174721555
779 67.1299545301
780 47.4693358218
781 63.7100375544
782 44.871492528
783 47.9504996073
784 57.4162749571
785 44.8722124125
786 47.9953610135
787 39.4592219061
788 52.3501526957
789 59.2555264702
790 53.9835031762
791 51.8032193492
792 57.1415928583
793 42.5544974552
794 49.2052057109
795 49.5346025529
796 58.2791020472
797 52.3715874919
798 55.5347390144
799 56.2472173217
800 45.2257141994
801 51.3155704677
802 52.3512791594
803 46.5539546422
804 51.4416850866
805 45.1387710856
806 52.9829728925
807 53.3690391014
808 53.3568158731
809 52.9683232696
810 46.852154906
811 68.7159929235
812 79.6190013346
813 48.295403328
814 49.9275716011
815 57.3265925087
816 48.1377447713
817 50.371598859
818 45.2320423776
819 47.799773012
820 56.2588594754
821 52.9495725527
822 55.5660025448
823 57.4205245047
824 52.321376469
825 58.815649737
826 52.6298849818
827 50.8707773677
828 51.1821543281
829 51.8628936683
830 58.9672386852
831 52.4507627364
832 45.4887793094
833 47.496875187
834 52.5227523007
835 43.6951031111
836 51.6925211304
837 52.3151590648
838 53.5961341017
839 52.0178572284
840 53.4047921792
841 56.9813754302
842 53.6543823085
843 45.4899174773
844 41.3772022176
845 64.9025260877
846 61.5349295915
847 64.6483367322
848 62.647065715
849 69.3454216721
850 59.3644077387
851 66.4879017051
852 64.1684386326
853 63.9910646444
854 54.0922456878
855 63.6090626141
856 61.7069873499
857 65.0289595076
858 55.4425590415
859 53.5501042689
860 64.464991053
861 58.8958463426
862 55.7675405977
863 64.4028417106
864 62.8118326691
865 58.9725325599
866 61.6844153213
867 49.54917896
868 67.6451511522
869 65.2707367738
870 63.3142933811
871 49.7429210746
872 48.8306773534
873 73.7981479172
874 50.1623289494
875 52.6940977154
876 66.4327840136
877 69.7502571496
878 59.6309298131
879 51.1252818467
880 52.7652127726
881 117.977807017
882 64.3139468297
883 75.6888213208
884 60.4156927939
885 59.925364269
886 54.4609712023
887 59.2303350078
888 62.7228177855
889 52.5844925577
890 58.7533626062
891 55.0611936406
892 47.313561803
893 57.2152617218
894 65.5805647858
895 64.4984055997
896 63.1847508794
897 59.6204175074
898 49.6636431727
899 62.6901739349
900 62.1463929684
901 55.8313329675
902 71.3685615999
903 56.447531417
904 55.7221742605
905 63.7732769737
906 65.6396536203
907 62.4787855903
908 62.5989543637
909 75.4653128414
910 46.1922096909
911 57.6783878488
912 58.6565680848
913 51.8615829688
914 53.9466703566
915 42.0607141937
916 57.1740392837
917 52.0992975428
918 48.7218053745
919 91.8719229792
920 48.5531749447
921 51.2463631876
922 52.9014956344
923 42.7042796798
924 51.9618893288
925 50.8008596643
926 47.1154336645
927 52.5176352174
928 51.7682389932
929 46.6018280395
930 53.4260870851
931 48.2604348717
932 57.6438332233
933 48.9886217427
934 51.8154516163
935 43.9803358491
936 53.4565881881
937 50.716293604
938 52.7509301867
939 50.9821452051
940 51.1980513884
941 50.4619043829
942 51.9922490737
943 51.6862235607
944 50.9914221397
945 58.9339326456
946 42.8574342325
947 49.945804272
948 51.6976010685
949 44.5983373958
950 58.0541139627
951 46.7255288722
952 51.0552714777
953 47.4557278163
954 52.0276621719
955 56.4551110086
956 51.5579460188
957 73.5613403531
958 45.6894975267
959 52.1555172923
960 42.8665536837
961 52.2419435175
962 51.3314827824
963 57.4252565064
964 55.5088303412
965 45.8624582377
966 49.5866271958
967 52.0625659892
968 46.7783839043
969 51.1179096074
970 61.6379824569
971 52.60031209
972 53.4279425566
973 51.5575433661
974 53.4832386795
975 48.7403050507
976 49.1239094866
977 69.7146668548
978 51.6673031132
979 50.1898323846
980 40.8726897338
981 46.6002656038
982 47.1124764459
983 48.6881300705
984 47.1812804177
985 50.2211740527
986 46.4970267812
987 49.9403955077
988 50.6478792721
989 55.788747336
990 55.2568102164
991 61.1187869176
992 52.6260671796
993 62.7294790605
994 46.9805365405
995 46.2381432083
996 45.8041277858
997 49.6911715697
998 49.5095009144
999 48.7160890399
1000 56.1233686832
1001 53.2328663715
1002 57.2380604262
1003 45.335599388
1004 50.8087847005
1005 56.1113840303
1006 47.82458137
1007 45.7187521361
1008 47.6666295708
1009 49.4395358224
1010 52.782842808
1011 45.2793740257
1012 52.9480322608
1013 58.6978452437
1014 47.5705561956
1015 64.5152653047
1016 52.7332722248
1017 52.8968300299
1018 49.3679203488
1019 40.7761232247
1020 59.6652178419
1021 83.6773243614
1022 50.4997115445
1023 49.7686473067
1024 47.0631953222
1025 52.2655604653
1026 44.2750728043
1027 59.2787695458
1028 56.0923533559
1029 48.4282506865
1030 45.6676178089
1031 50.533490152
1032 42.1834483779
1033 47.8217033552
1034 51.6310650097
1035 54.6350262483
1036 49.7190941226
1037 51.2177418682
1038 42.7953012142
1039 49.7762785769
1040 42.303588998
1041 54.3539264958
1042 66.5414503844
1043 48.6632060376
1044 45.9408094068
1045 57.3300935546
1046 49.9942206767
1047 54.4287465098
1048 48.2921379979
1049 46.5675036672
1050 52.3186551867
1051 49.4201849083
1052 45.1910068434
1053 43.5282555914
1054 51.5842939759
1055 50.657640077
1056 53.5102738018
1057 48.4212512212
1058 38.2052989279
1059 49.0018599769
1060 49.0571473558
1061 67.1480958229
1062 52.1502394477
1063 58.2509045107
1064 46.9561518304
1065 50.0041717904
1066 46.4256082307
1067 45.0635720654
1068 49.5652238116
1069 58.4513327155
1070 51.2097605697
1071 50.6093510752
1072 44.3243978921
1073 47.3622400178
1074 52.6654374167
1075 93.6387512938
1076 41.6986188584
1077 47.0041290891
1078 50.1007428536
1079 49.3074639543
1080 45.6763102481
1081 49.8479429555
1082 49.8203552757
1083 53.0067794529
1084 48.6549466914
1085 53.9379842884
1086 49.607262844
1087 51.8582496026
1088 46.12292197
1089 45.708632611
1090 48.8219125427
1091 49.5054815811
1092 50.4443949248
1093 60.2005968778
1094 53.0622353898
1095 44.0502366471
1096 55.9696478496
1097 46.6488915415
1098 50.4480987187
1099 44.0924106067
1100 41.8501704298
1101 47.5029839636
1102 47.3879548479
1103 45.6543390761
1104 56.4414281416
1105 47.8225435351
1106 47.0472249916
1107 48.8894742195
1108 44.9671869234
1109 47.685888639
1110 52.875518272
1111 50.4292019703
1112 47.8707912038
1113 47.3127600731
1114 52.5366991972
1115 55.7364499547
1116 54.2790291919
1117 98.0327211432
1118 45.427909199
1119 52.4269878737
1120 49.0413463723
1121 56.1501411811
1122 51.9838956954
1123 46.4243350737
1124 49.3984574136
1125 43.012374238
1126 43.927997135
1127 53.3039041718
1128 46.9647704028
1129 45.5166769658
1130 45.3086060198
1131 45.8987819825
1132 50.0020995934
1133 57.4951442402
1134 50.2687043589
1135 45.2671436376
1136 47.18314541
1137 49.8767180632
1138 48.8202564192
1139 56.8112251818
1140 56.9206638299
1141 47.1344252209
1142 44.683592112
1143 46.4597906544
1144 69.855223095
1145 57.4760956117
1146 47.0115065336
1147 47.3768056835
1148 55.5863400399
1149 48.1288492474
1150 45.6427539256
1151 57.9662650405
1152 46.2254728458
1153 43.3597006746
1154 46.8040736725
1155 43.0994789668
1156 46.6157031338
1157 53.9857504602
1158 47.1373738494
1159 47.3699712863
1160 47.8575753733
1161 48.3764137812
1162 49.3726057422
1163 42.5967962599
1164 48.1536226074
1165 54.5155607125
1166 48.6007559974
1167 48.571416985
1168 50.4189337075
1169 59.6888876043
1170 62.1124245317
1171 51.7903322593
1172 45.1725754229
1173 42.4361241062
1174 45.2422786275
1175 48.7736974558
1176 46.5851553771
1177 50.8969674743
1178 40.98221986
1179 57.4962729128
1180 51.5148157764
1181 51.1613104368
1182 47.1596508535
1183 48.5291832203
1184 47.8412327016
1185 44.0693835984
1186 47.1839144082
1187 45.6910279722
1188 47.1560797111
1189 58.31515468
1190 46.3889320716
1191 49.4639381941
1192 45.8431388423
1193 47.6655659983
1194 47.9982956699
1195 48.0649278504
1196 50.2778172741
1197 47.0901903002
1198 45.2956738598
1199 45.011388675
1200 71.9681712813
1201 44.1182013074
1202 38.2049355722
1203 52.609997897
1204 47.7319186948
1205 62.8679600727
1206 46.4472425346
1207 48.3935295947
1208 38.0043848188
1209 50.749212675
1210 55.9865234251
1211 50.5304701916
1212 43.1649789257
1213 61.8754984704
1214 54.2217676026
1215 53.7789434407
1216 49.0756586176
1217 105.0996302
1218 46.16047412
1219 103.569945818
1220 51.7392152653
1221 47.809628194
1222 46.9849782406
1223 46.71881503
1224 50.795936466
1225 46.567444049
1226 45.4998361445
1227 51.7920913139
1228 60.1012235704
1229 47.755725227
1230 55.942480854
1231 52.7611136246
1232 52.5153061433
1233 49.6751074938
1234 48.6541927397
1235 60.5511160128
1236 48.814602374
1237 48.9045238081
1238 49.5996718475
1239 56.4303686726
1240 63.2388601859
1241 44.9202840722
1242 49.3342752445
1243 53.1925510959
1244 49.6930977474
1245 60.6850140358
1246 62.1582463414
1247 55.0456679693
1248 47.4177361643
1249 52.0584692493
1250 45.9027101823
1251 49.9883839143
1252 49.2752208492
1253 48.6089235904
1254 48.935950106
1255 61.0062523478
1256 48.7068959702
1257 49.0623366134
1258 45.8585037384
1259 56.960287474
1260 142.921520141
1261 66.7696478648
1262 52.3014165598
1263 48.1648313994
1264 48.9742819021
1265 47.483125085
1266 44.9666814509
1267 50.346829647
1268 48.7241647672
1269 57.6373464468
1270 52.7848927015
1271 55.6667433148
1272 57.2844792744
1273 48.0940243735
1274 55.9607490223
1275 54.2799251787
1276 46.2145771629
1277 52.7033742358
1278 47.8385897888
1279 47.9221402148
1280 45.3390346984
1281 57.7822326496
1282 49.1113276877
1283 44.406611989
1284 46.4180752941
1285 62.5147184681
1286 47.9324953537
1287 48.1692536059
1288 49.4314725859
1289 52.06760891
1290 49.4077485989
1291 70.2419801182
1292 46.6522484787
1293 63.3370118159
1294 46.0095303734
1295 50.4577641257
1296 54.4255445231
1297 48.2876845165
1298 55.3481118837
1299 50.0033679605
1300 55.6924777776
1301 46.5628099958
1302 47.1977959586
1303 134.991046127
1304 52.6071177376
1305 48.4350003506
1306 46.0280094213
1307 59.8147894288
1308 50.491259569
1309 47.5473080172
1310 55.0176080639
1311 48.4787583676
1312 60.5100971927
1313 48.3618269057
1314 48.2085814168
1315 49.5129009407
1316 64.1048733272
1317 47.3455236915
1318 49.9575184425
1319 75.6510185466
1320 52.9763009729
1321 50.8924801365
1322 51.1365843311
1323 57.6532542181
1324 57.4685844903
1325 50.6661344359
1326 65.0179092805
1327 53.2587323986
1328 58.0311044031
1329 46.5135210417
1330 52.0924788452
1331 56.1137154091
1332 43.0464290902
1333 129.912520039
1334 51.0404292115
1335 45.4206243586
1336 48.3617627287
1337 49.6881622764
1338 44.9858329264
1339 49.776629664
1340 53.468089025
1341 46.1515758226
1342 51.6523650655
1343 41.6106962261
1344 47.3040572134
1345 47.2039433882
1346 65.3422582744
1347 54.8385698126
1348 51.6597868247
1349 51.6045063003
1350 50.1806470805
1351 44.6515486414
1352 48.8267861155
1353 51.7603754296
1354 58.075802291
1355 52.8186220148
1356 58.5906599237
1357 49.3597101885
1358 52.7057614855
1359 55.3677599614
1360 48.4402031732
1361 50.1257433722
1362 51.3358372706
1363 42.4010885003
1364 49.202728396
1365 60.8566332292
1366 50.2062970215
1367 55.7450115519
1368 50.6650553772
1369 44.9652064376
1370 51.8868779216
1371 47.363293059
1372 48.6342397275
1373 65.9877350338
1374 51.8455276739
1375 49.7012025758
1376 109.136692612
1377 60.8044468152
1378 45.1518113845
1379 45.6929441736
1380 49.9334305525
1381 45.3747714196
1382 54.4977752666
1383 48.9015275258
1384 45.0059718514
1385 48.872305539
1386 49.6028769127
1387 48.6397440764
1388 49.4815489563
1389 44.1757281682
1390 41.0044862285
1391 47.916113566
1392 48.8581160791
1393 44.9548443719
1394 49.1246827165
1395 46.7434074893
1396 47.2627481737
1397 46.9514571848
1398 54.6446919062
1399 57.9545283299
1400 43.6593483622
1401 49.5877464992
1402 50.297879847
1403 38.2111003878
1404 49.20201552
1405 56.6081755213
1406 47.4683187318
1407 54.9383124616
1408 49.5170412626
1409 44.352690207
1410 55.3260025026
1411 54.4903934522
1412 57.9837516586
1413 48.7859525693
1414 55.680140815
1415 49.3443992653
1416 55.5139951013
1417 42.0546489243
1418 48.7032036471
1419 49.1638954456
1420 46.6434430086
1421 44.9410863847
1422 51.659753782
1423 50.7519562529
1424 49.2759714259
1425 47.5782140143
1426 48.7121185805
1427 52.3298799378
1428 58.1969171266
1429 48.6301181645
1430 54.0915746225
1431 46.5806780469
1432 48.884067578
1433 47.7987889736
1434 52.2120091247
1435 45.1019289299
1436 50.8843630013
1437 49.8159646199
1438 46.1753637729
1439 56.8967437535
1440 63.4416150759
1441 58.6130997672
1442 48.2072243018
1443 52.4319510256
1444 53.3414880685
1445 50.2311429405
1446 47.3972761912
1447 49.0887251852
1448 48.0831716365
1449 48.7720695248
1450 63.4571982684
1451 51.4927089259
1452 128.316424133
1453 60.4416977377
1454 57.4120452673
1455 58.3464706319
1456 48.7897224657
1457 54.829608205
1458 51.2357076694
1459 47.2511787009
1460 46.0709341903
1461 48.7361946249
1462 84.0994165053
1463 51.8517911264
1464 47.6631823097
1465 54.6376840675
1466 49.0165923156
1467 63.7493630149
1468 48.8932631918
1469 49.7578969112
1470 55.2815444915
1471 47.0959031345
1472 54.2815620113
1473 48.0024073711
1474 79.9859703903
1475 48.8902698507
1476 51.0437496203
1477 47.8809054159
1478 48.1962348569
1479 47.6251743398
1480 50.523102923
1481 55.9511056449
1482 50.0491985014
1483 50.4326756393
1484 64.4280004392
1485 48.9888806309
1486 49.039176542
1487 48.4479470098
1488 49.6795628925
1489 43.115542827
1490 52.9067275997
1491 53.1251669129
1492 61.805415566
1493 49.3018154254
1494 47.8946791112
1495 55.6143606985
1496 46.2444104749
1497 49.2477461173
1498 52.6833307787
1499 46.611626804
1500 55.2940279103
1501 58.0071042441
1502 50.5879338146
1503 46.0284881882
1504 47.5602201492
1505 44.8052373102
1506 52.6261469192
1507 60.0349829829
1508 48.9742696435
1509 49.198055512
1510 47.1969498876
1511 41.4173311878
1512 50.3669692663
1513 55.3101828979
1514 49.9282927861
1515 66.1575146102
1516 47.3033057258
1517 115.052144466
1518 48.0433749169
1519 57.5253761002
1520 59.635805668
1521 54.2812445666
1522 47.7295395438
1523 48.8333012581
1524 46.4226339481
1525 48.686753516
1526 49.5789788722
1527 48.842171217
1528 50.1151153175
1529 61.2066748937
1530 46.7936369666
1531 61.9423919864
1532 41.5354140534
1533 49.7894209444
1534 59.7879197133
1535 47.2129579527
1536 57.8424171545
1537 50.562468996
1538 47.2459857752
1539 49.4522492288
1540 61.8663411297
1541 52.8750084583
1542 52.7358576596
1543 47.6778725554
1544 48.4421328064
1545 49.8964114301
1546 52.2193900508
1547 50.3412479727
1548 49.7364873988
1549 46.702432032
1550 48.8635575004
1551 53.4861658734
1552 48.0863889016
1553 57.932962033
1554 49.796268169
1555 53.0341732536
1556 54.4015389107
1557 52.773441501
1558 49.8856028578
1559 50.6244204982
1560 64.4702585735
1561 47.9373578359
1562 54.217728094
1563 49.978331054
1564 56.4310371988
1565 50.1962584357
1566 60.6859429186
1567 58.3006618451
1568 52.8115777164
1569 53.2326396762
1570 46.0574107124
1571 58.8412237364
1572 61.1909856226
1573 51.2635807423
1574 47.9753739824
1575 62.6520235717
1576 49.0470435975
1577 50.9436750144
1578 56.3161499052
1579 58.6571222751
1580 49.2315442801
1581 51.1272447291
1582 47.995617597
1583 45.462297055
1584 51.0992439309
1585 52.1354702895
1586 52.8375987989
1587 52.7725881538
1588 50.9969097543
1589 54.2788592234
1590 52.9053131278
1591 52.3249518533
1592 63.1350004632
1593 54.6747064745
1594 49.4159757347
1595 49.3877502504
1596 51.0941973978
1597 52.588178276
1598 54.7183877904
1599 57.1443531946
1600 50.0609541244
1601 56.7689716929
1602 47.7933169843
1603 123.778924228
1604 48.2562904994
1605 63.8901111172
1606 49.9243519792
1607 47.7211418853
1608 48.924922219
1609 139.544316594
1610 64.9963755571
1611 51.26006425
1612 56.5741324678
1613 46.054531937
1614 48.2106209986
1615 50.5911512914
1616 51.2166671305
1617 83.2034506784
1618 70.8203968939
1619 74.4889656263
1620 72.1541111683
1621 73.7584674447
1622 54.7417113091
1623 63.7513157938
1624 65.346315623
1625 74.1973994342
1626 66.0928841318
1627 56.1935240063
1628 65.1838650271
1629 60.7356178641
1630 84.7253978584
1631 57.9784492068
1632 62.6866394289
1633 60.0440265302
1634 64.3938309853
1635 64.248238073
1636 76.0857049746
1637 64.4356280437
1638 82.2707592486
1639 74.5021601662
1640 74.602196196
1641 77.5309160475
1642 62.6019377754
1643 77.1017508589
1644 72.4548668592
1645 65.9038375518
1646 65.4929986029
1647 86.742510073
1648 69.5674467018
1649 65.5564224456
1650 63.0752603665
1651 59.2180899316
1652 63.283832307
1653 89.9691015674
1654 63.0565371954
1655 66.1935921612
1656 84.8633975009
1657 75.0154114237
1658 70.6613870809
1659 58.8293550634
1660 71.6966678057
1661 56.6777806878
1662 66.6179752562
1663 76.4460725795
1664 63.7906078337
1665 62.605320496
1666 65.1432060966
1667 63.5071818515
1668 73.2512462367
1669 58.4432192494
1670 71.9761998325
1671 84.9360950286
1672 71.4090328732
1673 69.2882810359
1674 78.7324990753
1675 64.8986891494
1676 81.000465005
1677 80.1286229268
1678 47.837655376
1679 56.7435186449
1680 52.9703884162
1681 61.9325536392
1682 54.0557193016
1683 44.1113708483
1684 63.0975813003
1685 55.5724376857
1686 55.2707599069
1687 50.1319588033
1688 58.5422660088
1689 56.5077836618
1690 55.1297858028
1691 49.4174849357
1692 55.9766323261
1693 65.8034078751
1694 60.5847050739
1695 51.3069776186
1696 62.0706280097
1697 55.9792351534
1698 52.091853824
1699 64.9620392916
1700 58.1965629172
1701 45.2552511309
1702 55.3180797424
1703 54.9938662145
1704 57.4964845912
1705 51.9198440742
1706 58.5979294302
1707 49.6521646813
1708 58.8289604034
1709 68.1721567199
1710 58.3363089473
1711 56.8380651756
1712 56.4683832021
1713 55.7776758683
1714 47.5251054319
1715 57.4686655723
1716 55.3040419031
1717 58.0533674129
1718 51.0138819456
1719 56.7102851677
1720 94.0639655813
1721 55.0837218982
1722 53.4936886856
1723 57.5951770867
1724 61.0465278307
1725 64.3939186032
1726 56.9763951954
1727 56.1121069079
1728 56.8976409107
1729 59.3066503366
1730 51.4687290908
1731 50.5615485143
1732 59.1221119151
1733 48.8431739187
1734 50.6716195639
1735 51.0836220402
1736 55.3757758208
1737 59.2488432468
1738 54.1954584366
1739 57.9893895
1740 53.4735912772
1741 50.3962367036
1742 58.426998264
1743 46.7749655377
1744 55.4918652815
1745 50.8173953232
1746 54.1138061055
1747 52.6494656502
1748 45.4197280166
1749 59.0193096387
1750 66.5477410143
1751 46.1156880464
1752 40.4062966712
1753 50.4950351192
1754 49.1027267795
1755 44.9083412432
1756 50.0653268006
1757 58.2132758487
1758 44.6402294974
1759 48.2366803707
1760 47.4549807125
1761 44.9030686768
1762 47.9810559017
1763 51.0354245864
1764 122.208119592
1765 45.126693091
1766 47.7614963307
1767 55.4155861538
1768 48.0887058992
1769 50.7295034623
1770 52.1527873895
1771 51.2664605126
1772 45.8870205938
1773 50.3885204828
1774 55.3694783692
1775 52.2290832913
1776 51.4108198616
1777 47.4430704719
1778 47.8879672931
1779 52.0310654487
1780 54.1688149849
1781 59.8463674928
1782 44.5507774614
1783 47.1871427076
1784 59.3564224292
1785 53.6176200121
1786 59.3994548596
1787 55.494282307
1788 50.1603149811
1789 49.3719500312
1790 52.7761018279
1791 50.1257454108
1792 45.066122804
1793 55.700844677
1794 50.3779332783
1795 45.9858199214
1796 46.4417408683
1797 50.3870559158
1798 50.3971661375
1799 49.4301870466
1800 47.4441163899
1801 45.0023789084
1802 49.8305433989
1803 44.2237894269
1804 51.3254279174
1805 53.4398907489
1806 47.4703009834
1807 61.2318445673
1808 63.8387514533
1809 67.8552307433
1810 68.7271250022
1811 76.159835361
1812 83.6429358522
1813 59.4737451955
1814 64.8378534576
1815 74.8589818535
1816 70.4678517929
1817 76.0512223374
1818 70.1480372206
1819 83.6658710897
1820 63.2659820496
1821 66.4613924375
1822 65.4570613897
1823 61.1550120926
1824 78.2580998577
1825 66.109466172
1826 68.8395212556
1827 66.3194792262
1828 76.1239576184
1829 63.3158376314
1830 67.786259281
1831 71.1511719361
1832 60.2277961776
1833 76.4258868273
1834 76.5281073416
1835 68.0083799638
1836 75.6290592326
1837 68.2182101663
1838 75.9104538948
1839 62.918258533
1840 63.0174116003
1841 71.6031475143
1842 72.7160076758
1843 66.2834328761
1844 60.6075935075
1845 69.5578278756
1846 63.2078174569
1847 70.4603398583
1848 71.428059864
1849 91.2441024884
1850 65.4629766039
1851 73.5026103667
1852 63.6023924841
1853 69.3140376976
1854 68.4409634481
1855 60.6653293466
1856 64.5076707546
1857 61.6000313877
1858 80.6673604935
1859 79.8444452308
1860 64.3165106972
1861 77.438042548
1862 66.5207426923
1863 67.1131876564
1864 65.4054322773
1865 52.5812417646
1866 68.8209529379
1867 61.331746333
1868 88.2264387697
1869 78.4206082789
1870 69.3018472912
1871 66.7139818549
1872 71.8044111818
1873 72.0878634609
1874 72.7990974318
1875 69.6073500375
1876 63.46331571
1877 67.3218355741
1878 77.6441658102
1879 69.3684723991
1880 83.0658853583
1881 67.0467851527
1882 63.3662683248
1883 82.2663305243
1884 76.1824986927
1885 61.3734734414
1886 66.2819485349
1887 69.330726227
1888 67.0959420764
1889 80.1820064276
1890 66.1204293942
1891 80.2776692589
1892 74.8201814249
1893 64.1103489045
1894 67.2484571775
1895 62.7793959516
1896 62.773971739
1897 81.8254482238
1898 70.4755520505
1899 51.156370286
1900 66.7208995579
1901 47.2717577291
1902 54.3882126176
1903 70.7320641966
1904 61.7388306186
1905 56.5842892109
1906 63.0154817593
1907 50.0587491728
1908 51.4869051672
1909 59.980127762
1910 59.4542595457
1911 50.7918683725
1912 61.1479656953
1913 64.1667332802
1914 54.293991766
1915 55.0280449291
1916 57.1517650832
1917 57.5577296612
1918 50.4062523661
1919 51.3253080059
1920 70.7017765967
1921 54.2750865386
1922 60.6752383462
1923 50.9772573955
1924 51.6180725383
1925 53.057634984
1926 51.1711261061
1927 126.173843424
1928 55.4205914334
1929 52.0216217674
1930 51.2365110121
1931 151.864948509
1932 50.1814549687
1933 52.5794409703
1934 50.7258040681
1935 55.3936611384
1936 59.2607557691
1937 51.3265682928
1938 52.0495865236
1939 51.0334469824
1940 53.1424103156
1941 50.4043406502
1942 58.5200107238
1943 51.3193238175
1944 69.3522528164
1945 53.5072355144
1946 53.1221089046
1947 78.9216238796
1948 52.6091956066
1949 59.3953853612
1950 59.2084722002
1951 59.2725267713
1952 52.2123543659
1953 52.598027027
1954 50.3661509425
1955 59.6657112012
1956 55.3750263218
1957 57.5091231732
1958 52.7880295469
1959 51.6673170093
1960 55.2142256072
1961 55.2681817307
1962 58.2194970196
1963 64.7859482624
1964 47.4690984512
1965 46.8502381625
1966 50.0653282012
1967 59.1210705092
1968 53.4660830243
1969 49.6920776649
1970 46.3767073342
1971 48.6577097665
1972 48.6273830401
1973 49.0442317265
1974 56.572646774
1975 55.1129512926
1976 58.8680324863
1977 52.1646933436
1978 47.9506222085
1979 44.570087873
1980 51.4903060823
1981 48.743391129
1982 47.0756607917
1983 61.8014488919
1984 50.8185309662
1985 57.1780037523
1986 45.7132562899
1987 63.1381015814
1988 47.0336811477
1989 58.420668317
1990 48.2113592738
1991 73.9044690086
1992 58.3507780389
1993 51.0557442241
1994 46.2289923569
1995 45.8061545819
1996 53.1564938457
1997 51.8706554926
1998 53.7644050866
1999 66.7813897282
2000 56.8350564679
2001 49.8604077095
2002 53.0499380541
2003 48.5784532291
2004 47.8909977916
2005 130.562677134
2006 57.9987999446
2007 51.9444938739
2008 52.7883414155
2009 61.6956150862
2010 48.3231048522
2011 47.0459651724
2012 50.8997733256
2013 42.8239525288
2014 47.0609927821
2015 52.0165218749
2016 110.091881165
2017 49.3683811145
2018 52.2482694714
2019 50.9220088448
2020 48.438613645
2021 55.0904343882
2022 54.2615774337
2023 56.2018315445
2024 53.2879957389
2025 48.7782127889
2026 45.747336061
2027 57.4275309739
2028 45.4989373978
2029 56.588450166
2030 46.8497376301
2031 51.4221528235
2032 48.110299325
2033 90.7799503088
2034 49.3868477349
2035 50.0177870714
2036 53.7075886539
2037 48.8097699848
2038 47.5805619491
2039 50.8868704114
2040 47.3405841828
2041 45.4982507848
2042 54.0197116294
2043 48.0603266098
2044 48.1792620134
2045 69.5146296884
2046 45.9248878459
2047 52.2692997677
2048 45.7025085439
2049 50.6111248385
2050 60.4367822131
2051 46.9346192392
2052 48.2192375908
2053 53.0927541275
2054 45.2584469754
2055 54.1831966191
2056 49.3787324937
2057 52.7095796465
2058 47.3521367247
2059 51.7894875829
2060 55.6887403382
2061 52.4444652841
2062 45.6008590257
2063 49.5838377734
2064 52.1519141066
2065 45.3845988968
2066 49.9657136191
2067 49.5202954043
2068 48.4832175227
2069 48.4214476922
2070 58.3229930517
2071 49.9334750714
2072 43.3546677185
2073 57.4437700216
2074 59.2299499253
2075 62.5274852582
2076 50.6717498436
2077 57.3111415665
2078 62.3888731493
2079 53.6922498374
2080 51.2593345959
2081 46.3778421172
2082 49.4611831807
2083 56.3177869094
2084 49.6981071963
2085 45.6313011232
2086 51.5970460452
2087 45.7156366148
2088 46.6087598817
2089 40.9717924919
2090 47.0955892222
2091 60.9464948851
2092 51.1856304881
2093 54.1777405471
2094 55.8007181297
2095 47.0438505457
2096 48.7896621481
2097 42.2585679104
2098 56.6400541802
2099 49.8862799003
2100 63.6048910099
2101 45.5619460344
2102 47.8623092245
2103 50.3081347047
2104 57.1569362978
2105 52.7881060423
2106 53.3086268118
2107 52.6754016363
2108 65.0606832728
2109 50.8481138921
2110 50.5905699259
2111 47.2684377752
2112 43.2084019762
2113 60.6896340111
2114 56.1396079572
2115 49.9385499379
2116 60.2030088362
2117 50.4229259229
2118 49.8018934613
2119 48.2690214229
2120 41.3457008883
2121 54.454442186
2122 104.443473725
2123 53.0715320161
2124 60.1795845179
2125 48.4466416828
2126 47.4058110619
2127 54.6941460196
2128 47.7326335852
2129 54.0023037935
2130 53.392552432
2131 51.7732325524
2132 45.3570842771
2133 45.9840649799
2134 48.4761153916
2135 49.9896443324
2136 48.8865142284
2137 58.8715078992
2138 46.8794902606
2139 43.3030271422
2140 48.3097058631
2141 47.2111542554
2142 48.871487172
2143 46.2830687787
2144 50.8148739057
2145 51.2815351023
2146 47.6581156423
2147 51.0870076795
2148 53.3141213631
2149 49.9541003401
2150 52.4323052834
2151 46.4614847373
2152 46.3286051791
2153 62.4921068643
2154 50.1660795704
2155 60.1689116635
2156 39.4360366821
2157 44.1052582957
2158 46.7076918248
2159 63.0992227453
2160 53.0365261492
2161 44.423325061
2162 50.6111941582
2163 57.5581142984
2164 55.396749292
2165 53.4596898041
2166 53.4139680903
2167 51.2626708367
2168 52.108988126
2169 53.5706091921
2170 49.421991753
2171 75.6251249547
2172 55.0294675719
2173 49.4747621072
2174 50.966820736
2175 54.3970754858
2176 49.0897228721
2177 42.7578628721
2178 53.3521632335
2179 53.8065874617
2180 47.5908881389
2181 57.0072811326
2182 52.7123922944
2183 47.4132333215
2184 54.9236170063
2185 44.9250183716
2186 48.1093158281
2187 47.2914497555
2188 49.9734848053
2189 49.9848870939
2190 53.0767285542
2191 63.5261589719
2192 55.8772434605
2193 51.5957585857
2194 52.472156718
2195 49.1581262051
2196 47.04720935
2197 53.601773584
2198 49.4971864967
2199 42.2485387512
2200 49.1344722946
2201 53.0421103497
2202 61.8594409931
2203 48.6061642833
2204 53.157452097
2205 60.8151910415
2206 54.7007865302
2207 58.2988625726
2208 52.566853278
2209 54.5531642661
2210 51.2523865558
2211 53.3579754161
2212 44.5130413145
2213 42.8782088815
2214 49.1562550561
2215 46.5110249481
2216 50.0464349923
2217 98.2327385595
2218 53.9452072625
2219 42.612279617
2220 55.6485937336
2221 40.3962333767
2222 52.3076960962
2223 55.5737995738
2224 39.9641208243
2225 44.9097628059
2226 51.4412566961
2227 52.9172852272
2228 119.298686997
2229 46.7519251784
2230 50.2871923677
2231 42.8451967287
2232 47.9839155636
2233 41.7208295219
2234 50.4439384781
2235 48.4693599737
2236 46.5287368944
2237 43.2144322785
2238 52.7175508836
2239 45.5294463405
2240 50.1707125411
2241 44.757890224
2242 53.6062703991
2243 47.3420946887
2244 43.1320077817
2245 51.2769594348
2246 64.5660991935
2247 47.8835461152
2248 48.9550039679
2249 42.9167076708
2250 49.5079170978
2251 46.5860213622
2252 43.6524705874
2253 45.1830598872
2254 59.3295787641
2255 56.8757848884
2256 59.6688676901
2257 42.9194085611
2258 50.9041240057
2259 45.4514815699
2260 46.2378625554
2261 48.9397402635
2262 48.1879849862
2263 47.7910558357
2264 38.5350785926
2265 47.5125987377
2266 57.2605548693
2267 51.0824372157
2268 40.5591377428
2269 42.5759800155
2270 42.9635135132
2271 45.8192783068
2272 54.4307411492
2273 45.1545915974
2274 47.4570798988
2275 60.6336552394
2276 54.7780973547
2277 42.6978836121
2278 43.3525167398
2279 45.1679569934
2280 52.5191301805
2281 48.6358670352
2282 45.1312662098
2283 41.656993134
2284 43.6203829899
2285 50.0236083937
2286 43.3049244558
2287 44.2860025452
2288 62.6388617735
2289 55.6225288386
2290 56.2285891302
2291 54.1533942288
2292 66.8606228049
2293 56.9250126223
2294 67.7604438832
2295 52.4575004914
2296 61.1205375774
2297 53.9517187804
2298 51.4755668211
2299 71.7096879527
2300 61.3023289094
2301 65.6995814358
2302 62.220793983
2303 55.0126045964
2304 58.9921099272
2305 52.4925693236
2306 55.1095519681
2307 56.1381335898
2308 51.9842825556
2309 57.3588499001
2310 64.4208530178
2311 54.8807943327
2312 55.6651878425
2313 124.170713244
2314 66.8315459542
2315 52.4113871692
2316 62.20280279
2317 60.61601855
2318 53.4848451743
2319 68.4716140148
2320 59.7430213746
2321 54.5226394821
2322 61.2267385571
2323 59.7935386228
2324 58.335063176
2325 51.0997058591
2326 66.5502733122
2327 52.4704435248
2328 53.486868637
2329 54.9080887346
2330 56.4488414955
2331 54.1086003406
2332 61.7690343275
2333 70.2480545564
2334 55.4998776188
2335 55.402304259
2336 51.5258072628
2337 53.3759337604
2338 53.4051383083
2339 50.7164691008
2340 58.1151286903
2341 58.7887190633
2342 54.2291079224
2343 51.0557659769
2344 59.2736842398
2345 60.4714086462
2346 57.6537392377
2347 62.6950575325
2348 57.9151784989
2349 54.0529468217
2350 54.908893198
2351 72.1974952531
2352 61.9586005356
2353 61.7198349528
2354 46.2403183307
2355 55.7454114246
2356 65.6333633497
2357 48.2159883323
2358 47.0662249048
2359 48.5881329532
2360 46.6125336793
2361 46.8190574106
2362 45.0645476001
2363 56.5523829036
2364 45.8695044201
2365 46.9764005407
2366 44.7607089125
2367 37.9416799629
2368 50.5299248295
2369 47.6061575466
2370 80.8170529839
2371 41.3282406307
2372 56.2756936378
2373 51.8034977318
2374 47.9393094383
2375 60.6127902421
2376 47.861214487
2377 49.6947296476
2378 43.2994605659
2379 65.0503111121
2380 48.4608824629
2381 44.9396317168
2382 46.1716075635
2383 44.5391373307
2384 47.2338181071
2385 48.6613328487
2386 49.9715113214
2387 50.2174838918
2388 44.6876053516
2389 43.1985422088
2390 52.396119209
2391 49.854400424
2392 44.5249365006
2393 58.6735822863
2394 49.2268645043
2395 50.9263060801
2396 47.2363491282
2397 42.8872900062
2398 48.6338631254
2399 43.4678806689
2400 46.0934734517
2401 47.9872826183
2402 45.8363494372
2403 43.1526295732
2404 50.1452538174
2405 47.5752706063
2406 43.8661926661
2407 47.1516557987
2408 50.8435626397
2409 45.0663393679
2410 48.0909637681
2411 53.5877404637
2412 48.0779477752
2413 45.9821504693
2414 42.5622005535
2415 46.9869785374
2416 52.5011766407
2417 46.1147170568
2418 51.8243384863
2419 43.6591882867
2420 45.5912394539
2421 48.810393892
2422 45.368765959
2423 45.8347959689
2424 44.8819860345
2425 48.6952647309
2426 48.7939399221
2427 49.6264931966
2428 46.3319462574
2429 45.5862566225
2430 43.3501535391
2431 52.6047897375
2432 46.2345107548
2433 42.9129046306
2434 44.9910546722
2435 50.1246405964
2436 45.4150876027
2437 44.251304999
2438 47.1860155165
2439 46.0053566698
2440 43.7373918537
2441 48.3252543241
2442 44.3654825228
2443 45.6332999111
2444 44.6036943106
2445 43.417805762
2446 41.3246418811
2447 52.0252581105
2448 54.7599044131
2449 61.5208309119
2450 43.6967646046
2451 44.9510835652
2452 54.3721949045
2453 45.1940927259
2454 43.4203071553
2455 49.8573481106
2456 43.5681040251
2457 44.439364537
2458 73.1564029741
2459 48.2640611195
2460 40.6236684415
2461 43.9123107455
2462 44.8147424789
2463 37.7166965025
2464 42.869113248
2465 51.4009866847
2466 55.4510005833
2467 45.0161820082
2468 51.2511930596
2469 45.7077505408
2470 44.5727143917
2471 47.7214312011
2472 43.8804411659
2473 48.422178299
2474 98.3919558514
2475 48.9311532387
2476 46.904863139
2477 54.522749543
2478 44.9412315884
