u s
60 37.2331130991
120 38.3239248498
180 36.7842806108
240 32.4911831801
300 26.7535516637
360 45.8224317127
420 25.6688109535
480 33.5567781395
540 39.6301057165
600 38.6372045991
660 40.2020003769
720 35.4465080935
780 34.8014837854
840 34.2003194992
900 33.4497401544
960 37.1830463128
1020 38.3951322082
1080 27.5253650405
1140 31.2459541583
1200 37.0717743403
1260 43.3180779221
1320 42.8889820411
1380 25.963597025
1440 40.564293935
1500 30.50457355
1560 25.5929160072
1620 33.2641037206
1680 37.0993621308
1740 36.8557930668
1800 25.8924881116
1860 28.5188523671
1920 25.7703930683
