u s
60 52.3022403942
120 46.4195092981
180 42.9602913331
240 34.2250136457
300 38.593018198
360 24.4523052622
420 24.5016506518
480 35.1728983748
540 41.1174082251
600 42.1191665884
660 49.5089697618
720 35.3990059663
780 27.4330034459
840 26.15011662
900 34.083585075
960 59.4477643875
1020 50.4614666961
1080 38.978042125
1140 38.0654666709
1200 27.7716837817
1260 34.6609574933
1320 37.2577607289
1380 37.1307326866
1440 26.2407599075
1500 47.8591039935
1560 37.8848412648
1620 27.5213752928
1680 43.251540193
1740 33.6763150488
1800 46.2454447015
1860 38.3960570323
1920 45.0577867799
