u s
60 35.6785549258
120 24.8470486665
180 35.4952962392
240 36.2444882103
300 37.3644980948
360 25.0190110072
420 32.6770631887
480 31.874060003
540 37.4237533668
600 31.6117298734
660 38.4029304276
720 35.7809471835
780 41.4211419526
840 40.9824629372
900 27.0836452343
960 45.4213241669
1020 32.3915107306
1080 31.4364096489
1140 26.0297323675
1200 37.1182598806
1260 41.4010329239
1320 35.1234074147
1380 42.6575873507
1440 31.6725042191
1500 37.5164193077
1560 35.0975324228
1620 27.1827001424
1680 42.6225813776
1740 33.4037802835
1800 24.3297818631
1860 38.7371163996
1920 35.0221108778
