u s
60 42.651662946
120 38.9891734603
180 52.8225418709
240 27.3120813346
300 27.2379787763
360 61.7624172726
420 60.6935393914
480 28.271424129
540 46.1357567825
600 38.9705289673
660 57.0291144393
720 68.1720658554
780 26.3018650167
840 27.6230553274
900 36.3947036585
960 62.8460513778
1020 56.9301113102
1080 36.8653148206
1140 37.2010533757
1200 42.7089584534
1260 26.9296118673
1320 40.5697425649
1380 38.3491418894
1440 26.3332877669
1500 37.8762368153
1560 50.7622858733
1620 27.9700954312
1680 29.5976658738
1740 40.6333499683
1800 29.3140096935
1860 37.2869022473
1920 34.1955201109
