u s
60 24.8579304182
120 39.0870477683
180 30.8344758638
240 31.0826828221
300 38.8457448562
360 30.5814076967
420 57.9989038425
480 41.1226847049
540 23.9784752932
600 35.8419117919
660 22.5768124104
720 42.4931733612
780 36.8769632099
840 22.0072843815
900 36.1005230176
960 25.010415972
1020 38.1973786473
1080 35.8428412361
1140 38.2461445148
1200 45.5993260268
1260 25.4901972259
1320 47.2579562138
1380 32.5019032351
1440 52.0573579156
1500 35.1980423525
1560 95.9829776823
1620 94.762247457
1680 24.1564660576
1740 23.1119039675
1800 23.0003731632
1860 49.103597665
1920 22.0971188731
