u s
1 83.1235762173
2 74.3791341329
3 74.3112783116
4 63.5940823165
5 59.7666289682
6 68.3508172631
7 65.9183819879
8 58.9353816315
9 69.5395122963
10 62.5674243443
11 65.9905755512
12 64.9245701378
13 72.0503552964
14 63.883552212
15 67.6757012219
16 60.0992685333
17 73.4369824398
18 54.9303783639
19 171.93828595
20 76.3486597605
21 62.1407538151
22 61.2702246765
23 65.5479910939
24 61.0024837989
25 66.1660284665
26 45.555337146
27 68.844437532
28 67.1953570507
29 79.4608836649
30 66.0935154216
31 63.2192095677
32 75.5684735218
33 61.4268820143
34 66.8504640364
35 58.7176442633
36 66.9145943115
37 68.9692471625
38 60.7583792317
39 67.2780332166
40 69.1582598703
41 60.6095910645
42 57.6317012499
43 63.1118116401
44 62.3005962259
45 67.4234442529
46 64.0935367166
47 61.296363226
48 62.4498377486
49 74.2829959745
50 59.3649166639
51 64.3820659122
52 62.2536144952
53 63.168817679
54 58.0282010067
55 150.884398244
56 68.5162116079
57 73.305072929
58 67.1836597662
59 63.5684204335
60 65.7240816915
61 62.9717172445
62 77.7976401616
63 66.2823978441
64 66.5812906647
65 82.0920310191
66 51.65121364
67 60.1571719629
68 55.3926091123
69 20.0579365276
70 52.8609725165
71 70.3542729777
72 65.3894280293
73 73.011986241
74 58.2039066811
75 57.0250173436
76 51.168634854
77 55.2117948955
78 51.3038222069
79 56.7847796922
80 56.5135811818
81 47.7141127828
82 56.7353230209
83 59.5330176096
84 54.0142884906
85 58.9617512201
86 52.2840627033
87 52.7474564498
88 47.0887475722
89 58.4621676345
90 67.8564932016
91 57.2087715556
92 56.3209443577
93 57.1434754068
94 62.3734962685
95 59.3105256506
96 53.6099343463
97 48.1187697486
98 7.13393216202
99 73.2865186239
100 52.6291854622
101 53.1606972494
102 52.6464269758
103 55.4696933433
104 56.3228237925
105 54.3291268942
106 55.2704201948
107 47.7477956342
108 54.5718874395
109 53.6950618096
110 47.161049608
111 53.5461454904
112 67.7385105777
113 58.9894906114
114 59.0188785841
115 51.5285249817
116 57.0531341565
117 53.7738215672
118 51.6483133709
119 52.9711169667
120 58.349827317
121 58.3724315238
122 54.1376934946
123 56.1806081545
124 56.9716782464
125 54.4540851556
126 54.0727185319
127 62.8601736242
128 49.8235266314
129 58.0186934162
130 52.3195665433
131 55.3304965662
132 54.0784620489
133 55.7516991326
134 59.9802447647
135 52.7220037721
136 54.6504661274
137 52.588089971
138 52.2660914753
139 56.8495235107
140 51.8655116573
141 52.3225441633
142 52.514559208
143 54.9239833944
144 60.3985372977
145 62.4102803082
146 73.1862063209
147 51.414641179
148 53.3143280534
149 63.2904337008
150 50.4300810464
151 69.5272703773
152 53.6283872599
153 51.8341415842
154 62.7883145513
155 57.5432111979
156 59.5823376158
157 59.2944189999
158 52.2485955788
159 55.5872250826
160 55.0961011159
161 53.5714860327
162 56.3387611426
163 51.5211571132
164 52.2976127074
165 62.4050869901
166 56.6445506251
167 68.5352704493
168 50.5144688127
169 64.7292293094
170 41.6019472398
171 52.8105535301
172 52.5871510968
173 62.474387531
174 54.2434196906
175 54.5228911593
176 50.8819773824
177 54.2677525382
178 56.9948983345
179 54.9514285409
180 55.0076046618
181 60.9865669852
182 56.8257924418
183 55.9594176713
184 78.9968036174
185 61.5009372324
186 59.9817443313
187 43.0422326489
188 51.5117020118
189 70.3499238668
190 69.5959848075
191 66.8706325379
192 57.7348170866
193 60.0902824679
194 53.449824206
195 54.5905633686
196 61.6194721317
197 61.3425370173
198 61.9451220726
199 63.6998028823
200 54.5928329854
201 56.4022310237
202 61.3374917243
203 62.2915838368
204 58.94800828
205 61.6181131416
206 54.7657523006
207 60.2423522766
208 57.5997661669
209 67.8218614084
210 61.5274872932
211 64.1669604631
212 66.1772929328
213 62.9927058038
214 64.0924103502
215 57.9921271516
216 59.4251768088
217 63.0812904052
218 54.9656902373
219 60.2746725654
220 76.4835291825
221 58.8488024751
222 55.4311084347
223 61.1634842326
224 59.7743368017
225 63.3670974967
226 55.3457709712
227 78.8844383149
228 56.5713769749
229 78.5233460213
230 58.9326867522
231 62.5144848737
232 58.2971544684
233 172.848477493
234 59.3128893983
235 55.1887526784
236 190.60659609
237 68.28975831
238 54.7280019905
239 60.8555826212
240 62.7450982116
241 45.6000614343
242 58.1715684009
243 66.8781313711
244 58.5069934995
245 51.901078972
246 54.154194566
247 58.0594408503
248 57.2104513314
249 60.2763392524
250 43.7740090789
251 53.981725304
252 56.1142800751
253 61.9005612856
254 61.851388714
255 66.3804410827
256 56.4429477423
257 58.4909091305
258 59.592118531
259 63.3558288533
260 58.0381618172
261 60.314177356
262 53.1359094061
263 33.4326114451
264 53.7638338616
265 47.4691626774
266 54.9141982143
267 54.2555936382
268 78.6732183169
269 49.887730521
270 61.0158279111
271 63.8881910072
272 57.4224479564
273 52.3916021684
274 65.755402609
275 54.6157583577
276 53.8254987998
277 75.8640874014
278 75.6991521637
279 52.7044633348
280 50.8653109633
281 56.3205372113
282 52.7991878982
283 50.4941952795
284 57.7071785371
285 63.4670728051
286 56.478758156
287 63.6783766367
288 53.9129975231
289 55.0589010193
290 58.9888115369
291 66.2828018986
292 54.9658512597
293 55.8083184341
294 65.5582285166
295 50.5950120388
296 50.6410415393
297 48.9307104352
298 51.1767687505
299 55.5158005209
300 65.6164445508
301 51.8180983685
302 51.4862664647
303 52.1038900447
304 47.0356456288
305 49.0356896584
306 73.7692472958
307 55.553002872
308 51.9596119022
309 49.4434761849
310 49.0266398453
311 53.4676333189
312 53.2829821267
313 56.3329006869
314 72.2325614753
315 59.6756981036
316 61.434306662
317 50.7567775523
318 49.9510804718
319 54.7349363
320 61.3303128732
321 56.1566141817
322 58.9894002877
323 53.8565913594
324 81.0507759153
325 50.1921788534
326 55.1531737382
327 49.7159991049
328 53.2202195969
329 54.1266077171
330 47.6296870314
331 50.9439688419
332 61.0687613515
333 60.7912759583
334 50.3273419104
335 52.8973933331
336 51.6289389169
337 49.257114599
338 65.5056080287
339 49.179449831
340 68.3802315376
341 51.4692367736
342 45.9346674862
343 50.7978060773
344 50.8768209619
345 41.049640459
346 50.4780338043
347 50.7815715712
348 50.8945070308
349 51.4426470477
350 71.8472248332
351 50.2625688485
352 55.3315592256
353 50.1596264719
354 53.6934075285
355 45.9315199307
356 49.258253307
357 49.6780906463
358 49.4207221744
359 51.2855483645
360 51.3649143782
361 50.8412164148
362 50.948406195
363 51.1186191294
364 57.0556287528
365 50.4289270673
366 48.6785901569
367 57.9858309833
368 50.1620623633
369 44.6470807276
370 23.0504728055
371 61.3146957884
372 69.6286189572
373 48.697918945
374 48.3709132344
375 54.1322265486
376 53.43923568
377 70.7835117433
378 67.6433518288
379 52.7909605767
380 53.5553408326
381 48.5266905718
382 52.6075641458
383 50.8153041881
384 55.7370815393
385 50.6246021511
386 51.9297525534
387 50.7692103271
388 45.7747414999
389 50.9465848688
390 50.3986232803
391 46.8473858798
392 55.0404769095
393 57.4241317148
394 53.4013588191
395 51.7812429977
396 55.7532317061
397 48.935581147
398 63.7093865968
399 60.5830088017
400 47.225602058
401 49.672300322
402 73.800255631
403 51.1785368721
404 60.8246807506
405 53.4199711159
406 59.0305133462
407 55.7915692402
408 53.1648848939
409 47.9371639034
410 62.2263377146
411 47.1856469156
412 50.9109235866
413 69.0264954326
414 53.8247799756
415 55.7012989977
416 56.778631719
417 57.0047241881
418 50.7111141667
419 58.0930415342
420 49.0110677038
421 50.9006715775
422 52.6799739471
423 67.9025601612
424 55.7289226687
425 56.3694656241
426 54.3408678032
427 48.6092192923
428 48.4003018614
429 60.0108583746
430 49.8059664878
431 64.3914045037
432 63.3340457193
433 63.0765371518
434 66.2563683502
435 73.5886185338
436 53.9386898497
437 73.895045964
438 67.8503323036
439 64.8763134565
440 45.83494532
441 58.0908867967
442 51.1390790523
443 51.8838251708
444 64.3097850191
445 60.3102610265
446 46.7491383926
447 48.750753475
448 47.6651194991
449 58.6770779217
450 56.8248522115
451 46.1765874682
452 77.2917107808
453 58.5486310945
454 43.6488451979
455 50.4289488724
456 50.9884172142
457 69.8794343924
458 48.6005609642
459 51.2052269231
460 51.7745815937
461 48.9102722231
462 43.2990858983
463 54.4873019915
464 62.8612871315
465 73.014374011
466 56.7083283765
467 52.6355669443
468 50.1706879671
469 57.4284723255
470 50.1783512696
471 59.0442991403
472 56.1139728978
473 48.7892486806
474 48.6954313435
475 45.44154064
476 49.7633389942
477 55.5376975884
478 48.8876692475
479 74.664000773
480 50.380576757
481 49.9124212401
482 53.748307907
483 47.2151664464
484 49.3184694873
485 43.5203364836
486 49.3775538952
487 52.9957315145
488 45.5180105956
489 59.58678276
490 33.3747865317
491 52.7863825882
492 47.0657771971
493 54.7484017421
494 49.652296332
495 52.7191584801
496 49.0995944286
497 48.5820476978
498 64.2205701966
499 60.1323890437
500 52.0813485876
501 47.4639388096
502 49.1153403145
503 52.0580361623
504 51.8950419725
505 50.2868284632
506 51.1244459232
507 47.1706701498
508 50.182457109
509 49.7241317664
510 49.7953807679
511 52.6651085975
512 49.5661910302
513 47.2143825282
514 52.1555716063
515 45.6378229117
516 49.8491381142
517 49.7238076389
518 51.2625494872
519 74.3000185717
520 53.7787079479
521 54.1474058636
522 52.1468595961
523 56.0339545269
524 52.0804146776
525 52.7099384898
526 61.1071607519
527 58.0852946681
528 49.3011014788
529 75.2038978313
530 57.2363881484
531 54.1086889097
532 51.3163959894
533 63.4831589989
534 68.1903500528
535 46.0549678667
536 54.0208239939
537 52.2512499189
538 57.4657774673
539 48.5821617117
540 52.6582930916
541 53.1398273866
542 55.3334121639
543 50.9388039083
544 52.0889340877
545 57.8008454151
546 61.3848929668
547 76.6252314408
548 55.7733458888
549 49.1921482462
550 55.6116604446
551 52.0921279801
552 54.2918065677
553 54.2202329665
554 58.9212851105
555 51.180983578
556 68.4415484653
557 40.8523391749
558 55.311201954
559 55.6033515773
560 57.1951578105
561 54.95446951
562 15.4634225146
563 56.3243718169
564 62.6873939818
565 58.2280108728
566 53.7325111917
567 56.9870116414
568 52.7744884769
569 46.3493689726
570 55.2710193222
571 54.8823950105
572 55.349482173
573 62.97218914
574 71.0048139375
575 62.9058712192
576 58.7812707075
577 59.4295255278
578 49.3392654907
579 51.6079118828
580 54.5601696553
581 54.9673853984
582 52.4125654215
583 51.4892116601
584 54.8661469341
585 69.3021902088
586 62.1649600436
587 80.7638945176
588 62.8287601036
589 66.6270277153
590 72.991548534
591 56.5144419269
592 63.3103380893
593 76.0399062753
594 66.5193488118
595 59.4414025768
596 63.5145013591
597 63.2394928404
598 58.4596902155
599 62.6358370638
600 64.820607349
601 59.6099867186
602 60.8848673072
603 57.4628989782
604 60.7113929226
605 63.1146690746
606 67.5433017826
607 66.70197861
608 66.4150331151
609 63.9407766957
610 31.4173462427
611 56.5657111653
612 57.688107471
613 76.0800754296
614 57.6322026577
615 60.3706402148
616 63.2847561224
617 77.8896399114
618 61.2784059986
619 58.2858673914
620 64.086471712
621 58.3939348683
622 62.5673292162
623 59.1642246715
624 59.5578113919
625 59.6369405365
626 69.6673042735
627 66.348761138
628 59.8555540042
629 57.8789855319
630 59.2691564094
631 65.4276654514
632 61.5266868533
633 68.1715619773
634 71.7948060204
635 57.7372599077
636 63.0181303514
637 66.2451682798
638 58.6601523735
639 62.1596349712
640 61.9104129074
641 58.012020289
642 62.704301564
643 59.1196645099
644 61.3911181456
645 65.7607349621
646 72.0842384992
647 55.109721936
648 68.4591219311
649 60.9588467311
650 71.6730461009
651 60.4761059637
652 54.0901412385
653 54.9219823629
654 48.430314538
655 53.4230307331
656 50.376479912
657 53.5667440886
658 56.3648542887
659 57.6386356277
660 63.354840792
661 57.2757130551
662 53.3613281498
663 52.3051438041
664 52.4048948407
665 46.2529216864
666 55.3684167075
667 78.0804143291
668 49.895894985
669 65.4336376235
670 61.8184850703
671 55.5279735429
672 66.7785593608
673 51.6881145247
674 66.190998431
675 54.9453614981
676 51.0353841528
677 63.8286709932
678 57.4554538993
679 51.0378069038
680 50.5704586007
681 50.0983791822
682 54.8573640898
683 49.7942927964
684 42.4475386676
685 50.7894844225
686 50.5727066144
687 53.5293644916
688 61.1988081455
689 51.9439904222
690 51.2762161013
691 50.8629429872
692 50.4784218492
693 57.8547113028
694 48.9152164357
695 67.3898452145
696 56.0667545947
697 49.1728617921
698 57.6763892288
699 48.2181099883
700 59.4825811182
701 55.1479652945
702 50.6984294267
703 55.0160466546
704 49.6447886483
705 62.8352924637
706 51.794999686
707 53.6260932682
708 68.2074462777
709 56.4333912011
710 49.6199306888
711 51.5851826308
712 51.5144744191
713 54.2718685064
714 75.7952872226
715 62.1084499207
716 49.4248329157
717 58.7751343766
718 60.0482267061
719 44.5069423793
720 57.7374808935
721 61.162971909
722 60.3142803711
723 44.3900424461
724 61.7554067304
725 73.5570086155
726 59.0186423024
727 59.5420447091
728 54.1657653585
729 62.4789798439
730 54.7449373477
731 59.5877492601
732 59.5122817996
733 50.8306194612
734 59.8200739397
735 60.4161488635
736 51.3945012418
737 58.512160295
738 79.1239821341
739 48.8887575148
740 73.2819369322
741 62.4300897466
742 62.6236228862
743 59.4690536944
744 58.2118203855
745 64.4893043258
746 60.0287979499
747 58.75918497
748 64.9900196569
749 62.3683777629
750 63.5975210285
751 67.958110878
752 61.5041258766
753 51.6329738508
754 62.1688102913
755 32.419008651
756 45.5693002764
757 54.0871100772
758 58.2907726731
759 54.0433759502
760 56.4568977228
761 56.0647027139
762 50.2710685072
763 54.7897954873
764 59.797401704
765 61.8956002795
766 55.8803422219
767 62.8807841022
768 70.9389328071
769 60.3502729065
770 61.395396083
771 60.3362259197
772 57.6413665316
773 64.660254897
774 63.4997637931
775 51.6479494703
776 58.0058942775
777 56.9046581278
778 63.2951993169
779 52.0194694632
780 57.0835670171
781 57.3599088299
782 57.2001744797
783 50.9116483253
784 49.9557400186
785 62.7677468097
786 65.4806625059
787 60.3404017948
788 53.6218522803
789 55.034175888
790 51.2179346138
791 56.3748810463
792 52.9029200354
793 57.8087146251
794 57.0306071068
795 50.2930102086
796 81.4170106677
797 52.1487408073
798 56.5657757918
799 79.5429840588
800 71.1384300254
801 50.8998383647
802 47.7969359297
803 61.4766139058
804 59.3780706048
805 51.179983697
806 50.6758967336
807 51.3316186634
808 52.92517546
809 52.308476969
810 60.3982973814
811 67.4310518448
812 37.0958720882
813 55.9450827053
814 61.6763477154
815 57.4828058292
816 51.7788561915
817 53.7694336229
818 70.6725380905
819 51.7660278008
820 66.631788183
821 62.206208981
822 70.2162200308
823 57.45771852
824 52.9814164791
825 55.7089230254
826 51.7822424265
827 48.0964425079
828 49.6993776358
829 53.9358229346
830 55.2671189535
831 50.9232670025
832 62.974274443
833 55.8287216107
834 50.2985661656
835 51.8786289995
836 49.9477095768
837 53.2777390969
838 52.7559133612
839 50.2077286029
840 53.6430850689
841 63.8368173088
842 50.8680757471
843 53.6747359257
844 56.2047824659
845 63.9890618456
846 68.3878603384
847 70.0403408278
848 65.3786730182
849 67.2843171541
850 63.8087027622
851 68.6672180241
852 79.4900762757
853 71.2050442924
854 63.5440024738
855 64.768628648
856 64.9013359402
857 63.3102600914
858 77.0016099779
859 57.7460202849
860 66.5579420251
861 62.7170055145
862 60.4772643857
863 63.4983653731
864 65.454825255
865 63.3568734044
866 80.1103189701
867 65.9134600183
868 67.5347278448
869 76.26170056
870 72.64861037
871 66.1857305135
872 65.8313352334
873 77.9841370034
874 61.4562982456
875 65.6722839851
876 68.9728208017
877 64.1108400509
878 63.9803972146
879 69.4969118733
880 61.2789524681
881 41.0054705831
882 66.6779911831
883 64.4260497952
884 61.8414335038
885 63.8760545982
886 64.7852773415
887 63.0600469516
888 64.923359402
889 59.2353314317
890 66.1413301094
891 62.2087562211
892 60.9384871839
893 66.9394750573
894 68.1874268296
895 62.7305624761
896 68.6232923719
897 61.3251551311
898 68.1817967206
899 62.320511667
900 64.4913939069
901 65.3285409931
902 69.6544028363
903 60.0591273694
904 78.2848005316
905 66.4753106293
906 65.220169647
907 66.1274817119
908 65.3908094662
909 67.1846824243
910 51.1680293178
911 55.7078415182
912 81.3472982868
913 47.1894660384
914 51.6684618255
915 60.4269168297
916 56.5406953372
917 51.3582345434
918 50.574517558
919 43.5843937611
920 49.5238652847
921 52.5423130366
922 52.4838460608
923 53.7838465177
924 65.4169203023
925 49.1320572082
926 50.2780538532
927 51.0495712537
928 56.7205725571
929 49.1931476626
930 52.3530812005
931 59.0095308714
932 56.9797866064
933 53.0067007163
934 51.5110438853
935 53.413829882
936 62.621735745
937 57.1683764607
938 47.0858447699
939 49.1004956853
940 50.1732913576
941 62.7056080461
942 47.5307861287
943 48.2486038909
944 49.8191835436
945 62.3079228031
946 66.3023428134
947 52.4278110044
948 50.4394302544
949 56.355865343
950 57.4245927656
951 49.8269212238
952 47.4825668872
953 58.5159130643
954 58.2174940167
955 56.4396408616
956 48.004733754
957 64.5754618828
958 56.8748271476
959 49.7487986481
960 54.789826426
961 54.4082554343
962 62.3851534456
963 49.2572282355
964 49.6204144894
965 65.8821864114
966 54.2446841369
967 50.8696784339
968 60.1994144018
969 49.1738051028
970 54.2660103194
971 53.3067514803
972 49.4433965848
973 48.84675684
974 75.7751747973
975 51.0697084802
976 49.7076673574
977 61.2921935892
978 50.7922156659
979 50.9350935245
980 58.6590577275
981 54.2375429464
982 51.7461325911
983 53.8757214968
984 54.9044793368
985 51.3872787352
986 67.2330602439
987 54.0269981211
988 50.4488355167
989 52.4605491065
990 67.0434879092
991 53.4847543896
992 54.3539241443
993 73.1968521255
994 49.8307147514
995 55.2942712118
996 57.5072371161
997 51.0371501691
998 51.0576211358
999 47.7770008866
1000 53.3310228806
1001 55.0510430741
1002 54.7738822431
1003 68.7959599085
1004 52.4818169309
1005 52.0854536729
1006 48.8992292505
1007 51.0137232586
1008 48.239846221
1009 49.4466365499
1010 77.0977915937
1011 50.1688039785
1012 56.9291029206
1013 52.7476046234
1014 51.6448529611
1015 50.9100250319
1016 51.1920859281
1017 57.7501253935
1018 47.4331814036
1019 51.4963674487
1020 62.742615414
1021 69.001866796
1022 49.8039053416
1023 50.8399205793
1024 51.9639474105
1025 53.6038034944
1026 58.2329088902
1027 57.2961499686
1028 49.7486538623
1029 47.6196026879
1030 47.9899743181
1031 49.8826262702
1032 64.1642963907
1033 51.985442053
1034 50.0202912868
1035 51.7133857645
1036 52.2639780716
1037 53.3248181038
1038 56.8197868079
1039 48.1632692724
1040 55.7596095054
1041 61.9225480533
1042 75.0829914883
1043 51.1372375702
1044 54.1191094005
1045 61.7361103404
1046 52.7503488327
1047 55.8947814433
1048 55.408240508
1049 53.4099670369
1050 81.8118006138
1051 54.346886137
1052 73.6512238988
1053 63.2109118203
1054 51.6659945553
1055 52.0044033692
1056 69.8757296811
1057 49.2286080409
1058 57.1204659396
1059 51.4705603778
1060 51.8458587476
1061 58.9662840869
1062 61.9295975837
1063 54.5238514734
1064 49.288624404
1065 54.2399826664
1066 52.6003137332
1067 58.0027820583
1068 52.1292848461
1069 59.9447484603
1070 57.8600247622
1071 60.2562974828
1072 53.4833453666
1073 69.0808786515
1074 57.7652092432
1075 46.378891585
1076 54.2013906457
1077 55.4422088075
1078 55.4632543947
1079 55.163986521
1080 53.7672634812
1081 54.4249421481
1082 49.0380687142
1083 56.1607496062
1084 58.7618353602
1085 60.1253751508
1086 51.6938821967
1087 61.4566363586
1088 65.1017584991
1089 51.0444945909
1090 54.0108293398
1091 49.7557163567
1092 52.1652978454
1093 57.006068675
1094 56.7227263727
1095 62.4164476584
1096 58.9835610641
1097 53.3421949629
1098 52.1639317252
1099 55.0377679971
1100 67.4426816688
1101 53.7718741629
1102 54.0520943829
1103 50.5181364698
1104 59.6133616565
1105 51.7991629255
1106 56.9387071328
1107 53.5264208521
1108 49.7968223069
1109 52.4911360357
1110 63.3497809956
1111 59.4270616747
1112 62.2139099888
1113 68.4264634766
1114 60.7440919143
1115 77.9571041792
1116 58.2641852564
1117 46.0528041021
1118 56.922884589
1119 67.4998999077
1120 58.736118844
1121 66.8367026899
1122 55.5326615825
1123 53.4261451451
1124 57.7977311663
1125 65.1962040974
1126 56.8397973999
1127 58.1527342295
1128 62.7492537721
1129 54.1132818815
1130 60.6925477213
1131 50.5682635949
1132 57.7336513179
1133 59.1153757474
1134 56.3775316888
1135 51.1595635054
1136 58.602105837
1137 53.374536383
1138 57.9084096514
1139 59.0797335633
1140 77.9967847899
1141 53.3575015109
1142 62.4268339258
1143 54.8696069295
1144 59.3165925515
1145 63.0613296329
1146 54.0833234511
1147 51.1719502745
1148 72.5238904649
1149 54.3428872109
1150 54.4691508945
1151 64.2713679629
1152 51.9652617691
1153 64.283482334
1154 53.8732464072
1155 64.0885043019
1156 53.7343503828
1157 53.2676127592
1158 74.9985406744
1159 59.3700744544
1160 66.9696811495
1161 53.5473047473
1162 54.0648716736
1163 57.0014598194
1164 55.1633006642
1165 64.3575107141
1166 50.4043406502
1167 53.0302009458
1168 51.9786026615
1169 50.1316142471
1170 54.364149897
1171 57.6024612072
1172 50.7918683725
1173 65.4312960266
1174 54.5931689604
1175 50.3170597776
1176 51.156370286
1177 51.8880149308
1178 52.7240393228
1179 51.2485739469
1180 51.2920872621
1181 55.1107164515
1182 51.3265682928
1183 54.9533508885
1184 62.7549679981
1185 51.4270964171
1186 58.7663240277
1187 55.2016499561
1188 50.9772573955
1189 55.8274292716
1190 52.598027027
1191 69.5723418121
1192 52.0493147754
1193 62.4310833775
1194 54.1793102701
1195 51.6033350546
1196 55.3936611384
1197 74.2543452644
1198 52.8895895917
1199 56.7919598643
1200 54.7913010166
1201 55.2099672017
1202 51.0334469824
1203 52.8864323618
1204 56.1069405863
1205 53.5435432952
1206 57.1106603337
1207 44.9062393731
1208 51.2462550899
1209 54.6188238792
1210 58.9515585712
1211 53.3484872108
1212 57.5577296612
1213 52.1898706602
1214 51.3193238175
1215 53.6927766105
1216 60.0116173568
1217 61.5863964712
1218 47.2717577291
1219 50.2611509788
1220 59.980127762
1221 57.7831828436
1222 65.7963483593
1223 52.4054533468
1224 50.0587491728
1225 79.4250985155
1226 55.0280449291
1227 58.8959084873
1228 67.3301677511
1229 51.0690880651
1230 51.1912012182
1231 51.6999997325
1232 50.0882524541
1233 56.5915949553
1234 53.5096720653
1235 65.1669730815
1236 52.2934101798
1237 71.0301277994
1238 47.556695282
1239 56.1590249411
1240 52.3763059843
1241 60.041253129
1242 48.6306112125
1243 52.2270325459
1244 79.0044631314
1245 54.2626925517
1246 54.4839978043
1247 49.3285715915
1248 50.2071622611
1249 50.0845857824
1250 49.7399342404
1251 48.2309300855
1252 48.9857456041
1253 50.3610754987
1254 57.6266002654
1255 50.2003400214
1256 50.8913739774
1257 51.8303342321
1258 51.1550677265
1259 53.3178687447
1260 63.5070922735
1261 54.209602092
1262 49.2108909389
1263 56.4853009264
1264 50.3055854196
1265 65.3548956554
1266 48.4944144283
1267 53.5822568164
1268 77.1442060524
1269 49.7252568603
1270 51.883692423
1271 49.2771567718
1272 50.338523742
1273 49.386519031
1274 59.774012768
1275 53.4037975202
1276 49.8349337616
1277 65.124134587
1278 73.4758772147
1279 55.8220542776
1280 53.7704431798
1281 50.9084538266
1282 45.2403292268
1283 49.9156068041
1284 46.1557768669
1285 47.8610200212
1286 49.2709809062
1287 48.8617402368
1288 49.5947192785
1289 55.837475779
1290 51.0930808575
1291 48.0029512099
1292 69.2815010081
1293 55.3123165681
1294 53.4144715255
1295 55.4876501702
1296 58.2007741035
1297 63.5998570434
1298 59.5837147138
1299 58.4590243391
1300 52.3011115882
1301 46.8785939242
1302 57.1148164088
1303 66.4772618684
1304 47.3781545163
1305 64.6551138999
1306 45.7045200601
1307 51.9958525575
1308 57.5518048725
1309 49.8285073558
1310 55.3772519367
1311 42.5702202468
1312 76.1023632363
1313 56.3439602391
1314 55.2754436312
1315 49.8778804247
1316 52.785212035
1317 56.8206943228
1318 50.632970454
1319 54.678907572
1320 38.5151099229
1321 73.9773364949
1322 51.7898267191
1323 49.3899611096
1324 52.9519216802
1325 28.1246813413
1326 62.852568507
1327 43.2909437955
1328 58.0995474968
1329 54.8838603432
1330 55.4597784624
1331 49.0292921593
1332 51.0549156909
1333 52.0020084874
1334 64.8118866697
1335 59.7649857563
1336 62.3046505574
1337 43.722987853
1338 52.0192626151
1339 41.2822192505
1340 41.2354135958
1341 52.1766977131
1342 54.8073513526
1343 48.9044068099
1344 54.1558407256
1345 61.0853406107
1346 67.6807960519
1347 51.9999814092
1348 52.4271419664
1349 55.4201197858
1350 52.502308452
1351 63.880507792
1352 50.3123245304
1353 54.3336001087
1354 52.0965469835
1355 51.6339264413
1356 62.6498622181
1357 53.0216179384
1358 58.5944044149
1359 53.0131546041
1360 57.4398871175
1361 70.7310185983
1362 59.9672856194
1363 63.6486829164
1364 51.2464261243
1365 54.5888378005
1366 50.4842827224
1367 53.8096635261
1368 14.3817249769
1369 55.5241306273
1370 56.9740365357
1371 53.3307903277
1372 78.6661798425
1373 55.212892811
1374 54.8480953377
1375 63.006188631
1376 54.4324572628
1377 62.8141762476
1378 60.8141020125
1379 54.9857691864
1380 58.2036444737
1381 58.5687299267
1382 58.5571227786
1383 55.8466206649
1384 67.1097963491
1385 57.9903008725
1386 57.4721695452
1387 57.5459511064
1388 79.0534573278
1389 56.718381187
1390 54.1962347796
1391 63.335688079
1392 53.0793041601
1393 63.1253799695
1394 53.3852688637
1395 53.7710000994
1396 66.874260112
1397 70.998187449
1398 29.9167274906
1399 54.7764394461
1400 47.9538247845
1401 55.829863027
1402 67.0374797078
1403 61.8782658967
1404 54.4397668547
1405 58.3624024685
1406 53.1018107378
1407 56.0341340226
1408 54.5983147141
1409 53.0410733246
1410 62.248757103
1411 66.5647976986
1412 58.5074553627
1413 57.7300900718
1414 56.2902034295
1415 56.498855993
1416 67.8601144083
1417 55.0130664219
1418 53.343693488
1419 73.0474548808
1420 56.9266251298
1421 59.2368193826
1422 53.9709462592
1423 61.7411118011
1424 58.8275434849
1425 49.5908283017
1426 48.1370448681
1427 53.3904509902
1428 48.8204070076
1429 50.314326887
1430 54.3863116144
1431 52.8884511021
1432 50.465886159
1433 51.283160255
1434 50.2849677105
1435 53.7870292109
1436 51.9790166315
1437 50.4382122328
1438 69.5754873486
1439 51.8441372656
1440 47.7313081841
1441 37.5052859199
1442 78.5613978035
1443 45.0813886799
1444 51.0332570905
1445 54.9309667473
1446 51.7512119043
1447 52.9943941057
1448 54.9259678127
1449 61.7946156577
1450 50.0819792893
1451 50.7119526093
1452 73.5865704605
1453 49.6874731316
1454 52.8137356274
1455 49.9807210266
1456 55.5102589181
1457 61.1416550829
1458 46.7587983857
1459 63.8038006271
1460 53.551035705
1461 56.4081658201
1462 53.7782411141
1463 56.1719445362
1464 75.6367476555
1465 62.0309009639
1466 51.1519888902
1467 51.6695479229
1468 52.9710896557
1469 50.7938276821
1470 54.3101466229
1471 50.7658486237
1472 67.7686524577
1473 53.1214387366
1474 47.0335584849
1475 60.1075515175
1476 70.3170612437
1477 55.7069888864
1478 47.6704751492
1479 51.8664215048
1480 52.2406106249
1481 63.3663032538
1482 46.5188305112
1483 52.7661168714
1484 52.5734833203
1485 53.7500246508
1486 61.4563837594
1487 59.0535130869
1488 50.1581905056
1489 50.6929300712
1490 63.3738234927
1491 50.4245537895
1492 56.9705192597
1493 68.0851065303
1494 47.5878342655
1495 44.8466445106
1496 48.9536994518
1497 49.7379636854
1498 52.7758807112
1499 49.6002095156
1500 52.8873072431
1501 50.6571863675
1502 50.6731685907
1503 49.7893866458
1504 46.0527585217
1505 42.7211593605
1506 50.9812811711
1507 49.3036740044
1508 52.4407805558
1509 48.6339062465
1510 54.8308216812
1511 49.9271801259
1512 54.7038646985
1513 50.4476244334
1514 51.2018970764
1515 56.3470188838
1516 50.6541960357
1517 20.9714575147
1518 40.451484724
1519 56.4387793126
1520 52.5197807234
1521 47.4638597079
1522 50.6570870485
1523 54.6262283123
1524 51.1006398237
1525 48.5877289452
1526 52.4272671383
1527 76.9997537415
1528 49.7358054739
1529 69.3016859329
1530 63.7228842522
1531 54.8078129067
1532 67.3091905187
1533 45.1779280278
1534 50.0819878804
1535 74.9927728964
1536 56.8047877835
1537 51.2031934063
1538 53.8554735285
1539 77.9422812831
1540 48.9321804635
1541 52.4824755197
1542 47.6099630211
1543 49.187860282
1544 51.9493489418
1545 48.4636697579
1546 58.0589945886
1547 53.2737974846
1548 51.7134937527
1549 51.2090786172
1550 52.1995189061
1551 53.772166
1552 53.3384267928
1553 58.3556187863
1554 64.6822342764
1555 55.2651981858
1556 57.4166403783
1557 64.6886130968
1558 60.0609437425
1559 57.7301034184
1560 60.174337549
1561 52.1964636878
1562 57.9812361027
1563 55.6807183788
1564 55.6094010066
1565 57.7282258359
1566 58.7421722834
1567 57.5755964207
1568 53.3158189285
1569 56.1541584396
1570 53.8494747432
1571 70.2039407756
1572 55.2560157361
1573 76.3016803706
1574 62.7636751377
1575 56.1505259919
1576 52.2761610401
1577 62.197257713
1578 64.0401510079
1579 55.9443996083
1580 69.7032002959
1581 56.5540050341
1582 28.8458907075
1583 67.9761466582
1584 65.3902600229
1585 60.6382445114
1586 59.9971558703
1587 56.2513498071
1588 60.116418622
1589 56.3858579884
1590 55.1102806977
1591 57.5815484154
1592 56.3877748029
1593 65.9926765129
1594 77.4740961491
1595 59.1929008407
1596 59.7748122287
1597 57.0448557901
1598 60.8974869691
1599 56.9532446945
1600 60.8857343449
1601 74.8107410761
1602 60.9518478715
1603 60.5131653933
1604 59.2378411027
1605 58.4127382625
1606 57.2790406814
1607 60.1946910865
1608 55.7311056802
1609 58.683207544
1610 57.5991392185
1611 60.0153261546
1612 57.1356500213
1613 61.4474243901
1614 65.888563679
1615 57.6471339435
1616 58.5840719708
1617 57.0887804563
1618 60.725424647
1619 55.3945703113
1620 59.9241329128
1621 59.1197009399
1622 56.9177628697
1623 52.8324066793
1624 55.776800665
1625 67.1730991835
1626 46.420253234
1627 56.156092327
1628 64.289536698
1629 62.0442887949
1630 56.4764990949
1631 61.7806138363
1632 71.0260951075
1633 49.9462217556
1634 55.4729735679
1635 57.6271969711
1636 57.2775203362
1637 58.0092374019
1638 53.4780292905
1639 52.4987897613
1640 62.6371810256
1641 58.9175200404
1642 53.2769121759
1643 56.1754656513
1644 55.7178197745
1645 60.1352845561
1646 56.9208471801
1647 61.439313432
1648 61.5531486345
1649 58.2402812471
1650 52.5443446109
1651 55.9223540627
1652 58.4016507704
1653 57.0270762155
1654 77.4337098236
1655 55.9554878125
1656 57.8658874886
1657 70.4311163112
1658 55.0413638801
1659 56.7004175991
1660 54.92689661
1661 57.4672952667
1662 52.1848168869
1663 59.9275612624
1664 62.5431847074
1665 50.9631579166
1666 61.5271607575
1667 52.5266814723
1668 11.0845440035
1669 54.9148480382
1670 74.2678633091
1671 52.7310501841
1672 56.0529794402
1673 52.8939743819
1674 10.3710785425
1675 57.7905769624
1676 52.9508376306
1677 53.6089628837
1678 48.5300482216
1679 54.6481237466
1680 49.1204379129
1681 50.3410524083
1682 76.7575298229
1683 74.9861459589
1684 71.406629768
1685 65.6533843828
1686 80.6451924572
1687 71.190854492
1688 65.1835356264
1689 66.2500140159
1690 75.9388978421
1691 66.2021067898
1692 72.0073011163
1693 52.0584447847
1694 58.5245356946
1695 81.6295068111
1696 70.711612343
1697 66.7074686572
1698 68.5973164719
1699 69.4694185201
1700 71.2140500438
1701 75.1252312365
1702 63.6512586069
1703 75.8586781625
1704 73.5510655675
1705 70.0297294894
1706 78.6236150284
1707 59.4592955841
1708 61.884129461
1709 70.7391625593
1710 68.4369306745
1711 82.8172074324
1712 74.0621533624
1713 69.4905671952
1714 62.0539989496
1715 62.8741487434
1716 76.4133716763
1717 74.5680470599
1718 80.1574977599
1719 61.6415462289
1720 69.5614865358
1721 81.0945078056
1722 70.5103015981
1723 76.7231843278
1724 68.6122726337
1725 65.6128835985
1726 67.2614640066
1727 64.3109247726
1728 74.0112913337
1729 84.4807102823
1730 63.0825439551
1731 60.7638244277
1732 68.2807532354
1733 81.0530381537
1734 82.6193114891
1735 64.8635391619
1736 84.0554268683
1737 75.6315697595
1738 67.1208282423
1739 90.2143125122
1740 63.088168985
1741 73.845980604
1742 80.8982641344
1743 70.4461389625
1744 54.7347961224
1745 59.5573046314
1746 54.0311469029
1747 62.6833703008
1748 61.0028749043
1749 59.678322399
1750 54.4061934448
1751 54.3549621137
1752 74.1906531714
1753 73.2072551902
1754 54.6064543596
1755 54.785209339
1756 52.4247204108
1757 54.3676500294
1758 78.7268547605
1759 58.9742864757
1760 57.5865530707
1761 65.6427863325
1762 56.2576949451
1763 58.8023627734
1764 67.4772957527
1765 58.7300709971
1766 52.6081788149
1767 56.8708122015
1768 56.2923478382
1769 55.7284651236
1770 63.2222668781
1771 57.8869035103
1772 59.2129791151
1773 60.215315899
1774 56.1872998088
1775 56.4541258509
1776 56.2418336136
1777 56.5776188307
1778 56.1612491189
1779 58.4646644101
1780 54.0890875403
1781 61.4957037558
1782 54.6816176724
1783 56.1480573002
1784 54.7793807916
1785 51.3338919421
1786 54.4238438515
1787 57.8568936026
1788 69.726635255
1789 57.3415204184
1790 62.690511575
1791 62.3231971892
1792 53.8200806004
1793 55.2459572131
1794 56.3667449457
1795 55.6956908005
1796 55.2722641802
1797 79.8966929469
1798 66.2163611961
1799 66.4282771788
1800 61.8349062179
1801 58.21023906
1802 56.5823741911
1803 60.6499435053
1804 56.978430961
1805 71.42510909
1806 64.2970086158
1807 56.6129629828
1808 63.6310507648
1809 71.494975997
1810 53.0741023287
1811 51.0584359122
1812 52.1467995641
1813 62.5589517505
1814 53.2993768647
1815 67.8319380395
1816 51.8592843078
1817 51.3169623544
1818 51.9604979728
1819 54.7084332993
1820 52.3975969063
1821 54.6866890362
1822 57.6818973134
1823 48.4494849525
1824 51.5029460385
1825 54.3294292459
1826 44.3594473912
1827 56.4011980152
1828 52.4605041215
1829 47.8885949192
1830 64.8966420058
1831 51.1385009239
1832 62.9810102715
1833 62.6233800373
1834 54.9622841541
1835 68.4408005133
1836 52.9481507196
1837 51.521519241
1838 53.7223334715
1839 52.2873476518
1840 52.4940562648
1841 51.160145493
1842 50.0203339631
1843 50.5706808031
1844 54.3121304439
1845 53.860698205
1846 52.843712396
1847 48.5925415217
1848 51.1273888647
1849 77.2539128022
1850 58.9328558351
1851 54.3070615637
1852 53.8599064174
1853 52.5653589576
1854 52.2416811649
1855 77.3788981857
1856 53.3702180582
1857 51.4390557854
1858 53.0187103893
1859 50.8798391455
1860 50.9063236638
1861 52.607419648
1862 54.2831874207
1863 53.0787922474
1864 52.1634958051
1865 49.0220632182
1866 51.5465691899
1867 56.331030904
1868 50.4084266289
1869 52.7211141248
1870 53.3479964236
1871 48.8058585136
1872 72.2381182251
1873 64.2371196424
1874 67.8186282768
1875 67.9413998127
1876 77.7182572983
1877 86.3294182683
1878 60.5169642973
1879 62.0298251303
1880 74.5241969505
1881 68.3189888868
1882 74.9491219016
1883 71.0347139542
1884 83.8685734678
1885 62.0529221281
1886 65.5190106186
1887 67.2004023367
1888 63.0945938096
1889 77.4650960139
1890 64.6397786099
1891 67.8062798256
1892 65.2945659285
1893 72.4237364191
1894 65.3937809981
1895 71.453513098
1896 70.6614382538
1897 60.4846187611
1898 75.9834183757
1899 75.5884386543
1900 68.4212695964
1901 74.8452740624
1902 66.6584525625
1903 78.8366589757
1904 59.7361407446
1905 62.9596796389
1906 76.8892234483
1907 72.2659023681
1908 65.218122848
1909 60.1692082603
1910 71.9430820207
1911 62.3189609255
1912 68.0017313205
1913 71.2431805643
1914 95.5941995207
1915 64.9729744323
1916 72.8480998232
1917 62.2605988271
1918 68.1811864148
1919 68.706509215
1920 61.661028759
1921 64.7178948414
1922 62.0396583814
1923 81.5056574789
1924 81.8884366992
1925 63.9729741585
1926 76.2751465444
1927 69.7558008428
1928 66.9543953363
1929 65.1373741563
1930 52.6934216087
1931 68.1475328274
1932 61.0411188927
1933 92.2820902765
1934 79.6176188776
1935 70.5438193728
1936 65.2850475208
1937 69.6027255691
1938 69.9804812312
1939 73.7899065356
1940 70.0060750211
1941 60.3771432503
1942 68.3315528459
1943 77.0808736929
1944 74.0962915111
1945 84.6786175426
1946 69.0529936612
1947 64.3912251526
1948 81.3751279933
1949 80.7101369944
1950 59.3650313078
1951 64.9064674176
1952 69.3369066182
1953 67.6412148723
1954 82.9796324157
1955 66.3824848864
1956 81.688654026
1957 72.7175091708
1958 63.7158138531
1959 67.843399826
1960 63.0560479241
1961 61.6101813448
1962 81.5235098511
1963 68.3454280692
1964 54.2142244314
1965 66.0852744021
1966 56.9263321185
1967 58.1821051754
1968 64.3790938966
1969 66.0186625004
1970 50.2924797186
1971 53.6574926146
1972 55.6148698037
1973 54.1796388236
1974 68.4551066015
1975 72.5872400312
1976 57.363487051
1977 57.8816691359
1978 54.3585746518
1979 59.6081742699
1980 57.2486616796
1981 51.8363567761
1982 55.0172573215
1983 62.4521141548
1984 56.8310414275
1985 77.6095030486
1986 57.006110964
1987 65.2520553599
1988 53.1823700515
1989 60.5375696472
1990 53.7305255243
1991 68.0131458025
1992 62.9754373183
1993 55.957418745
1994 64.5531167073
1995 65.9306973773
1996 68.6223529166
1997 55.9439098928
1998 58.4205508571
1999 84.9714907342
2000 65.47241504
2001 61.0792279466
2002 57.7400779763
2003 52.6595257227
2004 74.0489969625
2005 24.7360601635
2006 65.1103824727
2007 60.5327134565
2008 63.9799858942
2009 64.6209968602
2010 57.3779222855
2011 56.0439458785
2012 62.2596290942
2013 47.6708708709
2014 53.8557316822
2015 67.2827742993
2016 46.772667081
2017 55.8773022417
2018 66.1878394465
2019 59.5119702603
2020 54.9473148958
2021 61.4593095491
2022 61.0460349446
2023 59.9668687256
2024 54.2816081148
2025 54.7845074064
2026 52.6888476311
2027 61.3067522333
2028 55.1766599676
2029 53.0494210186
2030 48.0304819699
2031 66.9651363652
2032 48.9609924034
2033 47.5964999405
2034 49.0207391424
2035 47.3402073403
2036 47.5158955369
2037 55.9143087074
2038 44.2386442334
2039 54.1738253062
2040 49.5838248908
2041 45.9053493394
2042 56.7425418626
2043 48.8412091208
2044 48.9754063767
2045 54.8561265193
2046 49.7442325425
2047 51.5044433285
2048 49.4389670077
2049 46.1810402032
2050 47.4805439671
2051 57.9176479332
2052 65.1774298235
2053 51.0675372879
2054 59.734696807
2055 53.7002093296
2056 47.5000886657
2057 52.9960497319
2058 48.0335533449
2059 49.4217377718
2060 55.3380651979
2061 48.2375889723
2062 47.4240608886
2063 46.694307045
2064 49.0734117134
2065 46.0371121949
2066 46.9616668197
2067 49.6330246831
2068 53.119003089
2069 47.5782455374
2070 57.0299299452
2071 56.5881496064
2072 55.4828321904
2073 51.3553970996
2074 45.12545096
2075 71.5081604437
2076 52.1339291933
2077 74.0856287844
2078 76.8475953401
2079 52.6675907877
2080 52.0392773503
2081 49.6394135687
2082 49.9370436108
2083 69.0236057781
2084 68.346196776
2085 50.3398052884
2086 50.205613266
2087 67.759888063
2088 48.9371735536
2089 55.2044437246
2090 53.1026645679
2091 54.0273574692
2092 50.7428350627
2093 80.184166656
2094 54.5645670226
2095 53.445274603
2096 60.2480386516
2097 60.5540990828
2098 54.6691415932
2099 60.8718433402
2100 62.6222405347
2101 54.7261030643
2102 55.4892509075
2103 62.8934472429
2104 56.2771852923
2105 69.7897924426
2106 59.9761405924
2107 58.9209556261
2108 62.099107566
2109 53.1622336497
2110 58.6246953054
2111 55.1625668774
2112 57.9791555561
2113 61.8425289334
2114 60.4392571971
2115 58.2487674496
2116 74.9146264053
2117 69.80628912
2118 57.3236656102
2119 59.4528817926
2120 50.4703168164
2121 62.8590007674
2122 43.4502125217
2123 58.5743222225
2124 54.4279843064
2125 59.8563170862
2126 56.9701193549
2127 57.1054674864
2128 63.5021080834
2129 58.357755247
2130 59.9435772567
2131 77.6325301758
2132 55.9025442917
2133 70.4039622056
2134 59.3885124634
2135 56.4840429866
2136 59.2122892561
2137 67.3303792559
2138 55.9130195618
2139 53.1544527005
2140 55.7156728104
2141 53.9647035665
2142 56.1085197473
2143 50.0322019018
2144 59.6252940475
2145 60.0746244682
2146 56.3818906354
2147 52.5315360406
2148 60.6578119435
2149 58.8782308372
2150 64.5026423525
2151 53.7206107919
2152 58.8062527442
2153 72.9037285863
2154 53.6421281342
2155 62.1842721743
2156 53.9568738555
2157 64.7146782727
2158 55.1000948732
2159 79.0136969689
2160 57.2427590847
2161 53.9298607106
2162 78.5383978489
2163 60.1349545841
2164 60.5175186776
2165 57.8794849473
2166 54.479307251
2167 54.4510853082
2168 55.0843449288
2169 56.1718834496
2170 61.3067992755
2171 64.855633912
2172 61.0721978214
2173 57.004387018
2174 50.7954750135
2175 60.9750149715
2176 58.5095485989
2177 52.0630195133
2178 54.252865301
2179 59.0187316593
2180 53.4237865902
2181 53.6845038934
2182 55.5274543216
2183 60.3496134544
2184 71.1349602233
2185 69.5003240057
2186 55.2842386215
2187 61.8778573443
2188 54.6931155576
2189 60.5483758616
2190 71.1320914548
2191 59.5940529285
2192 60.8129340213
2193 57.1153473974
2194 57.4616914789
2195 65.5095670874
2196 64.9104602806
2197 58.115496287
2198 58.0688521457
2199 54.5336676494
2200 53.5614386323
2201 56.1581488421
2202 61.6851329929
2203 61.1005002231
2204 55.9327866817
2205 65.0180317972
2206 61.474375524
2207 60.3118955743
2208 53.3961452114
2209 63.8323070964
2210 54.6200083625
2211 65.5246158946
2212 57.5171460255
2213 55.6122911321
2214 59.2954371108
2215 55.9651302813
2216 57.2709689029
2217 46.3885839881
2218 52.9020130971
2219 66.9251699228
2220 55.0052103806
2221 58.3948638098
2222 62.6724660111
2223 58.9870824867
2224 51.1067234041
2225 54.5695993692
2226 55.7803340829
2227 57.716192157
2228 33.5595670317
2229 51.3117379659
2230 59.8114490806
2231 50.2006686674
2232 58.5387017593
2233 49.9824389105
2234 67.3087164588
2235 60.1602601832
2236 62.1968145173
2237 48.7557628143
2238 81.6877365468
2239 59.2631414392
2240 58.7734626393
2241 59.6251635373
2242 56.1875381737
2243 59.4846880599
2244 54.5627894986
2245 57.2851601979
2246 71.5247628596
2247 54.7003175734
2248 57.4204883576
2249 52.7698963004
2250 56.6331641492
2251 56.3482866021
2252 53.8397985995
2253 56.0704504475
2254 62.4007142568
2255 59.5884145188
2256 61.7671452124
2257 53.5826123757
2258 54.9535876266
2259 52.8489418868
2260 56.2686780338
2261 56.5930025881
2262 58.4083384994
2263 57.0637348305
2264 65.1235682353
2265 55.2231589627
2266 73.4774690365
2267 73.2862300819
2268 58.299119292
2269 52.3862530307
2270 52.6161001086
2271 59.1772838893
2272 56.0881851232
2273 62.7529457784
2274 57.9908164257
2275 59.3660801904
2276 57.4480717968
2277 55.155959149
2278 48.2654514083
2279 55.7891729421
2280 61.7285408131
2281 62.6885538953
2282 52.4402251595
2283 54.7672800137
2284 56.7918361681
2285 52.2049288384
2286 62.6938122635
2287 54.8518166857
2288 59.3931869196
2289 60.7376240668
2290 57.906077713
2291 63.8177172168
2292 73.8068660119
2293 58.632903452
2294 59.227107558
2295 57.4982571872
2296 61.0012324312
2297 61.071522811
2298 58.5149979644
2299 85.6551103977
2300 59.6498680491
2301 80.6206027031
2302 64.9157767982
2303 62.2217491458
2304 57.5408545455
2305 59.285716026
2306 60.5778610102
2307 55.2741224317
2308 58.5856891818
2309 61.1549751699
2310 67.0858730047
2311 60.3061094332
2312 62.6185638817
2313 27.5327727763
2314 76.478670966
2315 56.9531794212
2316 59.8772646887
2317 59.0507833887
2318 58.6104251326
2319 69.5980619801
2320 63.9947780925
2321 66.1232134185
2322 63.6386723961
2323 79.0786647124
2324 64.4090845053
2325 57.6431526576
2326 66.4339930676
2327 58.269497129
2328 62.9299829088
2329 65.5128928877
2330 59.9778033072
2331 61.2249874108
2332 61.6211732523
2333 77.2600530332
2334 60.5343921857
2335 65.0887334355
2336 59.2071318473
2337 62.7697306267
2338 66.6022708304
2339 57.2441709806
2340 63.0654906497
2341 77.5806734656
2342 57.1600152358
2343 55.3080807184
2344 63.102432428
2345 64.8960537669
2346 56.9153883974
2347 64.6785641194
2348 60.2162882571
2349 60.5465754697
2350 60.9277395982
2351 62.9045046689
2352 62.5275481798
2353 63.1925520429
2354 51.6042082599
2355 60.6609742194
2356 67.2781538374
2357 51.620902262
2358 49.9128834972
2359 52.2953409694
2360 69.4881580183
2361 53.6719756554
2362 59.6333791739
2363 77.6234016691
2364 52.4639123123
2365 53.2456517103
2366 55.5304198307
2367 60.1113821535
2368 57.837930923
2369 57.4422609719
2370 77.3729726318
2371 68.7462714227
2372 73.4550507155
2373 54.8210645804
2374 52.0489237506
2375 55.0984967295
2376 53.158478779
2377 51.8614350114
2378 52.8227893858
2379 56.1928620277
2380 53.8720715336
2381 58.2481386228
2382 58.029527033
2383 51.4336067118
2384 53.0892415228
2385 52.847742425
2386 51.9978891792
2387 60.0602512571
2388 52.6905856637
2389 62.7902631075
2390 54.0761856758
2391 55.1998921153
2392 57.296560042
2393 60.9804849461
2394 68.158526686
2395 56.4247998481
2396 55.6783375757
2397 53.3272419896
2398 50.9916500778
2399 52.0817668925
2400 56.3877724459
2401 54.6627537185
2402 54.6132869359
2403 64.4498181628
2404 54.9471856236
2405 53.54793622
2406 67.9116723405
2407 56.2459037616
2408 56.0642287035
2409 54.4685376033
2410 50.8741363278
2411 54.7843662231
2412 76.476900042
2413 52.1698623699
2414 54.5870320562
2415 63.0903705555
2416 56.1756757642
2417 56.0246106496
2418 66.0533373791
2419 52.4029255821
2420 66.3202692622
2421 53.1890911854
2422 67.0352182495
2423 50.7113507294
2424 50.5253211148
2425 57.4783649527
2426 60.3216423452
2427 54.3482972878
2428 62.4305477298
2429 57.328931658
2430 50.8609107376
2431 53.8705746974
2432 57.1692093237
2433 61.7213038838
2434 53.8708758692
2435 64.5600393321
2436 51.5499968006
2437 50.3703225465
2438 50.0211301539
2439 50.5137186282
2440 50.2856072558
2441 53.9346279337
2442 49.6019587276
2443 58.2245148073
2444 50.1649965273
2445 56.6419461554
2446 57.7627744215
2447 75.2397530634
2448 74.2980782309
2449 62.4113915493
2450 64.8601879387
2451 50.1579951804
2452 56.0016447714
2453 52.3514565177
2454 70.7293266033
2455 62.3874120606
2456 47.8975638129
2457 53.2281856422
2458 63.4866724268
2459 59.399783503
2460 57.3035140538
2461 50.0101031948
2462 49.9404736581
2463 63.5338955112
2464 53.9927195324
2465 54.7734767862
2466 78.939870206
2467 49.5769505795
2468 60.8232559994
2469 50.3160828399
2470 62.591176875
2471 55.3769928506
2472 52.95993026
2473 59.8716393283
2474 46.6594544977
2475 52.5721851683
2476 53.606215293
2477 52.6015186405
2478 50.0442064709
