u s
1 65.5720397814
2 66.1910308776
3 58.1292799307
4 62.9611390361
5 57.669098944
6 47.6435468157
7 60.3121170936
8 57.9519443517
9 74.8726940871
10 60.4801128035
11 54.9380416654
12 67.9017165047
13 78.3220765735
14 63.0199532529
15 74.0086087532
16 57.3795949527
17 54.38651736
18 63.565405367
19 155.99805782
20 67.1999931576
21 58.7456334246
22 56.3133957328
23 84.5027683904
24 60.1482725619
25 60.4744194261
26 63.4919044714
27 70.9148827063
28 49.2038214144
29 60.9488398472
30 68.3409273002
31 66.6217979077
32 79.4645903844
33 59.6224393261
34 70.4734104121
35 49.2943011812
36 70.1307904339
37 77.869389949
38 57.8474776314
39 49.4944233258
40 52.3359626804
41 60.8619492308
42 62.4533533718
43 59.1361828517
44 60.5080804977
45 72.1804256032
46 60.2765211183
47 55.8602506198
48 50.1909546355
49 62.2030816322
50 58.3829962131
51 54.4765116553
52 61.7068183307
53 68.8274319019
54 66.2572998402
55 155.508710805
56 70.7538620851
57 78.2577532727
58 68.2664802066
59 60.4081080119
60 58.9701845694
61 62.3882975401
62 83.6991873717
63 60.049345956
64 68.4024863137
65 84.5053897307
66 46.6448517704
67 59.1859727074
68 53.6207970434
69 50.7997155349
70 57.6024268218
71 50.1925935126
72 58.2191662214
73 56.6124593378
74 58.1639868939
75 60.9684838341
76 60.1087727633
77 52.5178394916
78 54.8211554424
79 55.0252406767
80 64.2721616341
81 52.8100367418
82 52.3321385825
83 49.22251152
84 53.4108017214
85 56.7613824599
86 51.5362997858
87 55.6590537514
88 46.0996206688
89 61.8594473933
90 49.3786741371
91 54.1090073052
92 54.6830136446
93 59.1394637948
94 57.4893396379
95 44.1789739081
96 53.2651963951
97 54.0939928267
98 73.1631955629
99 60.6300656465
100 55.7634060677
101 56.8319501843
102 54.4357890153
103 56.1917862297
104 68.1409679428
105 55.1023375836
106 61.3850308374
107 55.7025653651
108 63.8287006834
109 70.8127153808
110 45.2348412498
111 57.1821823924
112 68.7655753262
113 62.9531022175
114 66.3970537529
115 55.1560610988
116 56.0693636843
117 54.4066982212
118 61.8617537607
119 58.2114807169
120 58.8594135389
121 60.9481140075
122 49.5585327744
123 61.1856331834
124 51.6610103176
125 45.080879843
126 57.2774009718
127 58.7971259388
128 50.0549338136
129 51.4648647123
130 54.0372807033
131 49.2845496999
132 49.7245883733
133 58.7707912571
134 53.6860314324
135 51.6646005855
136 54.8191232531
137 52.665361195
138 55.5951138155
139 54.7368555232
140 56.3771905435
141 54.8000996196
142 50.7316657921
143 52.6592500519
144 54.2398444507
145 57.5521994445
146 62.1136796915
147 49.1476781057
148 52.7112686181
149 66.8553649914
150 61.438831861
151 62.9238686455
152 52.64401923
153 52.196077997
154 48.8520098092
155 61.9595890925
156 46.1145314077
157 56.302267811
158 52.1993612871
159 55.1390852345
160 56.296456018
161 49.8585689667
162 47.9242123186
163 59.0680528343
164 49.803683672
165 53.0000099419
166 55.2528597982
167 54.7256575232
168 51.8909844639
169 56.7549012068
170 55.2851573626
171 52.2203986318
172 50.4282298566
173 44.8648832825
174 50.7674014567
175 48.5652478361
176 58.4828497639
177 51.5836890755
178 52.1297650287
179 47.389735325
180 55.5728524845
181 47.0687640604
182 55.2655071218
183 66.7397302374
184 58.4697331776
185 43.6144964265
186 46.9466298403
187 56.1629182856
188 57.9652665337
189 58.4862030264
190 43.2402980499
191 43.9763906876
192 50.0224621202
193 50.8293222586
194 51.5083826338
195 55.5584417116
196 75.2723953478
197 61.1195997522
198 56.0899155665
199 73.6489807906
200 58.4692709041
201 51.6070328864
202 63.4310432036
203 67.5050006602
204 64.9207788678
205 65.5190029594
206 57.7534252447
207 58.3342271386
208 56.9001847259
209 77.2305719553
210 61.950397607
211 51.6030938627
212 53.0028789983
213 51.5959614722
214 48.8376044812
215 53.456694177
216 44.6518710546
217 68.5168876954
218 61.7490433401
219 59.4670924888
220 51.3860102327
221 61.1948743489
222 56.3547966323
223 67.4545397917
224 60.8767236352
225 66.2883298971
226 62.043591121
227 63.9704375017
228 47.0219260106
229 57.4028076568
230 64.5140410887
231 69.8851421625
232 62.419772981
233 177.611434462
234 60.318164752
235 58.4824147999
236 194.885293814
237 67.1492750414
238 61.5715692563
239 67.7041436772
240 50.6840347316
241 57.2982223801
242 62.9384784471
243 54.6522706555
244 58.2117064191
245 59.5321448754
246 62.3905541669
247 66.2590843061
248 54.980295049
249 56.7753968026
250 56.9376474009
251 58.5800523063
252 57.9635363037
253 48.4663218883
254 50.6427437962
255 74.0318960721
256 64.2800418018
257 65.6119084167
258 59.6013255961
259 54.55984369
260 72.3161757253
261 47.7018989067
262 60.56478038
263 38.7762911586
264 56.6426959752
265 54.7514406068
266 50.8117421368
267 59.1844741358
268 55.8076867117
269 53.2937461479
270 58.8936679002
271 72.2355985185
272 63.5353987418
273 56.3781417936
274 63.6188932262
275 55.2731747196
276 62.4648127221
277 72.0222831645
278 68.9327179405
279 55.9695547872
280 56.1190517395
281 63.8735094379
282 51.3099951473
283 51.1685476726
284 62.7589348011
285 49.6877231924
286 59.7164181397
287 69.6517190265
288 58.2521252385
289 74.7565567417
290 68.3360194929
291 60.2814624103
292 52.044773832
293 60.650898037
294 59.7425847843
295 55.8396773833
296 64.2932815557
297 60.0536772832
298 60.915005765
299 55.7889662875
300 52.1810197636
301 57.0841056631
302 59.8756146742
303 57.1404351729
304 55.8421270537
305 49.2364485087
306 69.2174243694
307 64.5705847446
308 56.6252225585
309 55.4242401844
310 47.5977828593
311 55.8429561739
312 56.430321811
313 47.3037082329
314 44.6094777881
315 58.0133508575
316 72.4688502157
317 56.2261097738
318 47.6318557839
319 64.6296730463
320 48.6094927466
321 53.9109098032
322 57.7013346347
323 61.6398570178
324 76.5846941545
325 54.6683953797
326 73.174951101
327 54.5322068175
328 53.3438806305
329 59.9544200193
330 55.1894423311
331 50.7043646585
332 63.8610157573
333 63.878977325
334 54.193081274
335 47.1210215259
336 60.1268763522
337 47.7526416704
338 54.7796792442
339 51.3451020309
340 51.7548038817
341 60.9861838738
342 54.0532489022
343 53.6629791511
344 58.0442862835
345 56.5985563419
346 46.7499768105
347 56.7052699133
348 57.921669562
349 59.7622150846
350 58.8689354197
351 53.1892310984
352 57.838435737
353 52.4699679688
354 54.9702706722
355 45.7628129225
356 54.66907361
357 60.2693186311
358 54.2437207287
359 51.7347485677
360 55.7224217987
361 45.962879353
362 57.3478798757
363 54.8724989051
364 61.1058309636
365 53.3759400649
366 47.6087743472
367 58.4579678641
368 57.7563044355
369 50.94983511
370 35.4649813515
371 63.446430619
372 70.5296163416
373 58.1118739888
374 56.7058211222
375 55.571326051
376 49.9045235899
377 54.3636866241
378 51.0723875209
379 61.7410014408
380 54.2179837774
381 56.0208638928
382 57.8033919384
383 57.6572574157
384 53.4509601241
385 55.3343020477
386 56.1359812085
387 53.8546474039
388 44.973415175
389 64.2770528246
390 64.9884108157
391 47.1099850545
392 50.7974828452
393 42.9646620397
394 46.1219885294
395 45.7650893295
396 40.0892364477
397 56.4345984601
398 44.5649581715
399 49.4990026449
400 48.2504676118
401 48.7064354031
402 39.3448532642
403 46.747621843
404 45.9512135871
405 48.6765286292
406 50.260375598
407 51.6011811664
408 37.7309503599
409 50.7382281193
410 52.974921141
411 48.1741666332
412 52.5064055071
413 43.5083319256
414 48.1292789571
415 48.0504189681
416 39.2296224644
417 47.3440731681
418 39.5122434174
419 42.4975551622
420 47.0764754312
421 50.4672411225
422 44.606650205
423 50.2533036796
424 58.1770977864
425 51.3141461888
426 49.3204465836
427 48.3807310746
428 50.3197378904
429 49.958653687
430 44.1552584498
431 57.6487320054
432 41.3011894887
433 43.6286724874
434 60.4262608633
435 69.090210599
436 41.7232975594
437 48.6838563882
438 40.6015863062
439 40.1920654851
440 50.8746287255
441 40.8630201519
442 39.3589388901
443 55.7943079704
444 45.4220869645
445 45.2142748963
446 47.935236751
447 49.8870382725
448 47.8909097848
449 43.8211860591
450 51.0133491247
451 48.0798679568
452 53.945126086
453 68.5076733759
454 26.5848521468
455 54.4160839344
456 53.4826240488
457 69.7896498615
458 49.5491585396
459 43.4417751002
460 54.8118787955
461 51.6017943236
462 54.3818356819
463 65.6965805503
464 49.0991203068
465 59.3124642334
466 59.2200122671
467 50.5493999343
468 50.998851814
469 54.8554220128
470 57.0083089947
471 62.1808059655
472 58.4468395289
473 49.6409792325
474 50.5041904362
475 44.7246079544
476 50.4096551422
477 56.1739179085
478 51.5942076521
479 57.6109294282
480 52.8652709669
481 53.771717944
482 50.7971765172
483 55.3544756839
484 49.4645141991
485 46.0851098696
486 43.9466033786
487 54.4752806828
488 54.1008333409
489 45.934321232
490 31.6459464395
491 55.3221963951
492 50.4870756311
493 61.802440424
494 52.9382704009
495 61.1321285071
496 62.8995488683
497 52.2051479536
498 59.873327142
499 42.8816580008
500 58.4119532827
501 50.4491866008
502 47.5549925056
503 51.3199093863
504 53.2087074721
505 60.8259131665
506 51.1758203834
507 54.8809685773
508 53.5876521399
509 52.9584122357
510 50.7554917311
511 50.5501357616
512 49.8804102578
513 49.4014884319
514 56.1876309758
515 60.2109626054
516 49.4962824643
517 50.2563119759
518 47.8730695065
519 51.1004381348
520 49.8742727525
521 46.081640172
522 50.0405476675
523 50.1301132482
524 48.4791344259
525 50.6806420724
526 50.5920636324
527 65.7651461343
528 51.7529627469
529 52.5281402732
530 41.6233634218
531 51.0964781368
532 51.3660222273
533 55.6612732736
534 43.7754583493
535 41.1824951203
536 58.4573734681
537 48.0129311161
538 50.0449634518
539 49.3882517825
540 49.6668555539
541 59.1762965042
542 50.4667249458
543 55.5365905874
544 52.818761926
545 46.3260449062
546 50.2905338561
547 44.5970833311
548 52.6309751744
549 44.9223952039
550 50.6797636703
551 53.6082935908
552 54.0899821531
553 52.6200397879
554 51.9510051817
555 41.5725673505
556 56.9187077929
557 39.7798959647
558 48.6869143072
559 49.1761430679
560 57.0194531001
561 52.0655928467
562 65.6570095376
563 44.5678956306
564 50.3461035221
565 55.6268374818
566 49.9073434571
567 48.5801603596
568 50.5708450121
569 41.46341499
570 49.1574006455
571 57.0947013674
572 49.9690492078
573 44.7524945366
574 59.5774051809
575 57.9926253538
576 55.9220936005
577 54.6630819151
578 51.8848367792
579 49.6333593142
580 45.9610028611
581 49.6569922386
582 53.7108553591
583 53.1922887824
584 53.755232877
585 66.220581925
586 68.2815208447
587 85.9467811785
588 57.5841127255
589 68.2070516534
590 63.7009054113
591 50.1887632596
592 61.7595856607
593 49.1252363382
594 72.1218442573
595 60.3699696742
596 61.6237713387
597 66.970452284
598 52.5013189698
599 75.1324346241
600 63.9790836393
601 64.2094370947
602 58.6448667048
603 56.8471043733
604 65.1358623081
605 57.7843569213
606 42.1699934184
607 66.6576724696
608 78.8379881078
609 60.6430248213
610 33.5472934952
611 56.5481270171
612 58.0815989959
613 59.2631844413
614 46.2240266548
615 67.7535635051
616 61.600947184
617 76.9060444954
618 63.3803768473
619 58.9923457184
620 57.5010487265
621 60.4591530096
622 64.991042624
623 61.5381613318
624 61.8903156162
625 65.141515345
626 53.8552725251
627 47.3794772598
628 50.6828976472
629 60.4726115814
630 62.4033205005
631 69.5355031519
632 65.8381790281
633 72.2247891456
634 63.2894329833
635 51.1995341248
636 62.8040174705
637 74.7008771757
638 61.8745035198
639 62.890554242
640 63.3225903489
641 60.9202176091
642 71.4895572097
643 63.5179051162
644 64.9517982554
645 65.1942105462
646 55.6319767292
647 49.1490631854
648 68.5359300229
649 61.9452519082
650 61.7199758188
651 47.043031969
652 43.4811431616
653 65.1028443286
654 54.131221411
655 46.3204460283
656 56.3739159665
657 62.1815193391
658 60.4074429937
659 53.535985886
660 55.2253156375
661 55.3246623449
662 48.1171950179
663 55.1730500882
664 54.7387024687
665 50.3485665259
666 59.8493303741
667 56.119019087
668 57.01232997
669 50.2474045644
670 47.0911470176
671 47.8594638309
672 50.7834683106
673 61.5326835096
674 40.5964480433
675 58.0643814187
676 57.8731884581
677 59.4127154386
678 48.572435129
679 53.2120215407
680 56.8485953597
681 55.1794557345
682 54.5134975847
683 53.9526773981
684 29.1552471805
685 44.2792063434
686 53.5411709041
687 57.7371976431
688 57.6912781139
689 54.7635042001
690 54.1001539721
691 45.6956985287
692 54.5988977187
693 51.6208820475
694 55.1379541719
695 44.4412971647
696 56.9521683544
697 55.4232753454
698 54.5190120894
699 54.9136056842
700 76.012649693
701 51.8389851563
702 63.3153606893
703 46.8969045879
704 54.4330361574
705 61.789129066
706 41.9203669213
707 48.502316943
708 74.9903870839
709 60.8084639679
710 55.3783255252
711 60.3318017004
712 56.5773226295
713 53.6798480332
714 57.3933551066
715 53.2268210003
716 57.3332288977
717 51.1334022165
718 53.5197824026
719 67.6864442688
720 49.9392301523
721 59.6266877499
722 50.2038139613
723 52.8844981097
724 44.2610121627
725 78.0973687415
726 56.8222447771
727 53.783110199
728 57.5435456802
729 56.4189898168
730 60.7113881306
731 50.3953003172
732 46.0838616537
733 50.9186883871
734 49.5506647401
735 67.8863666873
736 56.6720610917
737 45.3325605389
738 65.8337389933
739 62.9059439658
740 57.6966325885
741 47.1841629365
742 60.9271309118
743 49.6635746176
744 57.5720222019
745 48.1211228712
746 45.370381268
747 69.1362764325
748 47.2100804832
749 56.6355101983
750 47.2989618024
751 61.9160841805
752 57.6630455525
753 57.5894922207
754 50.4946885251
755 49.1665288399
756 55.3526780191
757 66.3469683834
758 67.1001647483
759 51.2212410457
760 51.0706060133
761 57.7652197322
762 64.5444320989
763 55.9066665203
764 42.9198479456
765 57.5787931968
766 55.5851756467
767 60.1904107675
768 72.8142884762
769 66.0450451786
770 50.5677524365
771 60.5014798256
772 48.5130542844
773 59.7907078552
774 46.6923401949
775 62.2710897254
776 49.764662236
777 44.0719150911
778 56.6640800367
779 62.1567184236
780 51.827871253
781 59.8924928968
782 43.7212973648
783 54.6747841807
784 52.2353170573
785 47.5103047701
786 42.267873676
787 40.5415692402
788 54.2785732457
789 56.9044661088
790 59.3556895675
791 58.9558058702
792 58.30094717
793 42.3949423208
794 49.7276489085
795 66.7111932691
796 56.5462264024
797 54.1045939269
798 62.4247883835
799 59.9381992546
800 45.6020220461
801 53.777920036
802 52.1566347449
803 43.7798196538
804 54.8620720009
805 51.3553307337
806 51.5295104101
807 55.454648133
808 54.4297805036
809 57.4296626427
810 47.7617574083
811 63.0772810833
812 58.7092185877
813 56.4793434611
814 59.8178990545
815 56.4493243101
816 50.7609879213
817 52.6686009318
818 48.5911372414
819 57.6235443631
820 58.4232538994
821 52.9291470422
822 62.3779187045
823 68.0323585312
824 53.029657224
825 54.8847987845
826 58.2708921997
827 50.2668598492
828 52.3217913131
829 52.5577450621
830 59.9310995091
831 52.5862798653
832 49.3196167436
833 54.5903311722
834 50.8591766821
835 55.760991551
836 52.1698101287
837 53.1671399776
838 57.6426116226
839 54.7177300506
840 58.6577135133
841 71.218939664
842 51.7267498539
843 48.5777994398
844 41.7381927396
845 60.6686265003
846 55.1035138236
847 68.0635644333
848 58.3061553205
849 72.8210035443
850 55.0942125164
851 68.0902976824
852 56.8770503104
853 65.9204444241
854 59.909810253
855 68.3888334439
856 57.6336036246
857 58.3561600415
858 51.6918219185
859 63.2568777443
860 64.0514319357
861 53.4762631518
862 60.5160508935
863 60.3862308136
864 59.7433258511
865 52.1368616482
866 57.516140875
867 45.9852765883
868 76.3776492245
869 65.9516542186
870 56.0378679297
871 54.8254682292
872 42.0132897052
873 80.7615023844
874 45.1860144511
875 52.5495755978
876 65.5261103836
877 68.7449067463
878 55.8069438485
879 41.2405326687
880 50.6315965449
881 40.1806764588
882 63.1016955587
883 70.7455230823
884 54.5327542174
885 56.2456641966
886 43.6150825473
887 57.4275429749
888 58.7811960518
889 59.2089752278
890 60.1055830835
891 48.7270113455
892 45.2999398016
893 57.5168176802
894 64.6207975476
895 64.0574545252
896 71.957662994
897 53.7517299735
898 44.9897117289
899 58.0364987141
900 56.9545231071
901 58.4937057914
902 72.5796773301
903 59.1135855094
904 54.2775801287
905 63.6370416996
906 65.3431569319
907 59.3072812692
908 59.2516699786
909 71.5522603552
910 45.766612466
911 62.118883267
912 52.9661217404
913 54.8436257683
914 57.2012433352
915 42.3451350328
916 55.8294532124
917 58.2399347581
918 68.1224801389
919 58.1954303757
920 56.9665037665
921 53.3771260727
922 56.2254758772
923 46.8772658441
924 56.6096568297
925 57.4486604292
926 48.4978891622
927 61.9169178711
928 48.1149625906
929 53.8588491772
930 60.2693920522
931 44.5228842502
932 59.92358522
933 49.9557181978
934 55.5737497043
935 42.4144600361
936 60.1276292132
937 52.8179063759
938 56.5390616504
939 55.467837003
940 56.0435304991
941 58.1822616426
942 58.0183624483
943 55.0422218614
944 55.6973983666
945 70.8996444938
946 39.3387693793
947 52.7499758171
948 60.4353396157
949 50.7340135912
950 69.842996622
951 51.1461503986
952 54.6408563011
953 47.6909130791
954 53.0327449521
955 60.370009342
956 54.7934921777
957 57.8765323968
958 44.2417298927
959 56.2452578708
960 45.5467939389
961 54.7363246011
962 44.0549985536
963 54.169751427
964 59.7092882379
965 48.5756934482
966 51.4111200046
967 55.5654415344
968 45.9066988885
969 58.8452284621
970 57.0127431076
971 58.8092573265
972 54.9629886495
973 57.8253242483
974 53.0295117402
975 57.4217853066
976 59.1765904172
977 65.7740109488
978 59.2123601701
979 56.3809316438
980 49.3338290504
981 50.4936837195
982 54.5118827591
983 52.0515077091
984 51.8040873377
985 59.858830801
986 46.9722589941
987 57.580885967
988 59.8724492426
989 64.0174042605
990 66.6001878909
991 65.6152379395
992 65.7165891314
993 56.3130414731
994 56.5601811583
995 51.6771198482
996 54.5654172157
997 58.7799023786
998 53.112632666
999 58.5805024719
1000 69.7034670913
1001 66.3533708078
1002 63.6928187829
1003 55.1744677983
1004 61.325584664
1005 64.9558582213
1006 57.9583046974
1007 62.3240529433
1008 57.6769614777
1009 55.8694974398
1010 64.3368977341
1011 48.9142918039
1012 58.0185415687
1013 67.2712494857
1014 53.6383577049
1015 67.395962631
1016 58.4571619355
1017 69.41673118
1018 57.8501347925
1019 48.4645262776
1020 67.2131582265
1021 41.0736743616
1022 56.669013051
1023 55.8102996687
1024 57.1474866498
1025 58.7824513566
1026 55.4094088017
1027 73.6820142932
1028 61.4590345791
1029 59.5241024301
1030 58.7666459968
1031 67.4356798615
1032 50.8604921184
1033 54.7486974425
1034 58.4383879694
1035 65.3754614365
1036 43.5987359027
1037 45.3027972675
1038 44.1376381047
1039 48.5329710313
1040 42.8689161332
1041 55.9988967218
1042 44.2813092983
1043 45.8872769093
1044 40.7112445887
1045 59.0227573362
1046 48.2875341435
1047 45.6691240031
1048 48.7289226237
1049 43.5268712065
1050 53.5859101781
1051 60.3644296192
1052 40.1682133157
1053 38.3867903706
1054 53.7611913742
1055 48.4050475693
1056 52.261485472
1057 45.5418518864
1058 36.849497539
1059 44.5188560242
1060 51.4444151614
1061 46.2658658499
1062 59.7651990069
1063 46.8323391166
1064 44.4358945265
1065 44.487899838
1066 38.4789267616
1067 41.0308156807
1068 43.0252202244
1069 67.2923349508
1070 46.1124897766
1071 55.2348629418
1072 45.6297875506
1073 41.8546065938
1074 50.3130263112
1075 19.5866320209
1076 36.7718901468
1077 43.1870509689
1078 43.4228493076
1079 52.1131313471
1080 46.1482118185
1081 46.1411434529
1082 47.4480299885
1083 42.9146891685
1084 47.5303313635
1085 42.4273397161
1086 44.3629067841
1087 45.5046486632
1088 40.1775197828
1089 49.308274613
1090 42.9792455108
1091 46.5429982271
1092 44.9841695034
1093 44.8145585908
1094 44.042827502
1095 38.5934131866
1096 42.7756479114
1097 49.049004106
1098 48.3092153614
1099 38.4216717084
1100 37.8035010033
1101 57.7308545049
1102 52.9590131008
1103 52.8031951506
1104 65.1541525321
1105 56.8861462827
1106 53.1991527727
1107 55.5688581218
1108 51.6066572616
1109 53.0882285762
1110 47.2771822862
1111 53.1325025686
1112 51.2180970087
1113 55.5837949374
1114 46.1833992844
1115 57.9185521604
1116 73.4331635104
1117 55.9926768115
1118 49.1500740243
1119 48.5391640735
1120 57.2847221979
1121 70.8460248533
1122 57.6701072682
1123 61.6962733041
1124 58.2048524981
1125 41.4069782447
1126 46.3385799448
1127 65.4896634604
1128 49.6128332193
1129 50.7272214988
1130 51.3620753617
1131 52.555996802
1132 51.4353997951
1133 57.4815887021
1134 63.9930384776
1135 51.7118115081
1136 54.1017577919
1137 62.1130854755
1138 54.5221612045
1139 60.2122469647
1140 62.2369825264
1141 59.4418735087
1142 48.5023779385
1143 52.8942908784
1144 62.9282360368
1145 55.5540683244
1146 56.0117046154
1147 54.2600306071
1148 56.9025469074
1149 53.4467020412
1150 55.3273277763
1151 53.3467334484
1152 54.8043162983
1153 47.1583506087
1154 53.7827390003
1155 44.2411310361
1156 53.6179786052
1157 54.7583831677
1158 47.4191814207
1159 51.6261896862
1160 49.5541261674
1161 58.0560527933
1162 56.261961163
1163 46.5526108633
1164 55.4524180557
1165 54.9182102266
1166 53.0421103497
1167 48.652527056
1168 51.2626708367
1169 52.8836372238
1170 53.3579754161
1171 45.5891620295
1172 53.4596898041
1173 56.2506221531
1174 54.5531642661
1175 54.0361535355
1176 51.6951234525
1177 50.577801338
1178 54.2090345189
1179 53.8594083304
1180 55.3599826527
1181 51.2624812159
1182 46.5110249481
1183 46.9209837502
1184 44.9250183716
1185 42.5197063523
1186 40.3962333767
1187 66.7702536341
1188 53.522160921
1189 56.2038266289
1190 55.5400042411
1191 45.2270526406
1192 48.6061642833
1193 50.2798908063
1194 58.5826140181
1195 49.605899199
1196 42.8782088815
1197 54.9407674546
1198 54.5013514978
1199 57.6745199612
1200 49.9848870939
1201 42.7437917793
1202 51.5957585857
1203 57.29677309
1204 55.223507028
1205 48.0028240124
1206 53.601773584
1207 59.0454167203
1208 56.6348290824
1209 55.0185735318
1210 47.2914497555
1211 55.3108433969
1212 55.3385003007
1213 56.6401294436
1214 62.6083150127
1215 46.7318041868
1216 56.6950624979
1217 61.338599868
1218 53.275758122
1219 54.0429324205
1220 57.4027741139
1221 52.8870398003
1222 68.8819536154
1223 50.2122437415
1224 42.2485387512
1225 50.1551797987
1226 42.7578628721
1227 50.7733067411
1228 49.1581262051
1229 53.6748961017
1230 49.2332664083
1231 53.0044610761
1232 56.1650646712
1233 61.832453629
1234 60.5659496612
1235 67.7796702664
1236 59.9267544202
1237 44.401517952
1238 56.016906676
1239 52.3551118433
1240 55.3735545208
1241 51.4455830909
1242 57.5567721505
1243 46.6611820118
1244 58.918500713
1245 68.5763268809
1246 59.0057036004
1247 55.6622704756
1248 58.2652736947
1249 57.1611579022
1250 51.3100261598
1251 52.9178410478
1252 55.2224069575
1253 59.1739466142
1254 66.2634249465
1255 56.1837833005
1256 59.107789528
1257 56.6039844185
1258 55.8009242717
1259 50.4345090087
1260 56.5988641255
1261 54.9724268199
1262 57.6796544273
1263 51.7541495037
1264 61.132442388
1265 69.7462092089
1266 49.3544979736
1267 41.0304546464
1268 59.0413390878
1269 56.2177218638
1270 63.8044023629
1271 57.4425163785
1272 61.2597010819
1273 42.2596646433
1274 64.0299991939
1275 62.5882782761
1276 57.202649167
1277 47.92062566
1278 69.6655769608
1279 56.8574231472
1280 66.8535305765
1281 59.8174259026
1282 59.1465278358
1283 55.4098761415
1284 58.4297562846
1285 63.5352958847
1286 59.7364296865
1287 57.153923307
1288 55.161375098
1289 55.6962348175
1290 55.9453410193
1291 46.6419747334
1292 79.6244471814
1293 59.3430720455
1294 59.3641919806
1295 69.0469360588
1296 59.0773609774
1297 60.1602067827
1298 45.1973684022
1299 62.127683623
1300 58.6001876526
1301 54.3966266849
1302 62.0854805644
1303 77.5869354762
1304 57.6179480757
1305 76.5110731052
1306 53.870478563
1307 64.072720705
1308 57.9340110095
1309 58.8824290575
1310 58.2048751516
1311 62.9792674887
1312 56.4452657312
1313 59.9646255565
1314 62.5975983877
1315 56.4623491007
1316 55.4190313131
1317 61.738575502
1318 55.6668946207
1319 56.8578291359
1320 64.6535675486
1321 50.5696349313
1322 55.2704108094
1323 58.6478334996
1324 67.7974087137
1325 60.2067189642
1326 63.4695102627
1327 55.2629834541
1328 49.6287333476
1329 61.4153026687
1330 62.1082180932
1331 56.1366559523
1332 62.8344127209
1333 61.6640850451
1334 60.4370264568
1335 69.6062093731
1336 61.0543882932
1337 65.0377653686
1338 55.833244269
1339 57.6578515784
1340 53.8004350864
1341 60.1083425572
1342 64.9263581658
1343 53.636866252
1344 61.66355445
1345 51.5434621932
1346 61.495175167
1347 61.5746499755
1348 49.3861748723
1349 69.1627812005
1350 63.1728411104
1351 50.4036024188
1352 57.6961592927
1353 56.4826511438
1354 65.6713781237
1355 54.2279471717
1356 63.3439415618
1357 48.1471866239
1358 72.8850999559
1359 57.9833404602
1360 53.4871552646
1361 80.5680167542
1362 44.0942316792
1363 76.0540244642
1364 48.620210087
1365 60.0520298551
1366 49.2768897273
1367 46.6609021892
1368 68.8823344989
1369 54.6233441635
1370 56.4750978822
1371 56.8008133023
1372 63.7907362362
1373 57.2741663356
1374 57.2991383151
1375 57.4901191455
1376 53.8803473454
1377 68.199152127
1378 63.608222678
1379 51.3016454791
1380 56.9001132949
1381 62.5407176651
1382 55.963836618
1383 56.4924499545
1384 62.0355619284
1385 56.006466496
1386 56.6720203899
1387 64.4324319703
1388 56.880343693
1389 57.7450332995
1390 59.024766736
1391 70.0684719987
1392 53.5737258484
1393 64.8298086463
1394 47.6226417237
1395 60.5573774736
1396 63.628946333
1397 41.5606319414
1398 48.8490540388
1399 58.8337156564
1400 52.7890374972
1401 60.2383949709
1402 52.5062606568
1403 47.9946928244
1404 57.650952456
1405 61.9889845817
1406 56.5615244253
1407 54.1458035769
1408 44.9327415965
1409 52.8591878096
1410 45.4438063664
1411 87.2579300154
1412 67.668799726
1413 65.111555949
1414 69.0520049877
1415 58.2527430423
1416 49.4805852591
1417 58.071496446
1418 57.2696788504
1419 52.9382956395
1420 60.5652042999
1421 58.3869233295
1422 51.1519562881
1423 65.3975399013
1424 53.0864675331
1425 50.1511190127
1426 65.0042989024
1427 53.8815676402
1428 47.6567283364
1429 53.4069583332
1430 55.3131191962
1431 53.4351361342
1432 55.4559660821
1433 59.4728595571
1434 45.8429210824
1435 50.4824683676
1436 51.3966698342
1437 50.9735750605
1438 56.8051651792
1439 54.254516354
1440 52.0031897831
1441 26.6224074963
1442 60.628959333
1443 44.7619905873
1444 52.2161977972
1445 50.2563060315
1446 45.4088089233
1447 54.485993034
1448 57.2784061648
1449 44.8558709907
1450 51.3112325346
1451 54.2879597418
1452 45.0165999695
1453 50.4116527897
1454 50.0497505262
1455 41.9328106775
1456 47.3165862451
1457 60.9849583046
1458 54.2807094542
1459 54.535808192
1460 49.4988448513
1461 49.1696257457
1462 48.4099541684
1463 54.5145230504
1464 57.7862728617
1465 41.5250750732
1466 51.8770462224
1467 56.8412395838
1468 41.0678026122
1469 52.5915570692
1470 54.2702016885
1471 53.1970501979
1472 50.5110405907
1473 52.5247916006
1474 48.2497988325
1475 54.2634126045
1476 70.4644028214
1477 71.1055234383
1478 49.8024954437
1479 56.5692616286
1480 50.1041285578
1481 59.9022436362
1482 44.1685451503
1483 50.0089534505
1484 57.3150177169
1485 53.708220504
1486 44.2039626543
1487 53.8728892834
1488 51.3679703233
1489 56.8545704431
1490 51.8561099647
1491 55.2906585969
1492 60.2438898414
1493 69.3465467804
1494 54.1918044362
1495 59.8654255956
1496 55.9903657773
1497 64.1645450807
1498 63.5318131884
1499 60.4947219177
1500 51.3510304091
1501 59.4575576106
1502 56.6946063531
1503 58.6386298569
1504 59.0665795815
1505 63.8901188786
1506 58.0173086155
1507 62.2335804836
1508 60.1760502089
1509 57.6364241379
1510 60.1872091093
1511 57.3939220835
1512 59.8310551403
1513 49.5396963004
1514 53.596204878
1515 67.4262163356
1516 57.4849440848
1517 67.3230078741
1518 57.5608404601
1519 71.2064672955
1520 57.9278037694
1521 57.5984786533
1522 58.2363465306
1523 58.7842836835
1524 58.0992704101
1525 51.5668091927
1526 60.1872800925
1527 84.452665828
1528 55.0636079728
1529 50.6402408425
1530 58.9965122477
1531 53.890244172
1532 63.1545351267
1533 53.7783514365
1534 55.8280019713
1535 57.8555819626
1536 53.805680633
1537 68.4774906034
1538 61.1352628296
1539 87.3380257443
1540 65.390718514
1541 67.8090726587
1542 52.8623042438
1543 59.0140417244
1544 57.2647014937
1545 56.3186564369
1546 70.4789240835
1547 64.9742634656
1548 56.7869487195
1549 63.0680325656
1550 58.3147652135
1551 59.3213638651
1552 59.9841083156
1553 46.8394444465
1554 47.4396525761
1555 56.9591431086
1556 71.8290935464
1557 73.9808674653
1558 57.6867697285
1559 47.5516121304
1560 69.3998354812
1561 44.815530072
1562 54.0746464713
1563 54.3933483373
1564 57.3075224306
1565 62.8264534459
1566 56.1770403632
1567 55.6045345396
1568 52.6859945534
1569 52.6905910923
1570 43.6928563962
1571 72.1320829087
1572 58.0680324855
1573 45.9120015062
1574 56.8139341389
1575 52.6710014407
1576 42.0659586983
1577 50.1819454311
1578 59.9127823104
1579 56.9515661725
1580 62.3075625211
1581 57.558450605
1582 29.4165440383
1583 48.6664595306
1584 59.5693874908
1585 60.2499224353
1586 53.293955226
1587 55.7963158355
1588 56.2670394931
1589 56.1804861041
1590 56.7824861631
1591 54.92302839
1592 57.1650899198
1593 42.0047383164
1594 61.3040333495
1595 52.6678929681
1596 57.2322053919
1597 42.0406512947
1598 57.930457341
1599 56.8027114869
1600 54.9465311049
1601 58.5165244683
1602 63.3315232173
1603 57.1849685138
1604 61.7209742542
1605 56.839468526
1606 53.5719311658
1607 53.5795476834
1608 55.0023756331
1609 51.8957696372
1610 50.8900342319
1611 58.082322768
1612 56.9463322234
1613 55.2931744452
1614 47.8029975963
1615 56.9002356817
1616 55.3129144132
1617 48.9262618339
1618 70.9353539447
1619 55.2271426814
1620 65.4180494456
1621 47.2704130468
1622 57.1606061422
1623 50.8397890221
1624 52.5884473349
1625 66.0607082977
1626 50.9334038651
1627 59.8777877483
1628 51.8373750914
1629 68.0039827596
1630 52.0067476584
1631 63.8148129575
1632 58.4891940625
1633 56.0769488655
1634 56.0150893976
1635 49.2467484367
1636 54.9149770178
1637 60.0794413493
1638 52.5805619846
1639 50.5319313267
1640 56.9792991799
1641 57.0655444255
1642 55.3691946603
1643 58.3394238588
1644 60.2042527514
1645 56.2158588629
1646 61.092437001
1647 46.607087782
1648 45.4436870372
1649 58.7361348242
1650 55.9490754368
1651 55.271291696
1652 55.0842544986
1653 51.5111766645
1654 48.5490826711
1655 57.2061133673
1656 52.6865518134
1657 77.3414778514
1658 58.6453974732
1659 52.5731294696
1660 52.3488561314
1661 61.4627784401
1662 59.484812944
1663 57.1006028916
1664 58.6229421673
1665 55.2559986422
1666 66.5732901455
1667 51.5187252718
1668 43.6031173659
1669 46.5122371715
1670 59.5925525061
1671 58.7976513241
1672 52.4659660615
1673 51.0846028711
1674 71.7694547709
1675 60.9492128989
1676 55.4143926366
1677 53.3152154795
1678 54.0747319599
1679 47.0547214444
1680 51.9754563728
1681 55.0289744993
1682 75.8922345711
1683 71.3996189312
1684 69.5843916559
1685 67.4943024386
1686 55.1998664291
1687 57.2818148214
1688 67.3186760288
1689 70.3520718016
1690 80.3496150792
1691 67.2004322092
1692 51.583890641
1693 56.9762505466
1694 57.306218529
1695 78.6135985294
1696 56.9377771789
1697 62.4415467855
1698 61.891377983
1699 66.0303439557
1700 68.0130144365
1701 78.0405821644
1702 70.6787233512
1703 79.0560077867
1704 73.8033201798
1705 72.576257325
1706 76.4478733821
1707 61.7228199982
1708 65.4180021508
1709 66.2407014853
1710 64.5539256363
1711 64.3917812479
1712 68.1256158762
1713 83.9937058582
1714 63.2955846394
1715 72.1607743335
1716 59.321499932
1717 59.6113578185
1718 78.2185065539
1719 64.9743446381
1720 69.4728929563
1721 81.1175502056
1722 73.1897130466
1723 72.772369943
1724 60.2444725837
1725 68.740111292
1726 48.6787111001
1727 66.8628757329
1728 82.0598216362
1729 62.2747377982
1730 66.7471648605
1731 62.5025135894
1732 66.6528868396
1733 79.1799154703
1734 54.4157167107
1735 68.3163034408
1736 79.0322354983
1737 80.7163189074
1738 69.6631842737
1739 73.7910702119
1740 65.4491741569
1741 75.8314514735
1742 77.5212001344
1743 42.2591216045
1744 54.4007331517
1745 53.0806412696
1746 55.1393582395
1747 51.1855030503
1748 43.9879450093
1749 61.1016259555
1750 50.9754929289
1751 50.765040014
1752 46.8411552912
1753 57.4237538083
1754 52.8203717922
1755 52.1094935705
1756 49.6416727295
1757 53.9789876935
1758 66.0315481904
1759 53.875738764
1760 53.2251336808
1761 63.5875437912
1762 50.7646174308
1763 54.9492985649
1764 58.9472397988
1765 54.4687010034
1766 45.5583819924
1767 50.7321749823
1768 51.8521180996
1769 52.7073130298
1770 54.5221561585
1771 56.2363966301
1772 49.0750189828
1773 59.4299677246
1774 57.0971699045
1775 62.9737707345
1776 49.9711592453
1777 55.887513429
1778 49.6411299836
1779 48.4332672321
1780 52.0513388641
1781 56.9626864136
1782 53.2334373728
1783 53.4512932905
1784 53.5839141228
1785 34.5793010506
1786 51.6702902512
1787 57.6506107691
1788 69.6636725029
1789 55.4671089713
1790 59.7046874257
1791 55.5577541722
1792 50.3250377802
1793 52.3967129254
1794 56.5186801594
1795 52.4994301117
1796 50.1486345363
1797 57.5052915899
1798 50.1386703821
1799 54.5893877764
1800 52.0434689421
1801 64.3336606845
1802 58.7715341873
1803 48.4570563476
1804 54.0684277726
1805 52.6815683711
1806 50.039985531
1807 57.4997092601
1808 51.7791889916
1809 57.2083885318
1810 55.5940222889
1811 60.7815232385
1812 57.0158302654
1813 48.2724574424
1814 63.9457317598
1815 65.1598419429
1816 48.6293912702
1817 44.3815424447
1818 55.2861396481
1819 64.5964570294
1820 53.3949567588
1821 59.1065556318
1822 68.7029633958
1823 53.1808198937
1824 51.1027542387
1825 56.1459923368
1826 47.3686301821
1827 60.2155520376
1828 55.8673533558
1829 47.1956059557
1830 43.8850294012
1831 53.4361231682
1832 59.1539693819
1833 54.9272636084
1834 57.7564149802
1835 72.5708317872
1836 53.4583998031
1837 52.2752208985
1838 53.3215470297
1839 69.9171370408
1840 55.1527651871
1841 53.3446980311
1842 50.424785791
1843 50.1068642557
1844 54.0479247218
1845 64.5970167984
1846 60.3686929026
1847 58.0957996905
1848 52.8217689219
1849 59.930829049
1850 58.6947119608
1851 62.849309775
1852 58.8776768314
1853 56.6133887091
1854 54.5011236219
1855 52.6534417772
1856 56.086956064
1857 54.4659559052
1858 57.8997837777
1859 55.7841090977
1860 50.3951778364
1861 52.514775964
1862 58.5196924908
1863 57.6159635577
1864 52.5844363216
1865 51.1788106972
1866 53.7094400848
1867 63.7056123134
1868 46.9761985325
1869 56.1255192432
1870 60.450310471
1871 48.7086092059
1872 61.6313286398
1873 69.2478891923
1874 70.5715990688
1875 75.5776829072
1876 85.8945817217
1877 90.9973881633
1878 70.0048306114
1879 73.3562151236
1880 79.6796918041
1881 74.6361041578
1882 80.9074682278
1883 75.8818296251
1884 87.9397050455
1885 71.2987902852
1886 72.4809520476
1887 73.2395702204
1888 72.3619528199
1889 83.4350177218
1890 71.0529217381
1891 75.4569615612
1892 77.4719021223
1893 81.040783345
1894 74.5412506176
1895 74.695348979
1896 76.3338377831
1897 65.381156355
1898 80.155880593
1899 79.9573941259
1900 72.5460198913
1901 80.148636377
1902 72.9065593382
1903 82.4877511136
1904 67.4663427775
1905 69.8094983306
1906 76.8234011646
1907 74.2262670318
1908 72.3783695376
1909 64.6873349774
1910 71.6788024022
1911 67.0629055203
1912 74.0823554202
1913 76.2646692122
1914 98.611856294
1915 71.41126082
1916 80.0343973721
1917 69.4228586375
1918 76.1013400197
1919 75.0208200728
1920 69.0751851638
1921 69.3470507191
1922 65.9167269228
1923 89.4074985483
1924 86.3583898296
1925 70.1471770516
1926 81.1191936908
1927 72.7735377008
1928 71.9144649637
1929 70.5911197027
1930 60.2493495198
1931 74.0216745345
1932 70.8500163034
1933 92.3942055914
1934 83.0988809611
1935 75.4916234194
1936 71.5373983565
1937 78.1117331863
1938 76.9806208976
1939 76.6397691726
1940 74.515443655
1941 70.1233756805
1942 73.3313144324
1943 82.3229419908
1944 73.1907857785
1945 90.4805773133
1946 72.5266409888
1947 69.6588998527
1948 85.9954844843
1949 84.7927121378
1950 68.3449065259
1951 72.2020552261
1952 75.2125171793
1953 75.3536370817
1954 84.0212892502
1955 71.6053428134
1956 82.6590023645
1957 79.5530017309
1958 70.7064974996
1959 74.9507882573
1960 70.6916968126
1961 67.4428608077
1962 85.6554093403
1963 75.7558225374
1964 54.4510853082
1965 66.339361286
1966 58.459356971
1967 59.7144650409
1968 67.4117800323
1969 72.1278775447
1970 53.9298607106
1971 66.2287796061
1972 54.5336676494
1973 54.7225484645
1974 67.1267141544
1975 55.1721121816
1976 57.4317981464
1977 53.7228676767
1978 60.8884152389
1979 55.7512402381
1980 52.0630195133
1981 62.0022858855
1982 53.6845038934
1983 52.1189132198
1984 56.1718834496
1985 68.2571111191
1986 58.2151336115
1987 56.986368948
1988 55.3384179893
1989 61.0238722842
1990 58.9815651224
1991 58.1419119209
1992 46.3885839881
1993 64.2444425068
1994 61.8334969822
1995 49.5737958996
1996 75.967829028
1997 51.3208519773
1998 59.3903409714
1999 53.7469569509
2000 55.6727891909
2001 67.0056857504
2002 55.9651302813
2003 50.7127294312
2004 56.8165780743
2005 55.9964473534
2006 57.0509601076
2007 61.2859730804
2008 60.1349545841
2009 68.8378194192
2010 60.3118955743
2011 62.1882515421
2012 79.0136969689
2013 56.050729761
2014 62.5504372847
2015 59.6792247175
2016 59.9670941748
2017 58.6026125641
2018 54.1910428741
2019 59.1328343979
2020 57.004387018
2021 56.8113531507
2022 60.5483758616
2023 59.8480095069
2024 61.4952214485
2025 62.6536850934
2026 59.5940529285
2027 65.1629111368
2028 66.2274855427
2029 45.4875310101
2030 53.7716366046
2031 54.545706358
2032 54.7548161775
2033 62.8762269112
2034 65.4339216664
2035 54.3991037664
2036 59.5277881142
2037 60.9179504028
2038 59.9617134826
2039 63.6862674337
2040 59.355346759
2041 58.5335704796
2042 60.1180283318
2043 46.489381085
2044 51.8146561976
2045 61.4973979648
2046 58.6188878427
2047 56.4168877829
2048 66.8230365885
2049 49.5534769316
2050 60.2123119295
2051 51.1091626502
2052 78.0003931825
2053 58.5342443916
2054 70.4729795608
2055 59.6757409753
2056 65.8218079545
2057 67.2697615132
2058 59.5923362389
2059 49.8136068289
2060 47.8934324848
2061 72.7874978873
2062 58.7641359598
2063 61.1426025593
2064 61.1476491334
2065 65.0983183813
2066 57.7717759048
2067 63.3650471926
2068 57.6173610293
2069 47.8474541784
2070 65.5095285396
2071 68.7571135013
2072 54.2885829485
2073 66.1897494349
2074 61.4060678452
2075 59.0708858371
2076 57.8268307407
2077 58.0029525379
2078 54.627199448
2079 57.0885902247
2080 49.0953891924
2081 53.4371027398
2082 59.9534904879
2083 58.8740284965
2084 53.8804814049
2085 62.4286078418
2086 59.265486368
2087 56.7116718154
2088 62.7773534467
2089 58.4333634935
2090 49.4166021192
2091 57.5192880248
2092 68.5462342036
2093 53.4617644608
2094 68.2604075119
2095 56.520712451
2096 56.7923499545
2097 53.6665428328
2098 23.5889436031
2099 56.8693436369
2100 60.6615332006
2101 59.7939238717
2102 54.736846977
2103 51.2504832516
2104 57.2934686111
2105 55.6497511406
2106 53.0876833307
2107 58.2067858515
2108 51.178539766
2109 55.9690700998
2110 64.9991541464
2111 46.6012214797
2112 58.9773878101
2113 56.2176919485
2114 65.6297927363
2115 61.3157752444
2116 51.8477255863
2117 52.6970977375
2118 56.1402705392
2119 52.6321812535
2120 59.6021353037
2121 61.8982678705
2122 58.3537362495
2123 57.5769386394
2124 56.6674086454
2125 58.907959528
2126 51.3185483995
2127 52.9186309296
2128 57.6541107125
2129 54.3783817481
2130 55.2481844702
2131 59.3985485224
2132 59.9414695103
2133 51.7194169572
2134 60.7430744521
2135 64.2171453262
2136 58.1659441125
2137 47.6301913761
2138 70.4378904748
2139 56.3457768351
2140 67.431981693
2141 53.1374874278
2142 63.8111543794
2143 67.4665581866
2144 66.2289321227
2145 58.6271364258
2146 58.3525282659
2147 55.6540393142
2148 74.7290554896
2149 45.0359486694
2150 56.1245150913
2151 55.4777731781
2152 45.1924804697
2153 59.139725934
2154 45.5801659486
2155 49.7962233954
2156 65.0038715401
2157 57.9209688731
2158 57.4741819871
2159 47.2423307051
2160 48.4579642954
2161 44.6056846469
2162 38.0775647346
2163 56.0340348214
2164 57.1971834667
2165 55.518415903
2166 49.4147410687
2167 47.7334842923
2168 45.0326864139
2169 49.4901492049
2170 52.3160201283
2171 48.9402391459
2172 52.2902193713
2173 57.941854488
2174 46.4023395006
2175 41.3430691401
2176 49.6901170844
2177 39.2547024059
2178 55.1416100219
2179 50.0052046065
2180 50.0358588252
2181 55.9411614422
2182 44.5972873676
2183 44.5507486923
2184 45.9907305151
2185 40.0008032894
2186 53.0491577179
2187 16.5067495433
2188 53.5525159903
2189 53.5191088893
2190 45.2703414344
2191 51.4899643023
2192 64.5837170213
2193 53.8277881298
2194 52.3614763158
2195 52.203502468
2196 48.3924679613
2197 49.8957819138
2198 38.2787215284
2199 47.8950234828
2200 51.6269119698
2201 49.5404747758
2202 54.0267107468
2203 48.9524726013
2204 39.0267675076
2205 53.2089670203
2206 50.3070783571
2207 49.4905981141
2208 42.4895183081
2209 45.9242057962
2210 52.4199420125
2211 51.4739655775
2212 51.8901051148
2213 50.5412720974
2214 54.1771544742
2215 47.3384422153
2216 49.6469330875
2217 39.74606569
2218 60.5103707414
2219 48.0755498145
2220 58.0590671715
2221 37.0349191706
2222 39.5952302935
2223 50.3349107245
2224 46.270450374
2225 53.5398828104
2226 64.9828692063
2227 59.6111920308
2228 37.8455304912
2229 51.5810630293
2230 58.6232119771
2231 52.3735430537
2232 58.9076435733
2233 54.6691969406
2234 60.772083004
2235 55.1775163746
2236 54.391974104
2237 60.0062277939
2238 61.0509622323
2239 58.3171168645
2240 63.8463194853
2241 45.7816132803
2242 59.2628762389
2243 60.9196219127
2244 47.590996937
2245 57.9166825452
2246 65.4431428591
2247 63.3243198637
2248 64.4854297336
2249 61.4066513434
2250 64.8728601017
2251 60.4046502541
2252 55.9324875926
2253 61.7255402188
2254 66.4467816904
2255 69.2181444446
2256 82.6691997776
2257 57.0208435382
2258 63.2067447076
2259 53.2823846359
2260 61.5302708995
2261 60.7721931372
2262 55.7256722792
2263 62.8531335777
2264 46.3421800481
2265 62.0431015559
2266 66.3475537415
2267 80.9179288514
2268 45.3948332098
2269 48.3897406668
2270 57.5663871808
2271 51.7129570023
2272 66.0446801591
2273 62.223477919
2274 55.2418515179
2275 65.0423585916
2276 57.5317469485
2277 54.7245545251
2278 47.2120459609
2279 58.3474978991
2280 72.2525401609
2281 68.1155475107
2282 57.9676928092
2283 56.7706783558
2284 59.4628273275
2285 56.4443065378
2286 53.8790255537
2287 60.4051412974
2288 65.0026336539
2289 56.8821163632
2290 64.5722713479
2291 58.8831033758
2292 63.045080593
2293 58.9416102174
2294 66.7241685944
2295 51.8691978446
2296 63.3108141993
2297 55.4291347229
2298 59.3993191135
2299 75.2568589448
2300 76.3289484931
2301 66.6446611132
2302 55.8934955914
2303 54.5937458284
2304 64.0683151018
2305 54.062711645
2306 59.784784222
2307 59.7784719006
2308 48.4818172972
2309 55.6263533711
2310 70.7589136506
2311 56.02126026
2312 52.1867274921
2313 39.1238948844
2314 71.0466638836
2315 53.2264197677
2316 62.6432420343
2317 61.0122487844
2318 55.0075568074
2319 66.0924589505
2320 59.9730956271
2321 56.1239091192
2322 67.2129901062
2323 60.0276803268
2324 62.2885501276
2325 48.352735388
2326 67.4294078715
2327 54.8388232155
2328 54.574246784
2329 51.4191024034
2330 59.1235117566
2331 58.8751516829
2332 63.416102549
2333 65.9755627806
2334 52.9291252996
2335 51.9000345426
2336 50.2672648768
2337 50.8916282219
2338 72.9959765787
2339 49.0817191779
2340 58.8129565186
2341 62.6164212925
2342 52.0342961778
2343 51.0788756216
2344 62.9174542849
2345 59.6536320673
2346 61.1391104617
2347 64.7707465833
2348 63.6840229189
2349 50.1444292491
2350 58.1584174054
2351 65.3244700398
2352 65.37984898
2353 65.3880748029
2354 47.381858942
2355 55.7574142153
2356 54.5808068892
2357 50.17200885
2358 49.8401095983
2359 51.4813358684
2360 50.5323704872
2361 48.1897515075
2362 56.8800666843
2363 54.72378618
2364 49.7880474117
2365 50.6202730545
2366 42.8208272567
2367 40.5907399398
2368 56.2564255079
2369 47.349474868
2370 40.0453081033
2371 40.5201380054
2372 60.0383861727
2373 54.0710118262
2374 48.3474031468
2375 53.2588664412
2376 51.2754189144
2377 49.7198556908
2378 48.2382747939
2379 56.1732224574
2380 50.4112637897
2381 45.6403987801
2382 46.3896407012
2383 42.9132526943
2384 49.1760497841
2385 49.7219870723
2386 49.6011549229
2387 49.1735797998
2388 46.8142074293
2389 42.6320044352
2390 55.4831025497
2391 53.9454774849
2392 48.9962181336
2393 56.3763855981
2394 72.3510730314
2395 52.0905750689
2396 51.1122923534
2397 43.2399239617
2398 51.6506535999
2399 43.8638895981
2400 44.8590279859
2401 50.1071588861
2402 48.7281654692
2403 44.5543469996
2404 55.3793585918
2405 48.9512325281
2406 44.5800391481
2407 50.8513001433
2408 53.3566843098
2409 52.5517449001
2410 48.5245421247
2411 68.479553638
2412 50.7864348569
2413 48.7803880485
2414 47.422364046
2415 59.0605301397
2416 63.6131730375
2417 49.5577445035
2418 74.5332348183
2419 50.8276365113
2420 42.9993371485
2421 66.7614249106
2422 45.1622384265
2423 50.7218924953
2424 48.2720831712
2425 57.1532089369
2426 45.5100199441
2427 62.0220680086
2428 49.7163564504
2429 53.2081975678
2430 52.6431985307
2431 53.9363208005
2432 44.0850928904
2433 44.1076227705
2434 52.3484466396
2435 59.3399381913
2436 53.9684684301
2437 49.2910449862
2438 53.6563880285
2439 51.148810797
2440 50.6323898215
2441 56.2989179106
2442 48.4465968545
2443 46.8196673353
2444 52.5306331139
2445 44.9982030537
2446 41.1393590126
2447 54.4615085764
2448 57.1626093602
2449 58.3016785656
2450 44.9556479269
2451 49.0440576175
2452 54.5562560806
2453 53.8231097377
2454 43.7429760546
2455 51.187400005
2456 50.6994717774
2457 51.3955697081
2458 55.9812925361
2459 50.1084983378
2460 41.1448992632
2461 50.2159041354
2462 48.9633293807
2463 40.591089708
2464 51.6859559635
2465 53.818595615
2466 57.2760826136
2467 51.0674544093
2468 51.6046564465
2469 50.3651898628
2470 43.8977490137
2471 53.2444361211
2472 51.5348665039
2473 54.1940020707
2474 57.7092693883
2475 53.8736756541
2476 49.2432565641
2477 47.8428868718
2478 51.1271719462
