u s
60 39.3576997808
120 45.3484448938
180 36.6097961381
240 44.2402331674
300 33.8638331655
360 30.8645300242
420 45.357064646
480 38.6985909834
540 39.6789644268
600 38.8277510511
660 26.4263953081
720 47.0469391836
780 26.1920075898
840 48.9664491936
900 45.1744073305
960 38.5774118692
1020 40.7206455335
1080 26.7301225094
1140 26.3080484134
1200 34.3656518707
1260 40.8446028818
1320 45.5234384395
1380 34.8555431637
1440 42.3662648735
1500 43.0030270177
1560 26.8908387507
1620 26.9510798332
1680 36.6243960637
1740 39.1578494445
1800 32.7232527409
1860 40.0630890227
1920 25.8932908572
