u s
1 61.6603060379
2 57.5187425759
3 52.9539490987
4 54.9861627013
5 53.1815382015
6 41.5862237495
7 44.4830565994
8 43.7032592471
9 64.1170349739
10 53.1707959173
11 43.1014006014
12 51.7700906007
13 53.3465503916
14 51.3835391178
15 53.0036030375
16 53.7024258895
17 47.4122871341
18 46.6353146128
19 166.648750496
20 50.7021333261
21 56.8359294596
22 57.9711412493
23 63.2586987735
24 55.0070418391
25 58.6099449306
26 70.2887204816
27 54.9380518448
28 46.2951840819
29 60.0964270199
30 65.3387418984
31 58.9189559068
32 70.5271850473
33 54.0287944091
34 55.6319850817
35 51.887423616
36 58.2774393584
37 61.6271337821
38 53.2168061292
39 39.7883197541
40 47.8369312785
41 56.9279408404
42 47.8897047796
43 52.6473201787
44 55.9506017289
45 53.2801486171
46 57.8539648606
47 54.2756459987
48 47.8811993933
49 46.5178361506
50 54.0810784795
51 51.7139379995
52 56.6087644516
53 65.4804870478
54 49.0456367597
55 154.949173005
56 58.7176326585
57 66.4161948354
58 65.2458609924
59 54.1142597995
60 56.2303391928
61 63.5330828947
62 64.5519627163
63 55.2397918013
64 58.7424396167
65 62.4799814579
66 46.3498991428
67 56.550853121
68 51.7000228352
69 41.4169409753
70 48.6839614091
71 54.4808054107
72 47.1240784757
73 50.8789902905
74 52.7576423331
75 53.7629161665
76 58.6838152037
77 50.1964547126
78 50.653598748
79 63.1986039489
80 65.0853398667
81 43.5062668787
82 51.7208842882
83 37.3261771092
84 51.053724951
85 51.6334976183
86 50.0565807944
87 53.8940422626
88 50.1894860125
89 57.3932192939
90 49.4277954904
91 53.9878218523
92 48.1132310695
93 53.6514106021
94 66.3686862124
95 37.735999475
96 50.3032451324
97 48.4856191762
98 62.4091287604
99 55.826302616
100 50.7697512314
101 49.4050165237
102 50.8332292639
103 47.824023884
104 58.2643203212
105 54.3817652857
106 57.2588780009
107 61.605450189
108 52.805761894
109 62.3427090229
110 46.9737343081
111 52.5963665062
112 66.3130348284
113 57.9364448622
114 53.0762625142
115 64.640035664
116 65.598314614
117 52.5576046767
118 55.3994875957
119 50.925462585
120 60.6823576367
121 50.7703322439
122 53.0717421313
123 57.9613761382
124 52.8884513517
125 43.1022059878
126 49.5331182202
127 50.6791443461
128 49.5422912321
129 52.6864715603
130 48.132439021
131 69.6604980544
132 67.0644580691
133 68.8052866481
134 64.8801137534
135 62.0918651349
136 52.8828973183
137 57.8419895791
138 62.2384705535
139 61.3787956384
140 63.7024423183
141 66.3285102953
142 55.2127110169
143 67.6129473317
144 54.9455437024
145 65.3711195201
146 54.1431645422
147 59.5387110248
148 58.6734147006
149 67.209145221
150 65.9297468825
151 62.6455119901
152 56.3428393808
153 57.7340407975
154 56.4971387815
155 60.2157100296
156 53.0472402987
157 56.9203816559
158 59.2586143075
159 68.795278133
160 57.3479897589
161 57.9788551783
162 54.8602580946
163 68.5453397003
164 58.7444451776
165 54.4889521434
166 62.5093345235
167 52.7561178134
168 56.04831157
169 74.9375656895
170 45.4887515962
171 56.845417172
172 57.3345747193
173 49.5613418359
174 59.3048446381
175 68.3595320088
176 63.5379112886
177 55.9986187401
178 59.026527767
179 52.8831290394
180 67.0912434986
181 53.4478319109
182 61.1323702458
183 63.6435733685
184 60.7181272963
185 54.0481506896
186 60.0358328453
187 46.4680008523
188 67.9709778114
189 67.2239983857
190 42.0803622322
191 53.1852673732
192 55.1003719479
193 65.2999435298
194 57.2395251977
195 60.4079675769
196 69.1041677465
197 68.319821195
198 60.1090542693
199 73.6746140058
200 70.1269434247
201 55.9650447197
202 66.8821632149
203 72.5486862594
204 72.8836014991
205 70.2910320876
206 58.3525855162
207 58.4003663737
208 68.8882672968
209 75.4241675656
210 71.2936429506
211 53.6442094954
212 53.9558319244
213 40.9174675528
214 50.1941417039
215 54.6968109097
216 42.6426697406
217 78.4344733509
218 66.2092745671
219 69.885674523
220 57.4943109412
221 70.1293426717
222 67.892116073
223 72.887708368
224 68.2431355893
225 68.9355956707
226 61.2867263145
227 71.7417417178
228 53.104890266
229 55.9885440297
230 70.9886335908
231 78.1915352404
232 70.3816103069
233 178.040635173
234 67.8142768405
235 69.7190099218
236 194.355450237
237 69.1764557378
238 70.4723588173
239 77.8360218455
240 53.0107895244
241 69.262122486
242 70.3702959789
243 68.1024459419
244 67.2846820153
245 60.4323008586
246 70.2426751138
247 72.4844865768
248 64.3982597829
249 69.14375497
250 69.1595747271
251 68.2324246404
252 69.4987164038
253 50.5895755636
254 56.3505440837
255 76.9364631356
256 69.448242164
257 73.7611617773
258 69.4406981206
259 55.209750615
260 72.3318282742
261 44.3783803881
262 71.4756572236
263 18.9500740458
264 57.0465699358
265 61.2233335812
266 53.108064621
267 56.877387882
268 56.6793456023
269 54.7190613652
270 62.0271429335
271 61.8297064072
272 56.7107315705
273 55.3352013527
274 62.1247574103
275 69.5831079693
276 55.3062017356
277 63.7901996295
278 62.4093472869
279 70.2928979367
280 57.5013703716
281 56.0658935407
282 58.3010922769
283 59.714856155
284 66.8412929505
285 53.9939018585
286 59.3625148872
287 58.0008571935
288 56.3559127412
289 67.8265820176
290 64.3717809938
291 68.4654153563
292 61.7925138017
293 57.2209811237
294 62.9121030111
295 48.3162001876
296 68.1587897836
297 58.3156657553
298 67.722814398
299 53.3067130002
300 60.1735431971
301 56.3041639056
302 60.1129774505
303 57.4252121919
304 59.4007672756
305 64.654748925
306 70.1988983925
307 59.6517449165
308 66.7691867469
309 59.4030475046
310 63.0974056935
311 74.2147785239
312 63.8921996774
313 58.7582028488
314 56.8407351187
315 64.975100925
316 59.4270705557
317 56.7755663218
318 55.9748017635
319 55.7770332467
320 53.0110545466
321 63.1311734206
322 57.4927349753
323 62.1819233635
324 60.8782879608
325 59.0865660596
326 68.5960914692
327 59.5287082659
328 60.0333101391
329 57.2225730958
330 59.4095086786
331 62.1439672361
332 55.0421436032
333 65.300103256
334 60.7541084435
335 53.8403628292
336 70.4774681482
337 63.9308575563
338 46.0651681298
339 55.6052609049
340 56.4057469223
341 69.7425980776
342 62.7764126874
343 61.0189960913
344 63.5264790638
345 53.914898745
346 55.5945027756
347 67.0561337562
348 67.8806932886
349 51.1004862361
350 63.9075501077
351 58.5345266965
352 70.1424573451
353 57.3561193264
354 60.9353812536
355 57.9569998144
356 66.9220096569
357 60.9745927112
358 59.8684790072
359 58.1209395362
360 59.8242151088
361 45.2811469833
362 66.7806987942
363 61.479154338
364 70.1674479794
365 60.0154276821
366 56.0559913232
367 67.2493199605
368 67.5796938293
369 62.3244068046
370 41.2019392891
371 64.3222148278
372 66.1581741724
373 65.0840653564
374 49.5379786881
375 60.9754291978
376 51.6341449339
377 61.3966281014
378 54.9520409033
379 67.0719052516
380 56.875383883
381 60.0192139418
382 59.4678996664
383 72.5199465216
384 58.4397234896
385 62.1462709677
386 70.0419107734
387 56.6857845167
388 55.6807310819
389 68.4632091407
390 66.0767293456
391 64.1038871934
392 57.4000150309
393 67.284211083
394 65.9952283801
395 61.6510163136
396 66.8307128797
397 77.3810046086
398 70.7659394292
399 77.2012709346
400 63.672105802
401 64.7526669122
402 64.0716898879
403 68.9012382185
404 74.9748853966
405 77.4099758787
406 70.968106747
407 65.0130448383
408 54.0174247245
409 66.603213231
410 72.0128210332
411 63.9607764007
412 69.3798998493
413 78.6792039072
414 65.2099778847
415 64.6114321699
416 72.6284083381
417 70.5874308185
418 58.6750427603
419 69.5033580056
420 63.9462253642
421 81.7544376626
422 63.0719975084
423 86.2846689665
424 78.0465399823
425 64.7532906181
426 69.5448342097
427 69.4356903158
428 65.8535552402
429 73.9860121421
430 60.4343865375
431 77.7424002878
432 50.1691284186
433 77.7029620381
434 74.7868381307
435 84.4621404158
436 66.3509770823
437 72.7725863726
438 71.2234438067
439 63.3402111108
440 63.1022939693
441 76.7371405032
442 61.686405887
443 70.4178905173
444 58.8748671714
445 71.806602623
446 63.4217662818
447 69.6309144083
448 66.2792665065
449 60.3701860121
450 73.3365076924
451 65.1305401871
452 55.0161652907
453 81.7773442523
454 51.0982173393
455 57.159748212
456 56.1051516086
457 64.2805942858
458 53.4159804247
459 51.7101610786
460 63.2363741793
461 68.825324276
462 53.5054189076
463 63.1658835641
464 52.943627094
465 48.8552933611
466 62.3334351521
467 54.8602157863
468 63.3260513617
469 60.8489748956
470 64.0594467077
471 65.0601976391
472 65.7201389304
473 51.8197486038
474 52.7966827863
475 56.8163683504
476 62.5502817249
477 60.1134058807
478 52.8468459441
479 62.394559924
480 64.1276866061
481 55.9757227009
482 54.4176418173
483 49.5759776695
484 55.5535093871
485 58.7193856797
486 59.3209024968
487 55.0557889734
488 45.651030993
489 50.9991533309
490 49.1029516077
491 63.651074486
492 53.9199743934
493 73.6023986912
494 53.4890217961
495 65.5819363457
496 61.0572087268
497 55.7084158189
498 52.8990908388
499 43.5272205373
500 67.5839273612
501 58.3690153181
502 53.1548424508
503 54.8766859394
504 56.5917754507
505 70.648520585
506 64.9997971497
507 54.2373000656
508 66.7361211688
509 54.9411001719
510 55.5387814956
511 52.5283613675
512 54.1590686503
513 55.5402737964
514 62.7393078955
515 63.1609054647
516 59.053056918
517 54.4091491393
518 62.5697443806
519 62.9777508102
520 58.1842754953
521 52.5190599041
522 65.5527916932
523 70.1063276138
524 57.0498561495
525 63.2579916943
526 62.2653569739
527 62.403043562
528 55.0235139844
529 63.7160435959
530 40.1503552984
531 64.620130021
532 55.8211536227
533 61.3008471869
534 59.2547844572
535 55.8099814874
536 66.0276716751
537 56.9401786597
538 59.5284437452
539 53.3573328286
540 54.8517899308
541 52.7757105679
542 58.3307030575
543 55.9975910652
544 65.296845033
545 59.5109631599
546 57.2851793511
547 60.4794969422
548 52.9556121758
549 59.2869171106
550 56.1370285562
551 57.1062368375
552 57.6324159525
553 56.3298681773
554 65.0071972361
555 53.0800277292
556 46.6277883656
557 24.3332027979
558 55.9465917977
559 58.2106915233
560 64.9415571798
561 61.517394096
562 66.8799916534
563 52.0572973882
564 65.4511280619
565 66.5668979371
566 57.6727896588
567 66.5585384706
568 58.2289677759
569 56.8293527351
570 63.6404235557
571 64.6506372305
572 57.6854145064
573 54.9337949781
574 65.758198147
575 51.3891960948
576 70.018038681
577 65.0900151573
578 53.7515705738
579 55.0955403891
580 59.1027613313
581 61.36060105
582 64.5275989686
583 53.0664854671
584 55.9599230871
585 61.1995510284
586 63.7424342518
587 69.0269411807
588 65.1795323129
589 79.3676829733
590 73.5427766539
591 50.5004330644
592 58.4369320431
593 57.6312938127
594 67.2896113929
595 56.0041206824
596 57.452862841
597 63.685967567
598 53.9086210337
599 65.8228938393
600 65.9597951326
601 56.8217690462
602 60.0963276681
603 51.937880635
604 59.2077620049
605 57.4240982003
606 41.1599891842
607 66.0105481126
608 67.7881616532
609 67.7254497502
610 49.7635424215
611 53.0981420822
612 54.9716542801
613 49.4027032581
614 43.737350452
615 60.3425925442
616 73.972609618
617 65.5751526069
618 58.576603439
619 47.552490332
620 52.648379361
621 57.1222719704
622 67.9895404086
623 58.5727777788
624 57.9050801472
625 58.6301020809
626 53.1087446824
627 50.6108528491
628 49.9289234373
629 55.8862523871
630 57.694455356
631 64.2670284002
632 55.3879216976
633 66.1859042407
634 53.7547860509
635 50.681209768
636 58.5613266899
637 63.3691486161
638 57.0306570889
639 57.8336752438
640 57.7016513519
641 55.8123962686
642 64.8287075
643 58.0349430837
644 58.4841921324
645 56.4087499204
646 59.253074072
647 51.2656380276
648 64.1305408641
649 58.1116093751
650 68.7677465373
651 49.1864102921
652 43.8105344659
653 69.437934182
654 57.9983807401
655 53.2629559066
656 67.89369999
657 57.6964836604
658 62.130909533
659 51.874433015
660 68.2123767148
661 61.2576580372
662 54.7057612667
663 56.6099824012
664 56.3254224811
665 51.9297179717
666 55.814100405
667 66.604032015
668 61.0866578726
669 58.3157034911
670 52.6888941158
671 75.0054087598
672 57.7003317267
673 60.1198643725
674 42.6038377746
675 53.9123171063
676 58.2119477059
677 67.9337238476
678 60.5939442997
679 56.7744177952
680 56.596639675
681 59.5739750793
682 67.2173559336
683 54.9423232079
684 54.6870766321
685 48.6244310091
686 58.4545661323
687 58.6203400933
688 60.8900195361
689 54.3925304327
690 47.1124035393
691 50.6237672244
692 56.1593957051
693 65.1765957871
694 54.6875084378
695 53.5765785955
696 64.9938753103
697 54.4648809321
698 64.219231888
699 57.2394372589
700 71.0382839235
701 55.3838619324
702 66.048374835
703 50.4819753577
704 52.9063920216
705 59.6358253168
706 51.3756831566
707 65.5741842522
708 69.7926939055
709 62.3426307679
710 55.1498963683
711 58.6324987746
712 56.3694495231
713 59.0740369468
714 56.4710570807
715 58.859304857
716 69.8333528196
717 62.4961112433
718 57.5969124689
719 57.1005302576
720 60.5946324521
721 60.4078614087
722 53.9981891473
723 63.3782512316
724 56.0957113621
725 70.1215069606
726 56.7503888685
727 54.7790326437
728 60.9588621167
729 62.0707583118
730 51.8647805318
731 53.9433127413
732 55.5353209134
733 61.135603499
734 54.483662369
735 55.4010016338
736 61.0605340727
737 57.2819216518
738 64.8155075147
739 54.2272221545
740 56.6634001256
741 58.9925744768
742 66.0840145252
743 53.8105319231
744 46.8062817097
745 58.146996249
746 56.0787146319
747 61.3637423026
748 57.8998408243
749 61.9592318082
750 58.560395484
751 76.5402070784
752 63.0154419729
753 62.7524252205
754 54.5648915831
755 44.6415330237
756 61.5662091374
757 64.3519717645
758 67.071093291
759 62.0537497592
760 58.9465402819
761 59.2714053243
762 67.3642000995
763 68.75870385
764 54.2726550044
765 59.048440845
766 60.9330679851
767 62.6635147204
768 69.0124893986
769 71.2786480217
770 54.2575780066
771 68.2197562186
772 55.7140629271
773 67.4402366105
774 56.2824935811
775 51.763784156
776 55.3260525598
777 58.7158137412
778 62.7520805844
779 51.6728491771
780 58.4023307301
781 56.5598409018
782 50.8493607447
783 53.0616631549
784 61.77039021
785 48.0305894428
786 38.7160133356
787 44.9044648134
788 53.5933745685
789 67.4159701713
790 56.4752882427
791 56.5926654137
792 56.5101815144
793 50.8650462494
794 57.0911514539
795 60.0079774928
796 63.9572673937
797 52.7112203558
798 59.9977962136
799 54.1430231024
800 52.5038139526
801 51.5640407045
802 54.5440802051
803 52.708539698
804 63.318255889
805 61.7871868086
806 52.3128410479
807 53.4513342364
808 53.2404143201
809 53.9262206184
810 50.6490104807
811 64.5096673328
812 57.496645928
813 60.312675467
814 65.7885187493
815 54.5341714892
816 53.1706145487
817 63.8509283327
818 56.025340717
819 52.8316934018
820 56.2496781972
821 52.2158223633
822 66.0023584667
823 61.3800034619
824 52.8997423413
825 60.753965175
826 62.7395293267
827 55.1519518457
828 58.0292295459
829 51.4552751611
830 54.749000657
831 51.9310731597
832 54.5581849921
833 49.6167198769
834 54.4369474134
835 46.8356963731
836 52.6444367296
837 51.5235586625
838 62.1368144562
839 57.4330697012
840 58.8269659718
841 63.8136686263
842 52.874534911
843 50.3059974235
844 51.5270298554
845 55.8461881529
846 62.5421047336
847 63.8482040856
848 63.6482693389
849 59.7994970127
850 44.4729754951
851 65.7079454134
852 64.8855031628
853 71.5012157246
854 69.3961216569
855 55.6221215533
856 61.9736292167
857 60.0122275033
858 67.5330829745
859 65.6477422656
860 61.4506579622
861 50.0036124835
862 66.0723279299
863 73.5090672988
864 50.4916314287
865 66.7510715947
866 54.0446100004
867 61.6950945278
868 58.8749358
869 61.5170090156
870 54.0173036803
871 58.444665933
872 63.0304258107
873 60.5158699824
874 58.8893657049
875 60.248658852
876 68.5966827912
877 59.9066315755
878 61.9243938806
879 60.7683912296
880 66.3404175208
881 50.8384840895
882 53.2830966116
883 63.5405987653
884 60.0271522297
885 72.8748373354
886 53.0446907197
887 62.1724075734
888 50.7869094024
889 53.946016668
890 60.7249708953
891 59.9119397832
892 69.2560571919
893 57.2765985461
894 58.025462013
895 50.1639727596
896 60.1459130576
897 38.3983001121
898 70.3939960802
899 58.8988710424
900 56.0524370014
901 60.0986256353
902 58.5587317803
903 56.5021529504
904 72.2303483062
905 60.0817990574
906 63.3725509419
907 67.615312998
908 65.5559216142
909 58.2616028386
910 58.5751461009
911 55.7475504258
912 75.5304980581
913 57.1368223474
914 61.6376760158
915 53.3868746224
916 56.6367745608
917 55.186183016
918 65.8227412675
919 64.9435049296
920 55.974912227
921 45.6461370237
922 55.4836566829
923 57.0072198525
924 67.4610389521
925 63.2632057201
926 69.8830407828
927 73.7389678438
928 66.3634439964
929 59.244939623
930 56.7560904517
931 56.6905836951
932 60.9622255102
933 61.7559616206
934 59.915981415
935 66.1158869002
936 71.6085810894
937 70.3636697921
938 62.5948434414
939 65.5570068975
940 61.7078116921
941 59.3357244068
942 61.9286453394
943 59.6074611424
944 62.0600311728
945 65.9537237472
946 57.1855747527
947 58.7102980452
948 60.6095650894
949 68.05787986
950 59.6827602223
951 58.1679584844
952 71.8050093628
953 59.6254198182
954 60.0431185711
955 63.3410374283
956 64.9567520302
957 66.1096376212
958 64.2673810022
959 56.9441710475
960 67.3435571909
961 60.0247230254
962 67.6424426759
963 55.8300259129
964 59.9105345314
965 55.0093002339
966 65.2882838209
967 55.4268285775
968 56.409125545
969 58.3080489457
970 66.8331742555
971 52.9099773334
972 56.4803809451
973 64.2542617717
974 54.0585925748
975 66.5928648501
976 68.1428148894
977 74.0892797045
978 54.2069369537
979 55.2684678562
980 71.5922883403
981 57.51398664
982 68.2567378866
983 57.2668411846
984 58.3198789369
985 57.047879514
986 69.5069377697
987 57.5711903758
988 55.5317160253
989 72.7791120234
990 61.3792240767
991 76.0702997231
992 51.1359749554
993 51.2942465182
994 58.2912368943
995 61.2964676782
996 78.1000867149
997 76.2605430777
998 79.0195401033
999 53.5559953529
1000 56.1282094208
1001 61.2006565378
1002 53.0859770606
1003 55.4180463499
1004 76.540366607
1005 70.7611930837
1006 72.2918149507
1007 60.6445318431
1008 68.0815523255
1009 61.788849654
1010 47.8694203265
1011 58.3216379189
1012 72.3010188632
1013 53.5252569704
1014 55.2343879185
1015 64.3144359929
1016 65.3453711747
1017 57.7478367785
1018 62.6607118704
1019 63.6317734384
1020 76.2433147917
1021 55.0334674018
1022 70.2147770268
1023 51.6736914083
1024 54.2880356519
1025 53.9761793412
1026 59.8131077867
1027 54.4571702747
1028 62.8832273884
1029 59.7080499985
1030 63.6332923951
1031 61.2197420355
1032 50.5374269753
1033 58.6012561482
1034 55.2707125216
1035 43.6031852803
1036 62.6626791654
1037 61.3879982451
1038 62.1995402901
1039 70.1990911289
1040 61.886157057
1041 63.0417325501
1042 61.9738632279
1043 55.3106803598
1044 61.3241221731
1045 40.8355648114
1046 57.8210471351
1047 52.2654538662
1048 62.4923901967
1049 43.2593961037
1050 54.6240724502
1051 67.1201651453
1052 65.823401576
1053 52.5205799887
1054 48.1091066104
1055 67.5906865457
1056 62.3060399214
1057 63.5110841309
1058 69.48558884
1059 66.2052650572
1060 40.4571696078
1061 51.5320129351
1062 67.4678617224
1063 58.4199616931
1064 56.9023416122
1065 51.7464585235
1066 60.3543527199
1067 55.1489518635
1068 66.077646163
1069 72.8046678075
1070 60.4442161194
1071 64.3718220412
1072 68.4289644822
1073 64.4532621988
1074 68.2683969732
1075 60.1758400099
1076 62.5550721688
1077 51.1810526322
1078 63.5981030158
1079 68.9709921469
1080 69.2707900308
1081 62.5090139863
1082 58.3326667548
1083 59.5002940883
1084 65.5265401274
1085 53.1084281571
1086 47.7300599285
1087 59.1535267322
1088 53.407904639
1089 62.1291148593
1090 48.3021729648
1091 62.785264222
1092 64.665087004
1093 58.2484791667
1094 64.4509746088
1095 57.0136745825
1096 64.014459726
1097 61.9266774276
1098 63.349173109
1099 61.5746200301
1100 52.9540458778
1101 58.9725325599
1102 64.0556408254
1103 63.2005678012
1104 61.8272158432
1105 65.3283023639
1106 55.3314294842
1107 58.8958463426
1108 69.1567601546
1109 66.6287950772
1110 61.652608572
1111 60.5535417229
1112 67.2025201425
1113 63.9682325306
1114 61.0174806152
1115 61.0142042638
1116 73.9095050715
1117 60.053694426
1118 49.9698006017
1119 49.7429210746
1120 51.4911266948
1121 49.54917896
1122 68.6466006874
1123 59.723486045
1124 63.8197329152
1125 68.5094579477
1126 46.4416345346
1127 63.4229550313
1128 73.0643402127
1129 64.6403107428
1130 54.4488963123
1131 54.3249333141
1132 60.3983775316
1133 59.2303350078
1134 63.8130512287
1135 66.7062835586
1136 54.4730507906
1137 68.6893262832
1138 64.7586174721
1139 60.881426401
1140 56.4642976663
1141 60.8312210435
1142 72.9633962406
1143 57.8209787476
1144 66.482255085
1145 60.2812021196
1146 59.1745667771
1147 68.6728060828
1148 61.1560562612
1149 70.4110089622
1150 59.9835012356
1151 64.1155176635
1152 61.697535457
1153 52.5844925577
1154 59.5217361447
1155 68.9596987484
1156 56.7902548405
1157 71.7546310524
1158 54.7965986587
1159 65.537491111
1160 70.4449426859
1161 52.6940977154
1162 65.0449212896
1163 63.886213872
1164 59.9309772636
1165 54.4707846876
1166 63.6496591584
1167 54.3269095582
1168 66.2502875348
1169 64.7409318015
1170 63.1749561943
1171 60.4663293523
1172 43.3507127713
1173 50.7456830954
1174 64.7185695176
1175 65.790333593
1176 53.239827638
1177 55.9050082806
1178 54.2462282176
1179 64.0440099609
1180 74.0607457747
1181 61.6615596525
1182 53.4033470175
1183 53.9448756845
1184 53.8022102084
1185 53.8126772781
1186 60.4972474089
1187 55.3527322033
1188 56.5299998182
1189 60.7767645917
1190 55.2055303041
1191 59.0259104811
1192 54.728252103
1193 56.2209562372
1194 70.0099311828
1195 64.1744078368
1196 63.8890365124
1197 55.6022116769
1198 52.0086026293
1199 61.9021015655
1200 71.0445674345
1201 61.986270792
1202 50.0541469163
1203 61.0173425257
1204 54.7335125439
1205 58.2609428356
1206 54.2943522694
1207 55.0446403317
1208 56.9850109197
1209 57.7515338636
1210 60.9781573026
1211 62.1640398419
1212 52.5749869579
1213 66.3679570618
1214 58.8921684473
1215 60.2794839201
1216 55.3676666538
1217 69.3193593487
1218 54.1603219252
1219 69.0765286796
1220 57.9652211947
1221 55.1028279397
1222 53.4676555752
1223 52.180342136
1224 53.5435783721
1225 54.5464234259
1226 54.9717255286
1227 65.5708465872
1228 70.524813587
1229 55.5119964847
1230 58.8726745745
1231 73.1740410041
1232 72.9518414568
1233 42.5275043863
1234 65.2867764766
1235 88.4536091173
1236 76.8094779122
1237 63.4133249269
1238 76.2221324617
1239 60.2051061645
1240 79.5701900628
1241 57.7726331476
1242 64.4948410492
1243 60.3669666501
1244 61.3786723927
1245 74.0536606927
1246 79.141011622
1247 58.5115899661
1248 64.0588101003
1249 72.0553753676
1250 58.3408253282
1251 61.7407312978
1252 65.8156914302
1253 60.1083091686
1254 60.8068022577
1255 72.6555865753
1256 60.0668279412
1257 59.7129864242
1258 64.636230869
1259 71.0536524143
1260 45.9190368123
1261 75.1137463922
1262 67.4360367844
1263 57.4317495702
1264 75.7536479513
1265 64.8467053176
1266 52.707962726
1267 72.8322149278
1268 62.5518708371
1269 72.9448708094
1270 78.1918554437
1271 71.5746137979
1272 73.9607319031
1273 59.2016776384
1274 64.3873489948
1275 62.0084573753
1276 69.3421697064
1277 69.3040495334
1278 54.5778431223
1279 68.0668164191
1280 64.5546530912
1281 68.1434654037
1282 61.2515280885
1283 56.7368969652
1284 70.7130608974
1285 75.3303333366
1286 55.1078657817
1287 60.1028010105
1288 64.1099057018
1289 68.230054151
1290 61.1867887605
1291 81.1566074489
1292 60.1297314125
1293 73.1675034492
1294 59.5735880753
1295 61.9321640946
1296 82.1175763569
1297 44.7814067221
1298 78.8716051478
1299 63.0612309765
1300 71.2789578194
1301 72.7318509841
1302 54.0528629241
1303 69.3300804664
1304 63.0239830062
1305 71.4571742112
1306 63.1626125402
1307 73.0897845582
1308 63.9015369764
1309 62.4204642211
1310 62.0170372903
1311 53.5493827827
1312 74.1802009625
1313 74.4811304912
1314 61.5674707956
1315 70.1534480852
1316 73.3755955567
1317 68.3403208647
1318 62.2409786046
1319 78.4768074361
1320 62.4470745045
1321 65.1867279702
1322 64.979747068
1323 55.0386025597
1324 71.3522618439
1325 66.1904129701
1326 80.6834736062
1327 66.3062805678
1328 68.482821985
1329 62.2661645144
1330 69.2108645684
1331 68.6336535665
1332 53.7383238594
1333 39.6537335638
1334 66.5662577916
1335 57.0856698327
1336 64.8918243388
1337 62.7162721546
1338 54.8137055431
1339 65.1523669806
1340 69.1762510669
1341 63.2480362273
1342 62.7881213824
1343 52.6360344117
1344 64.6298200283
1345 50.3435121503
1346 82.9871814466
1347 66.9573510911
1348 66.4539109299
1349 76.2652813384
1350 76.3944312976
1351 64.0728217135
1352 64.6370246828
1353 65.6107690853
1354 71.1546795648
1355 62.7996050366
1356 81.1235668986
1357 67.865458583
1358 77.0094243318
1359 69.4035760823
1360 59.3381166291
1361 69.4090826279
1362 68.1053019293
1363 66.6589057341
1364 61.0898769085
1365 63.0470177968
1366 59.7709654599
1367 73.4873070265
1368 71.4696531508
1369 49.274980382
1370 73.8780051348
1371 59.30242786
1372 58.3590524603
1373 69.2230728022
1374 68.5514437547
1375 60.2934895311
1376 47.7902028034
1377 64.0700965553
1378 60.6592312007
1379 56.9852627862
1380 60.7889778549
1381 59.8958171496
1382 58.8861103747
1383 65.5254719189
1384 50.973484659
1385 58.9464594033
1386 58.0927915772
1387 57.0556520241
1388 64.3827705524
1389 65.3995793127
1390 57.2069434489
1391 59.173843239
1392 75.4414626214
1393 48.3952145958
1394 62.7259376136
1395 57.4462622536
1396 58.5816985466
1397 61.8515087594
1398 57.0683189647
1399 49.5292567605
1400 42.8492912167
1401 63.0181703404
1402 63.3432625279
1403 50.3793050678
1404 58.3142913426
1405 64.9328505587
1406 58.0807978547
1407 59.6857225174
1408 70.3961451093
1409 56.1454617571
1410 60.530790471
1411 73.8177634606
1412 71.150833985
1413 62.55137209
1414 62.6691713605
1415 59.2461468294
1416 55.0926720965
1417 55.955866806
1418 63.8789029192
1419 53.9831089536
1420 65.6484306326
1421 50.5689245193
1422 63.6326814564
1423 55.7515173525
1424 62.1049112962
1425 64.3998572953
1426 64.2759839337
1427 70.3761023942
1428 72.9575074154
1429 64.6517409112
1430 64.294164098
1431 57.1405382766
1432 67.9283460033
1433 67.9575035298
1434 71.7265211961
1435 60.056756788
1436 63.3451634968
1437 62.799721816
1438 62.659736801
1439 65.6771923496
1440 53.2307893997
1441 79.5917419294
1442 64.3646907542
1443 70.9686499992
1444 71.2618816655
1445 78.9379327302
1446 62.7214263458
1447 67.3172339124
1448 63.3663517165
1449 54.8524773042
1450 69.5566228807
1451 67.2848421167
1452 69.0631257784
1453 52.7804463991
1454 77.8401468378
1455 63.4110737247
1456 72.2679022874
1457 69.3639028133
1458 66.9964474686
1459 63.0160594106
1460 71.4635935917
1461 68.029234693
1462 93.2539846806
1463 61.5363106442
1464 63.3225058733
1465 76.1890225014
1466 59.5988262651
1467 53.5487662911
1468 62.301653798
1469 62.5818434945
1470 73.6171171797
1471 59.9532975036
1472 75.9343928485
1473 66.4612259848
1474 94.389753444
1475 68.0133545673
1476 70.2817964237
1477 60.6511863733
1478 64.170763334
1479 69.2361295926
1480 61.6727394712
1481 71.4455762396
1482 75.181102016
1483 64.0179267156
1484 51.9192795763
1485 63.8420283875
1486 64.9956969645
1487 65.2541917354
1488 43.0545620204
1489 47.6083518916
1490 54.1547763682
1491 60.4459631053
1492 61.0611829188
1493 59.0822721421
1494 52.9001328514
1495 65.858957689
1496 51.8093098214
1497 51.6640588613
1498 54.4383874992
1499 44.7870988191
1500 60.5894591015
1501 55.4859318763
1502 51.2726235243
1503 51.5170909062
1504 51.3606072179
1505 48.073798988
1506 59.5527570279
1507 57.61971316
1508 55.7959190921
1509 53.8161201748
1510 50.6289695484
1511 50.3212193433
1512 51.2556123334
1513 50.1471581849
1514 50.6783865965
1515 58.0789193234
1516 52.7735406327
1517 52.1884702566
1518 56.3983616442
1519 52.754661753
1520 59.3758048712
1521 60.4101578125
1522 66.105315187
1523 54.5650986653
1524 52.167717368
1525 50.8344902216
1526 52.3885234945
1527 52.7487935457
1528 36.8335565376
1529 60.1836130316
1530 60.0714007979
1531 67.3270477235
1532 42.4528105383
1533 52.8147393762
1534 47.2546020701
1535 52.7961374683
1536 48.9189490214
1537 54.7409196783
1538 52.7053315156
1539 68.1826634067
1540 60.5960239546
1541 60.6890763739
1542 67.8055996461
1543 50.7738003816
1544 57.8671784419
1545 48.7552076845
1546 54.6248965203
1547 52.6299943015
1548 56.7087721436
1549 47.0299842195
1550 52.1903510647
1551 52.867223556
1552 56.8127290526
1553 75.4455421383
1554 59.0450324191
1555 67.2285821411
1556 42.8572603818
1557 64.1393213455
1558 58.581441712
1559 62.9082686313
1560 61.8660632097
1561 55.2873631573
1562 63.8622448573
1563 53.8653385025
1564 63.6776583916
1565 59.2186497005
1566 68.2133114158
1567 64.7343945199
1568 62.60990591
1569 59.3597986176
1570 50.5320337126
1571 46.1872597106
1572 65.4768020565
1573 60.1686385874
1574 56.812206108
1575 47.306518044
1576 58.5037609394
1577 59.4392033395
1578 67.35778551
1579 64.009738633
1580 58.5745285026
1581 69.6009956094
1582 49.731233912
1583 46.6791170356
1584 62.7238135368
1585 59.4865077352
1586 59.0848503705
1587 60.3593914272
1588 67.9046775099
1589 59.1270162391
1590 59.9741576495
1591 54.2001605394
1592 64.1189765799
1593 58.6070609924
1594 59.0336827687
1595 58.8866672337
1596 65.6303036878
1597 69.5000417712
1598 65.4709858444
1599 58.6560481016
1600 59.3374606269
1601 72.6261101514
1602 57.862425855
1603 38.5984666468
1604 50.7813634822
1605 49.8939730622
1606 64.5843018449
1607 58.3502838291
1608 57.7314670823
1609 66.8526784973
1610 64.2875774727
1611 59.9801497935
1612 48.203065116
1613 53.3250537943
1614 55.1737665349
1615 56.5474282298
1616 58.8371353035
1617 81.6624457491
1618 79.0187897333
1619 74.6305051492
1620 73.5160296767
1621 66.5587268987
1622 56.198169311
1623 67.8523375839
1624 72.9411695432
1625 80.5470077595
1626 73.2638486478
1627 48.4829113604
1628 46.5272772801
1629 66.1303238364
1630 79.7888518124
1631 62.7420367788
1632 67.9072417025
1633 68.5783895383
1634 74.6719819531
1635 73.3192243621
1636 81.6730886577
1637 63.5584994889
1638 83.7769948048
1639 77.9743458873
1640 74.4641225383
1641 79.4593862913
1642 73.1616646804
1643 87.116898136
1644 70.9185109904
1645 80.0396005355
1646 77.7836423173
1647 88.3632293213
1648 82.7611759754
1649 70.3335947632
1650 60.1204101828
1651 56.8532357585
1652 64.9272564075
1653 83.9473992371
1654 71.572445912
1655 74.1978745104
1656 88.7518345652
1657 77.4579977107
1658 75.9980705652
1659 61.0339961768
1660 81.9953775105
1661 42.8482260105
1662 73.6749008516
1663 85.5872020854
1664 60.6684646456
1665 60.7681983356
1666 77.1481131048
1667 78.032631062
1668 89.0509759982
1669 63.5427427672
1670 82.8942876377
1671 82.1591323309
1672 83.6859605813
1673 80.632544195
1674 84.7689810864
1675 74.3980491518
1676 81.9370328043
1677 82.5313776111
1678 44.802478981
1679 59.9775456199
1680 64.873373406
1681 67.1583984948
1682 66.9370085158
1683 51.4940703165
1684 69.3055594587
1685 59.0498141428
1686 60.7721040888
1687 57.4502590394
1688 58.551023513
1689 61.3741760137
1690 58.0032019231
1691 67.7112735704
1692 61.3888446536
1693 62.4870550067
1694 58.5964505762
1695 64.7833732335
1696 65.3230481671
1697 56.2924196574
1698 69.7793508237
1699 66.581751039
1700 63.8200425509
1701 58.5312562874
1702 62.2250830877
1703 58.1843088396
1704 59.4374564378
1705 66.8041176866
1706 65.3990960403
1707 57.3728415142
1708 67.2745610446
1709 66.1355300789
1710 65.3865002522
1711 59.0328952871
1712 62.818572093
1713 59.1145329568
1714 59.6214659056
1715 62.0489991241
1716 72.0944885215
1717 58.9477852577
1718 54.1727723311
1719 61.0852557898
1720 66.1897142344
1721 59.5453285405
1722 59.0600654926
1723 69.283623491
1724 60.1100318162
1725 66.6009792245
1726 67.3561548692
1727 60.6044004356
1728 61.0005971612
1729 66.2623664076
1730 64.5919856494
1731 57.4689605782
1732 53.3624437161
1733 57.9453676356
1734 57.1868835251
1735 60.5210760618
1736 75.9700723321
1737 65.4030134712
1738 58.7355868521
1739 59.7578254574
1740 65.7899589064
1741 54.0492509836
1742 69.6419192866
1743 49.6918935636
1744 57.7920694622
1745 52.5952961085
1746 55.4649328293
1747 70.0456247312
1748 46.7523561213
1749 56.9580280755
1750 62.0976005112
1751 54.2789939775
1752 47.0504123506
1753 51.6303590452
1754 59.1187527329
1755 52.0359590727
1756 58.9496575614
1757 57.4824223582
1758 50.2940486358
1759 51.3344205707
1760 54.9852389613
1761 52.2501787302
1762 60.6288514541
1763 53.5093112619
1764 22.9019458083
1765 43.0568645467
1766 62.918687388
1767 50.1404362597
1768 57.2538100932
1769 51.3598153817
1770 62.8593665647
1771 51.7461593728
1772 50.1003750328
1773 52.0586095997
1774 57.6987742959
1775 52.3662671635
1776 60.5330913412
1777 53.2283793168
1778 53.9050093918
1779 53.9530407673
1780 56.8992558703
1781 68.8375197889
1782 47.1730423762
1783 50.4087435812
1784 49.9028593032
1785 55.8677592507
1786 57.3575862947
1787 53.6480595709
1788 51.4577133901
1789 50.6307294375
1790 58.4184743346
1791 51.1410852893
1792 51.5760093438
1793 59.2724170868
1794 62.4223995032
1795 53.8776743296
1796 47.2289233568
1797 63.5704157151
1798 60.3164624521
1799 54.2450815629
1800 51.8786520907
1801 51.6430187249
1802 63.7996026777
1803 53.0035790918
1804 50.1707474524
1805 57.2077114442
1806 53.7915935339
1807 52.8686669021
1808 64.7472821979
1809 69.2048785173
1810 57.7460202849
1811 68.5962691626
1812 62.2087562211
1813 66.3354400479
1814 66.455519679
1815 75.9511729751
1816 73.2513523255
1817 62.8535378705
1818 76.8603515655
1819 58.7890698462
1820 62.607551688
1821 42.93239783
1822 65.0930440621
1823 65.8968607184
1824 65.6722839851
1825 57.8167204491
1826 76.3264234462
1827 55.9641903656
1828 61.3251551311
1829 61.6484740532
1830 64.5624244436
1831 71.3334370324
1832 64.141683799
1833 61.4674913266
1834 63.0600469516
1835 62.8300134317
1836 41.0054705831
1837 67.3964321937
1838 62.320511667
1839 57.0282433514
1840 65.6424052804
1841 60.0422473547
1842 65.4097542618
1843 58.7112087996
1844 65.9134600183
1845 72.3108625615
1846 62.0588172464
1847 52.7568720307
1848 63.68359566
1849 65.2218670337
1850 63.3568734044
1851 70.2173697862
1852 68.6672180241
1853 57.8103178749
1854 62.7305624761
1855 62.7941984132
1856 76.5973568633
1857 51.6311398763
1858 70.1159941182
1859 64.4488810675
1860 70.5096452993
1861 64.0468478071
1862 70.8535395152
1863 61.5981366476
1864 75.1959698914
1865 65.5907214613
1866 64.768628648
1867 64.7942618377
1868 64.0064493856
1869 65.2354535836
1870 63.4983653731
1871 75.3825804273
1872 73.0898861733
1873 57.1074898117
1874 58.4000166687
1875 55.5349066223
1876 55.4204497496
1877 69.5527711862
1878 63.544583167
1879 54.6910987816
1880 55.7314771021
1881 55.6080110794
1882 55.9703226146
1883 67.1750413639
1884 58.7968988051
1885 71.8481827694
1886 60.8792002362
1887 48.9208648713
1888 59.3594235821
1889 62.7389072954
1890 56.9256106523
1891 55.4127384187
1892 67.8541925635
1893 49.618579073
1894 54.6055449581
1895 63.7155820411
1896 69.9534225971
1897 53.9824193205
1898 67.6263228324
1899 64.1906262952
1900 64.8289694731
1901 66.8598546322
1902 60.2299430648
1903 52.1164768035
1904 53.6782230061
1905 60.762374007
1906 60.0942478894
1907 61.0795023797
1908 67.672973255
1909 59.2633135125
1910 66.9081905653
1911 62.0722401123
1912 55.298971078
1913 57.1619890963
1914 72.9335948599
1915 60.5030976605
1916 57.4240145264
1917 66.5488175481
1918 70.899490566
1919 56.519589365
1920 56.090891556
1921 55.797111293
1922 50.6159951311
1923 55.8884950228
1924 48.6353734799
1925 34.4665764155
1926 58.3537580289
1927 70.160316794
1928 53.5058728182
1929 59.0829928016
1930 57.0007437509
1931 69.9247735047
1932 59.7973494593
1933 61.2720662612
1934 50.0353595076
1935 53.9637960435
1936 66.1281501792
1937 53.4701977776
1938 71.4438147756
1939 56.9977677116
1940 56.8002315558
1941 57.5467104331
1942 45.5638264866
1943 58.1057549268
1944 57.5493893334
1945 67.9099898419
1946 58.0421690439
1947 70.8665645778
1948 62.567610809
1949 52.8943445264
1950 51.9424904508
1951 60.6476876272
1952 57.4018057929
1953 53.42850804
1954 65.7194206795
1955 56.5252437535
1956 61.7256776752
1957 54.5835379511
1958 69.5778672168
1959 64.6874149617
1960 51.9242776332
1961 59.1030182924
1962 68.7086730751
1963 60.4969200549
1964 63.1106990359
1965 70.6380667451
1966 73.4129475151
1967 58.995181313
1968 56.9958818613
1969 71.2908897895
1970 62.6181650381
1971 55.1457085662
1972 55.3710091044
1973 61.5271118078
1974 50.5633306588
1975 56.5919935714
1976 59.8251420948
1977 57.5434998007
1978 59.1753048015
1979 71.0509423728
1980 63.0985079693
1981 58.0417897705
1982 64.2322558415
1983 72.5415718836
1984 66.4166358903
1985 52.8504991894
1986 58.7012036125
1987 60.6252490555
1988 68.8467550597
1989 64.3994624343
1990 55.7114360234
1991 55.7235855373
1992 68.0296867973
1993 44.5896972256
1994 54.9927085304
1995 57.1778883275
1996 54.9368904309
1997 55.3899740811
1998 49.7918779114
1999 50.6587372856
2000 63.5558368583
2001 56.6898636193
2002 54.1839171817
2003 68.3877193822
2004 58.4845536853
2005 62.3527986514
2006 41.0578962676
2007 54.9138673414
2008 69.932542391
2009 74.2841485728
2010 58.2155270102
2011 66.7078435189
2012 59.5044760946
2013 63.4028200893
2014 79.2356257618
2015 67.3395897133
2016 68.685371978
2017 80.2499406929
2018 59.6114748277
2019 75.2277047681
2020 60.8626659772
2021 70.036738116
2022 79.6626098833
2023 63.8322624002
2024 63.7863925981
2025 59.5829770346
2026 65.9328721407
2027 59.9071683338
2028 71.4550954881
2029 57.234638764
2030 73.4810033276
2031 47.0801019062
2032 68.5943387184
2033 46.2363329705
2034 68.0779591933
2035 65.1072559624
2036 71.0745548503
2037 70.9647020592
2038 74.4388850447
2039 68.4785531869
2040 55.6946815006
2041 63.014650745
2042 59.5181677339
2043 70.3689736267
2044 63.5839688559
2045 63.2984592619
2046 68.8219685688
2047 59.75667344
2048 60.1286962868
2049 65.1174567898
2050 59.3580266045
2051 62.2231841277
2052 56.3937970253
2053 71.7494978914
2054 57.973562303
2055 61.620102789
2056 64.5308589748
2057 68.8846138862
2058 66.8365471806
2059 58.2306883326
2060 60.9263905265
2061 61.5877816241
2062 73.0028925867
2063 63.7329135321
2064 79.0883387421
2065 50.7067890444
2066 58.5097490874
2067 59.4844918023
2068 74.5213435814
2069 59.0009798904
2070 57.5168176802
2071 61.1194670224
2072 68.8010463293
2073 55.757744658
2074 53.7517299735
2075 52.5900294311
2076 57.0940456097
2077 54.7926782635
2078 53.4762631518
2079 52.9251265313
2080 75.5665960304
2081 56.5375910181
2082 72.4169220569
2083 64.3421454592
2084 60.2024063375
2085 53.5322891111
2086 52.5495755978
2087 54.6598700752
2088 53.2187216403
2089 51.8085711434
2090 67.9573683107
2091 56.6228137889
2092 55.7396863384
2093 75.6006898372
2094 54.8254682292
2095 59.2880403618
2096 62.923042703
2097 59.1720762515
2098 69.2194734224
2099 73.1313730105
2100 69.2406138816
2101 53.9917510496
2102 63.5803557047
2103 56.7400946018
2104 65.9516542186
2105 71.5160105262
2106 56.449328976
2107 69.6056508476
2108 68.0902976824
2109 53.5704002122
2110 52.3480353977
2111 68.6350701429
2112 68.3888334439
2113 59.5704720874
2114 58.8406848589
2115 62.1303764997
2116 59.007016435
2117 58.5762262022
2118 64.5102417146
2119 54.3684581757
2120 67.8405076885
2121 63.487430458
2122 51.5213994074
2123 62.9719514622
2124 58.4937057914
2125 57.7213509976
2126 40.1806764588
2127 71.518633812
2128 41.2405326687
2129 70.1341251615
2130 45.9852765883
2131 65.318926845
2132 52.1368616482
2133 56.3183425984
2134 59.561506936
2135 67.3931424638
2136 62.5850653912
2137 22.3136898974
2138 62.0859026946
2139 64.5395105279
2140 60.4313495511
2141 62.2007505989
2142 55.4778381022
2143 60.6237675539
2144 63.9659304947
2145 61.4029378112
2146 53.2693299148
2147 59.5377085661
2148 65.6324424827
2149 64.7682844345
2150 41.7143400112
2151 66.269092623
2152 65.1780172477
2153 51.3373651953
2154 75.2584122539
2155 72.2799738522
2156 60.5660751062
2157 64.5282599351
2158 62.1421537905
2159 71.1605111973
2160 60.1623226655
2161 73.3868283954
2162 72.7007695719
2163 71.144124418
2164 75.7583628527
2165 80.2970501469
2166 62.7319222997
2167 60.3837903068
2168 65.0553914876
2169 62.0398294353
2170 73.8770062272
2171 64.677388509
2172 60.7382883651
2173 52.51305264
2174 61.3229493502
2175 72.7629434419
2176 82.984309733
2177 45.2755650486
2178 62.5729567494
2179 59.5353687622
2180 57.0875118682
2181 75.2969633346
2182 68.0191773603
2183 55.2540917708
2184 75.7817263
2185 74.377007064
2186 61.1299482069
2187 59.1723347335
2188 66.1146864559
2189 73.4658544635
2190 76.5875537755
2191 57.5274447923
2192 61.8420117323
2193 66.0553134598
2194 60.5394149706
2195 61.6611834982
2196 60.5232667768
2197 75.2867893831
2198 59.1109828526
2199 60.4856005926
2200 66.0734328975
2201 50.8128718405
2202 58.1874979494
2203 55.1342709344
2204 51.4430609624
2205 50.4727532435
2206 47.2593170833
2207 57.1552158174
2208 74.2394556764
2209 64.9167950793
2210 67.1171995262
2211 45.2540112759
2212 48.8907663822
2213 58.9282941839
2214 47.2517224582
2215 67.9667352442
2216 56.8100421429
2217 50.8314302269
2218 49.7348866045
2219 49.7974748021
2220 48.6813777932
2221 49.2440306392
2222 24.664589004
2223 68.0816440901
2224 49.7981327575
2225 53.5977002525
2226 50.539148756
2227 47.8622913454
2228 68.4819338371
2229 54.166397083
2230 57.0594132253
2231 70.8055788032
2232 62.4383805632
2233 57.1138533405
2234 50.0555926655
2235 59.5564779888
2236 48.9855677333
2237 59.0322975191
2238 52.3062160032
2239 69.126968573
2240 59.0374483468
2241 53.4271560185
2242 59.2143457938
2243 49.2835663204
2244 53.2411395978
2245 52.2540688343
2246 53.6226004932
2247 67.4600916294
2248 51.640337701
2249 46.428127633
2250 60.0074683626
2251 53.7838995321
2252 49.8872496497
2253 50.9486066717
2254 56.526662964
2255 56.8881880936
2256 51.235561061
2257 51.2042163208
2258 44.0190088699
2259 66.4412960123
2260 71.5943680094
2261 61.4200309215
2262 59.4431445552
2263 58.7852613113
2264 61.2230985466
2265 68.2859083899
2266 55.2567175771
2267 54.7228073544
2268 60.2710485561
2269 61.2945437927
2270 59.4698830423
2271 72.0010777001
2272 64.7660865289
2273 58.4647427316
2274 60.6793532577
2275 56.1273424314
2276 51.1205769754
2277 68.293726676
2278 58.7171800259
2279 68.859326152
2280 55.054721985
2281 70.696453087
2282 68.2957632629
2283 59.6168822019
2284 72.8093048319
2285 57.8941359112
2286 62.0873210992
2287 54.0995938083
2288 70.9273255351
2289 66.7811315019
2290 65.3350162102
2291 52.8259973406
2292 56.0166923235
2293 59.6026521912
2294 59.2896948056
2295 63.2925578078
2296 71.6694588935
2297 66.4557728446
2298 57.607561029
2299 73.4785622918
2300 60.3476515209
2301 66.8224473148
2302 69.5893194105
2303 70.9722380927
2304 61.0104089592
2305 71.0467969287
2306 67.8793478095
2307 58.8439726511
2308 61.20727267
2309 68.2305744661
2310 56.4278447497
2311 60.0397496649
2312 63.4512708916
2313 66.4948185305
2314 60.2981805684
2315 48.0906132926
2316 66.1752156536
2317 62.3539715239
2318 63.6517130709
2319 58.9751921769
2320 73.5831513901
2321 62.811573507
2322 56.3756668093
2323 51.3799471247
2324 70.2847751491
2325 67.9927458804
2326 60.8030122621
2327 68.9273493608
2328 58.1486210559
2329 39.9308720911
2330 63.9359716034
2331 61.1649467855
2332 54.3470050328
2333 61.8821839568
2334 64.4051326568
2335 68.0499363281
2336 70.408242974
2337 50.4638449077
2338 62.9557021867
2339 56.8075469032
2340 61.427897176
2341 49.6722904591
2342 51.5053763446
2343 51.9379469905
2344 59.0467539171
2345 62.9175354682
2346 57.5714365692
2347 67.1636818304
2348 59.184411761
2349 57.1580044148
2350 63.9599069264
2351 60.2012955565
2352 64.8569886321
2353 58.0731045018
2354 60.536557366
2355 50.9763397196
2356 61.6807430134
2357 68.4399235822
2358 74.8729808269
2359 57.705001212
2360 57.2829085452
2361 64.5614196272
2362 60.1006855779
2363 52.0136175227
2364 51.5060775594
2365 57.2238943656
2366 59.8894721658
2367 69.932197705
2368 57.5537532164
2369 48.5069482249
2370 58.308104057
2371 59.2802314723
2372 43.6121250685
2373 58.6388593591
2374 64.8541637343
2375 54.0907039411
2376 57.724384884
2377 55.8052311527
2378 61.1876811032
2379 48.3687934881
2380 62.2991105346
2381 57.3333441162
2382 60.1626821185
2383 72.8954482925
2384 58.1502927708
2385 65.6389719463
2386 67.270051601
2387 57.1186195374
