u s
60 27.1683757383
120 37.3093682707
180 38.4699385922
240 37.7614065022
300 38.5273858153
360 40.7054219212
420 36.8165384132
480 36.7448006709
540 35.204382305
600 38.6297026773
660 36.0586952246
720 27.1418631383
780 44.0431178139
840 37.501934121
900 37.2596671054
960 32.4910992318
1020 42.6562102868
1080 30.0745242762
1140 29.4588688237
1200 39.469971171
1260 42.1222610385
1320 45.3663021462
1380 42.5242357817
1440 46.9401968717
1500 33.075223058
1560 26.8224546976
1620 29.0144968598
1680 26.8342561012
1740 40.3003587183
1800 36.7835502825
1860 37.8136814968
1920 25.4025071124
