u s
1 50.6348473277
2 69.2201877067
3 50.5164786935
4 116.401996855
5 52.7060654705
6 44.7663478158
7 51.3776244765
8 41.604922333
9 53.9059763026
10 52.9659672304
11 52.3157659261
12 48.9838007756
13 52.1969758134
14 61.6329503515
15 71.5338848168
16 62.4858134404
17 49.0034872929
18 40.9741800466
19 48.3722244301
20 57.7486155955
21 61.3099482655
22 53.2265197223
23 48.487597186
24 53.1213661001
25 43.3550321895
26 53.4475963481
27 50.3179380171
28 58.3247381802
29 89.3993772484
30 42.9659361205
31 59.1679725548
32 69.2887323306
33 134.166680706
34 51.5972759275
35 51.915592493
36 53.7395734373
37 52.2495978384
38 50.2617404711
39 70.2451538985
40 55.2622674514
41 66.2143636795
42 55.873538188
43 56.7738284133
44 51.8389630872
45 53.1127586931
46 56.7993805216
47 72.6359363438
48 63.8752668462
49 50.5859918258
50 51.730667075
51 71.5296927658
52 48.8051392873
53 59.8165739822
54 54.0600530388
55 72.5131891265
56 49.6453907744
57 71.3243893501
58 56.478362074
59 52.8445631741
60 54.3822553523
61 49.5785255425
62 57.5835183602
63 54.7731186933
64 49.9528764994
65 72.4817779095
66 57.6269689288
67 64.7757653456
68 72.1135441895
69 63.063849986
70 68.2909790937
71 74.3958979424
72 61.6451324223
73 66.3473147967
74 64.7733482266
75 65.6356218956
76 71.7418126674
77 61.1519813782
78 70.5024489136
79 59.9826687119
80 69.9576011508
81 55.0472190066
82 73.1661065896
83 61.711766943
84 79.842334038
85 65.8744924392
86 81.9760125362
87 59.8214810905
88 62.4687391054
89 64.1269458751
90 79.3533199851
91 53.3893438314
92 63.0597059208
93 63.9264278987
94 67.4942260531
95 60.6004078923
96 60.0109597888
97 55.8278552598
98 72.0204236112
99 61.7918074998
100 62.7294375714
101 69.1731575825
102 54.4935868384
103 62.5380863258
104 74.9318165638
105 50.2688516998
106 58.0741173826
107 62.0393356958
108 52.6978624764
109 73.7965876959
110 63.497635488
111 73.4550235218
112 58.0534575207
113 60.3741912734
114 67.831019927
115 68.593204416
116 54.521137416
117 67.0807218688
118 68.0110912528
119 53.3138499985
120 61.2599360242
121 54.9417077832
122 51.7739685126
123 78.6580385312
124 66.5751206035
125 45.4921538054
126 56.1879105764
127 76.7608395152
128 66.4136908846
129 59.435919635
130 67.5119826691
131 64.0845029175
132 58.3924392617
133 80.7489448885
134 62.9269789012
135 59.3525726757
136 53.6093399102
137 58.9238637774
138 66.5275538183
139 68.849522584
140 64.9092719151
141 73.1521388976
142 59.6467359063
143 59.0152093349
144 74.1648526698
145 67.349717521
146 56.2230325771
147 49.4781824555
148 40.0204496462
149 52.4249799316
150 48.3076950597
151 43.1942144913
152 67.6400327483
153 69.1366154743
154 60.55617356
155 47.8832692613
156 60.3486335516
157 58.0910247503
158 67.4022348924
159 57.1507140952
160 70.5787614078
161 71.0706083257
162 71.8886252133
163 44.3029765747
164 47.3890901316
165 63.3590671892
166 77.1865264098
167 62.4092850649
168 48.8015636913
169 58.5736858926
170 59.8095533845
171 54.7776682413
172 71.3167384292
173 62.0664436698
174 73.8632847855
175 53.8478588562
176 78.2651264541
177 61.7298215551
178 69.8280452104
179 57.8885989444
180 76.3450933424
181 62.6857384414
182 60.6935742487
183 57.2178909695
184 58.1387752443
185 76.8373434218
186 60.8781985793
187 60.8984347007
188 52.7273326562
189 60.1065263446
190 72.0865280012
191 63.1878875541
192 67.7869914736
193 61.795315702
194 55.0131750866
195 62.6764847319
196 50.492088486
197 75.3048946471
198 104.032801639
199 72.9146256017
200 62.3039340677
201 63.7553005663
202 64.4250748536
203 51.0923258346
204 73.8153299471
205 84.4836282805
206 80.3113929781
207 66.1537275194
208 60.1111540563
209 74.3394393435
210 58.7799660352
211 63.8240845541
212 93.809699937
213 62.6616804477
214 69.052174719
215 61.0808086631
216 67.1611160601
217 56.8949929023
218 57.7033105408
219 85.5065201135
220 58.3305139169
221 62.5916671076
222 76.0451018659
223 63.6378955885
224 69.5074648301
225 74.2897092976
226 71.4480470704
227 64.83861176
228 64.888083449
229 70.8851927458
230 67.3303721118
231 67.4781542256
232 63.6401442606
233 67.7375417574
234 75.5271605824
235 65.6508458494
236 59.3166360828
237 61.7883321762
238 61.7482914949
239 63.671805501
240 56.9517172607
241 67.3609141884
242 70.6795242507
243 71.5746229544
244 62.1517245893
245 55.094762097
246 65.5312108521
247 59.2454958089
248 58.8529426555
249 55.8485522288
250 65.0496142695
251 79.012735761
252 60.2895480478
253 73.3789256832
254 66.5317990669
255 60.1970700129
256 61.3433221029
257 61.4616365925
258 72.3227327823
259 83.9419447127
260 62.0456907444
261 68.4941130862
262 57.0836126789
263 70.8312162027
264 72.3403825284
265 61.275041373
266 64.9198867347
267 56.2510621839
268 79.3170495147
269 61.4080165823
270 62.4102404627
271 73.8959229099
272 59.5289643192
273 47.5805127986
274 75.2022170332
275 54.0530525076
276 75.9853768231
277 64.8952361877
278 61.2839032411
279 64.1089647207
280 73.7194998546
281 56.0255271255
282 64.9690958329
283 80.2643988477
284 54.8857618193
285 59.3451588962
286 58.0364047544
287 75.7035063141
288 56.5060549828
289 60.4670955171
290 53.2266215186
291 69.1874125158
292 65.159247946
293 60.8350073575
294 56.5208955543
295 57.7668912263
296 50.4711444379
297 69.1203420481
298 61.1098210986
299 73.2201846433
300 58.7422498566
301 57.8084944121
302 68.2145602678
303 66.9795759424
304 60.1940681038
305 95.548259915
306 94.615537792
307 80.0542996655
308 70.7393940273
309 65.6783898806
310 63.3339928538
311 59.1589424933
312 50.3828114317
313 52.9412139124
314 66.1115673798
315 57.4523844718
316 61.5698152094
317 59.4750499551
318 67.7195415188
319 58.4934997847
320 64.8345011023
321 62.174201187
322 68.3288652502
323 57.7224481405
324 76.9616438378
325 63.6669143931
326 60.9531142542
327 66.0073647259
328 67.1215334327
329 63.1249011231
330 76.9587932291
331 81.1579284707
332 74.0899189174
333 74.8183918467
334 71.3012436093
335 60.3507403983
336 61.813459475
337 55.9988384056
338 65.2378709727
339 74.9770976207
340 74.368033378
341 69.4052490009
342 65.5785286651
343 53.1788315385
344 63.4349153428
345 82.8633001866
346 60.2714365367
347 65.1679038328
348 83.0861853134
349 62.9142880115
350 73.5403108972
351 67.4825220074
352 71.7970168952
353 52.3777730386
354 64.6846816131
355 60.2953706402
356 81.07985476
357 61.5769103401
358 90.8637726814
359 74.8017509846
360 71.6480672592
361 64.4630068594
362 65.9083318508
363 61.4786843693
364 72.0454107195
365 56.0242504183
366 80.9635244488
367 50.7821597991
368 79.6157372255
369 79.8021682907
370 82.5531777272
371 64.1076559649
372 74.0371885482
373 67.6387042321
374 62.0648791196
375 60.6991483637
376 71.6745568884
377 54.9242940865
378 68.7062147381
379 54.7196680092
380 69.9994235525
381 61.5770929373
382 66.1364898931
383 64.9054428269
384 62.6965921561
385 68.10366192
386 62.4351126011
387 51.7502849237
388 81.0469508991
389 77.0028370414
390 59.2530367302
391 62.6643182228
392 80.4394393835
393 56.1854992494
394 57.0577397733
395 67.8581460507
396 59.8797056263
397 74.3465191176
398 65.1351677943
399 60.0033900083
400 47.9529875085
401 69.4504629342
402 58.2131035483
403 64.9331052358
404 74.3625470727
405 63.7220758921
406 97.4734667165
407 69.4582419326
408 57.4306084161
409 57.2363560798
410 55.2926394946
411 64.899959433
412 64.6982329483
413 56.6032912136
414 61.6273785347
415 61.6772964799
416 59.3619202298
417 58.9536029082
418 70.5762605759
419 56.691025844
420 56.3119148107
421 57.8232906289
422 61.9062648623
423 50.9850045369
424 55.1660849839
425 98.3347132883
426 64.3256455646
427 58.139948486
428 81.2320540385
429 56.8712373599
430 78.1454920795
431 63.3019298333
432 73.4740551308
433 55.9023797639
434 49.4925899693
435 82.2074432385
436 76.5986643781
437 64.799898051
438 56.4292703564
439 61.3762694635
440 74.2794676912
441 62.9420700372
442 58.016579493
443 69.0654405903
444 58.1286674323
445 57.8790628665
446 76.69442456
447 56.0028168834
448 57.0767478052
449 72.4262995283
450 71.7807532785
451 63.5614662611
452 57.983786752
453 67.021104145
454 53.2384756946
455 60.4010080128
456 57.6293216014
457 64.796897673
458 58.7940766335
459 56.6266080827
460 59.4855074645
461 68.8331436319
462 65.0799261757
463 57.2000428342
464 60.0674593497
465 45.7523378605
466 76.1544880546
467 60.2431432696
468 84.6640069721
469 57.8092431379
470 53.4685756498
471 74.538813193
472 54.4013035441
473 57.2350660007
474 72.6777630159
475 56.0533236585
476 58.51622526
477 56.9661322403
478 60.093810313
479 65.3888786258
480 69.7747148539
481 75.1169368425
482 51.6333043737
483 65.9015394737
484 58.2150681812
485 54.4213587664
486 62.9697724399
487 61.7318514301
488 56.1646442823
489 68.015490741
490 53.8429142539
491 47.3705058538
492 106.468187062
493 67.1502972228
494 57.5736354642
495 74.0018272593
496 65.776885988
497 115.249922012
498 56.841674078
499 66.9343472512
500 73.0230850969
501 56.3919304013
502 63.3678667853
503 59.4143498688
504 53.9145024972
505 64.422094815
506 62.1646747006
507 60.3351731
508 53.6629673002
509 75.5327236809
510 56.2755628405
511 77.8940433987
512 72.017740451
513 55.5522188826
514 56.112560623
515 75.0784808661
516 66.0376013532
517 59.6268338018
518 56.3618702086
519 54.8566604179
520 75.6556628699
521 67.1894729293
522 82.492673015
523 65.1727850117
524 72.5406502102
525 79.6198406705
526 57.6210940014
527 62.3832068285
528 56.1869353248
529 74.6573946956
530 60.5388216619
531 64.3891470063
532 66.7118208569
533 62.4074482994
534 67.9831849626
535 72.038542708
536 61.4488719387
537 59.2273761198
538 68.3305031667
539 63.2369082724
540 80.3919227752
541 48.5220786334
542 70.037032646
543 70.0833226396
544 64.8762640807
545 96.6580187346
546 76.3376934189
547 72.8640401117
548 47.6685444313
549 57.2804796289
550 63.5264102807
551 62.8025220835
552 90.6294136502
553 61.9330051548
554 55.0828299225
555 64.5204876976
556 62.1439841017
557 82.5073520402
558 62.1224864811
559 60.6272546787
560 61.8549980819
561 57.939227427
562 53.0443379685
563 62.1168369024
564 60.1640929831
565 62.4319776741
566 73.9435504894
567 64.6959532829
568 76.6015478891
569 58.8071913399
570 58.1507229021
571 63.8132162995
572 76.2294099246
573 60.8037205265
574 61.3087711315
575 76.6860633472
576 60.1045621103
577 69.9924823191
578 62.1973205543
579 61.3391802623
580 69.4951516155
581 64.2115354645
582 56.9844125431
583 84.1136344117
584 65.3353359273
585 78.2024792878
586 55.0096643029
587 54.2510496282
588 65.5706045237
589 59.2441142572
590 60.7288200219
591 72.7247025545
592 67.411770288
593 64.6747052268
594 58.2317469938
595 75.2772282413
596 68.4050049139
597 76.7139739603
598 74.1029336583
599 54.9485893905
600 74.8438716176
601 66.6013364608
602 86.4694909917
603 60.0909907546
604 66.6528810823
605 61.2108955285
606 64.5410985818
607 77.0845966352
608 60.6440673504
609 50.5690148365
610 73.1302160487
611 57.9061845801
612 89.3627890353
613 65.6082816393
614 56.3288714736
615 60.4189296996
616 58.923168002
617 66.2046333575
618 56.0405617891
619 77.6500186819
620 52.3378786857
621 56.5775076114
622 57.5535195577
623 84.9565972611
624 55.982531433
625 67.455117014
626 53.7586710282
627 57.0925084684
628 59.4797597067
629 56.7891227004
630 54.7528301638
631 78.6026280922
632 57.1233304896
633 65.5946560532
634 58.6407882752
635 69.8121145537
636 59.7370896966
637 67.429345826
638 64.9248946911
639 57.4963317609
640 71.372808818
641 51.8676950462
642 59.924146101
643 81.6186627511
644 71.2326552105
645 55.6679027446
646 57.7960299204
647 56.3541215839
648 67.4054791524
649 53.6800066476
650 70.7926752159
651 53.5376178937
652 58.042582934
653 52.6136210489
654 55.814336648
655 58.5765596322
656 60.8428611388
657 48.5322115306
658 55.959399626
659 50.4049911947
660 68.4018687794
661 56.0201279166
662 73.7489234172
663 58.6385151615
664 59.5987529545
665 68.0183359225
666 51.482374991
667 49.8069758811
668 49.8490674167
669 48.7132717607
670 53.6198227324
671 58.6736830389
672 52.7461073227
673 61.1531752693
674 53.4486166577
675 54.9732420338
676 51.9446995336
677 65.2745813117
678 50.0854286576
679 46.6580496809
680 50.4924670705
681 50.6742363264
682 57.3978593283
683 53.1844986233
684 60.9356233499
685 49.7949653175
686 74.096605769
687 57.2358506044
688 59.5022330775
689 49.6760563643
690 119.673832639
691 56.516254113
692 57.5885772162
693 84.5293165875
694 53.8472895544
695 53.5031719513
696 71.6573209012
697 60.538972355
698 61.8504350571
699 49.9397221861
700 62.7970607611
701 56.1673217282
702 69.1822651135
703 62.6951882063
704 70.2400668157
705 51.1013970993
706 73.999915064
707 51.3439976924
708 61.7315170314
709 49.1115953487
710 50.4291943833
711 51.201573936
712 53.732450115
713 65.5817726666
714 50.956156745
715 61.1423016356
716 68.1515317069
717 53.4712375844
718 69.5786524598
719 66.8577399032
720 51.2462223857
721 45.7454503457
722 54.2710754073
723 58.707882077
724 64.6571689719
725 60.0202144545
726 80.2378113169
727 60.2928108511
728 53.7294779125
729 57.9560606266
730 60.7083324805
731 70.3488899562
732 57.26859676
733 67.1930392119
734 50.2096881961
735 53.7917743628
736 56.5929398557
737 58.069802833
738 59.1460879416
739 56.5932397007
740 56.343316537
741 58.5497224649
742 58.3084663561
743 56.6768378969
744 56.8562391007
745 60.1305568358
746 88.6272745848
747 67.6124187412
748 63.9913866097
749 72.5496206533
750 62.8800106661
751 72.595127234
752 61.4668657684
753 70.8128683801
754 70.2666366102
755 70.8532586548
756 58.2024096215
757 77.9027407199
758 63.6803584826
759 57.34147656
760 65.0973290216
761 64.2180542524
762 57.2468019619
763 57.2491400642
764 58.7418817967
765 65.7642380601
766 58.357242626
767 63.9081112871
768 70.2679720534
769 57.2208273426
770 67.2700102997
771 56.6088023243
772 58.9616316514
773 70.8461958492
774 58.5328165314
775 64.6239454421
776 79.8493623525
777 57.841870891
778 62.9991821988
779 51.1982462984
780 58.8871808361
781 45.1794005028
782 53.3465503916
783 58.3487208412
784 69.2577661192
785 51.6623054619
786 53.2801486171
787 41.7710628184
788 65.5707988338
789 59.9529876998
790 53.0036030375
791 55.6580799565
792 60.1217800384
793 43.4234992299
794 69.8334871277
795 56.449011824
796 54.4957600699
797 67.3480678055
798 58.6099449306
799 56.1876015734
800 54.2756459987
801 43.748867126
802 54.4467159774
803 55.3804831602
804 73.6096371083
805 41.1348674524
806 47.4122871341
807 49.1326305362
808 62.4799814579
809 51.9538867541
810 51.7139379995
811 52.4158277572
812 64.6468297252
813 53.7532309932
814 41.1810044213
815 54.2601321176
816 102.235527539
817 54.5236787651
818 66.4161948354
819 55.5722214097
820 54.0287944091
821 39.7622368024
822 52.6473201787
823 59.0100023954
824 63.4239931194
825 48.9964942177
826 39.7883197541
827 46.0853207287
828 56.2494761906
829 60.8864537864
830 60.3735858398
831 73.5644517646
832 53.1815382015
833 52.4699867292
834 58.1376864681
835 54.6848275814
836 76.8673158339
837 54.4165152255
838 57.6991961069
839 43.8376288628
840 56.8359294596
841 53.4698964195
842 57.0535929247
843 58.9288118667
844 61.6271337821
845 50.1130751099
846 63.0149648169
847 65.8667661834
848 59.5730445147
849 58.4430356862
850 51.0818604202
851 63.7140111359
852 64.7669589518
853 63.2149177214
854 76.376060069
855 67.1349262192
856 68.3417652647
857 57.9967159076
858 55.7025853665
859 74.4911461659
860 59.0042048873
861 61.5989322994
862 63.0799998829
863 60.3180272321
864 67.370685022
865 81.2582609804
866 60.3484213824
867 63.8797828727
868 72.9302719845
869 57.3766081182
870 50.3908543611
871 67.7219306427
872 57.5531586874
873 60.1695512132
874 56.3943844678
875 57.3045485843
876 71.9673140834
877 56.9849037092
878 59.6020151517
879 56.9522660846
880 74.3286395346
881 50.6739754168
882 70.6412001236
883 59.3429413006
884 59.7684555861
885 68.6719537564
886 69.3204755945
887 58.5571268559
888 53.2355731183
889 56.8276708826
890 61.5402668352
891 57.2239758368
892 80.3882000544
893 55.7494951864
894 56.4881299635
895 52.9489520907
896 63.7881416927
897 41.4256604564
898 71.8119510049
899 58.1781000665
900 60.2560776428
901 56.4939788789
902 57.668369723
903 63.2683731512
904 69.7540762267
905 65.2141965032
906 58.6418716957
907 67.1105931157
908 63.5093373117
909 50.585096833
910 62.0644786045
911 60.1053028339
912 89.0906725608
913 62.5502370618
914 64.2184627383
915 58.0811018201
916 63.891229325
917 61.1302936841
918 59.7318148206
919 66.7191739497
920 60.9881974674
921 48.4915986943
922 80.444630404
923 62.0489535108
924 69.3241210925
925 76.6841387908
926 74.1576303324
927 79.8687219898
928 82.2183357717
929 61.0534911804
930 67.6080572026
931 61.8018621652
932 64.0522785141
933 61.5808504274
934 62.2692499171
935 70.5208754741
936 72.2369769952
937 70.2498674725
938 74.6032877621
939 70.6297487737
940 65.3317992409
941 63.978346476
942 73.2763401786
943 70.0387598264
944 63.6201352045
945 59.6172976228
946 56.1870507276
947 64.6006263928
948 69.8126881003
949 64.129343943
950 72.9644576634
951 61.0001536252
952 79.4010043416
953 62.2244233677
954 53.4826662311
955 77.3674967694
956 67.0099644861
957 73.8276509422
958 64.539871237
959 62.4519380962
960 75.2315398079
961 71.4537876702
962 71.0145298514
963 67.4461460814
964 63.3641381025
965 76.2001558595
966 64.4793908369
967 58.3336477394
968 61.0582258325
969 60.5300403533
970 69.0877049137
971 59.5059163662
972 59.6567931888
973 66.8911243823
974 59.6281288144
975 64.5203876643
976 87.8840066934
977 89.6884079671
978 59.0722341484
979 57.7671277613
980 83.3173059287
981 59.2811442202
982 72.3305873148
983 61.0357002832
984 76.959260545
985 54.2705659309
986 71.3761221615
987 56.6128650969
988 63.4492291145
989 69.6523369993
990 61.6247248424
991 80.5118230207
992 57.5768680111
993 56.3922628472
994 59.4042527468
995 63.3256854576
996 85.5199593362
997 82.0004006669
998 76.7942162322
999 56.3333015933
1000 58.0717780321
1001 65.2247443371
1002 66.5307222503
1003 58.5943377525
1004 76.6003043026
1005 70.0880229649
1006 81.8992903274
1007 77.3539921113
1008 76.2034325102
1009 67.41078136
1010 74.5093511103
1011 58.3760599087
1012 81.4085895869
1013 59.8821893341
1014 72.7776779986
1015 71.9223648446
1016 74.4242369374
1017 61.1984967771
1018 65.7220985585
1019 62.7307645433
1020 71.8464045721
1021 58.4757757998
1022 71.9353645588
1023 56.0628097603
1024 76.1988351712
1025 58.415200384
1026 61.5769962541
1027 58.645088785
1028 69.4271863569
1029 65.3524799327
1030 68.6616143232
1031 67.8983287534
1032 68.4484416736
1033 60.5541600109
1034 53.3327237789
1035 52.633241815
1036 62.3391664578
1037 56.8765215836
1038 56.6137765509
1039 69.0152639364
1040 58.8436846978
1041 73.0869142357
1042 58.4732047845
1043 72.2846900191
1044 56.0894533344
1045 41.1824681986
1046 75.6386941792
1047 51.7949098894
1048 68.3059240939
1049 47.0126521334
1050 47.0430742071
1051 64.7155009135
1052 83.3980034029
1053 62.8234542132
1054 52.3829700607
1055 62.5696796212
1056 73.9621163795
1057 62.0975153068
1058 62.2104946013
1059 62.9890878673
1060 46.052579989
1061 51.1121521203
1062 70.8826747483
1063 60.0127599184
1064 73.0281458075
1065 53.9268339721
1066 55.751578159
1067 54.8051834609
1068 63.5471948891
1069 75.3724717575
1070 56.6918672285
1071 55.5182394629
1072 64.2819000847
1073 60.3788894673
1074 67.4292394472
1075 58.9613471659
1076 59.0109389964
1077 52.4509610405
1078 57.5583266025
1079 75.9644384143
1080 66.9940107375
1081 65.9402947553
1082 57.8054835784
1083 80.3573752368
1084 60.6636972898
1085 69.7430965257
1086 50.7344639076
1087 57.7637139324
1088 57.2765892788
1089 60.1874952819
1090 55.3204133265
1091 59.723084499
1092 65.6952506513
1093 52.6606443572
1094 53.3616815641
1095 58.050315201
1096 62.9986735961
1097 75.08205118
1098 56.7833251745
1099 55.5084090543
1100 65.3224563364
1101 58.7588781149
1102 58.4895824568
1103 57.8120094899
1104 59.0883705286
1105 67.259959254
1106 64.911519733
1107 60.2873100989
1108 76.9914651196
1109 67.4672539876
1110 62.6909808644
1111 58.4317119375
1112 65.0976643232
1113 60.205606241
1114 59.2057021816
1115 61.7816077044
1116 70.2994129574
1117 70.6668364266
1118 58.3382083705
1119 53.8501143226
1120 52.4344826656
1121 51.9121068625
1122 65.8805014715
1123 58.5910089866
1124 68.4553366091
1125 63.4088597077
1126 49.2550844738
1127 68.035998947
1128 81.6493241533
1129 60.5325818354
1130 70.2416360212
1131 48.5361247908
1132 56.7525967382
1133 57.4260186029
1134 60.2649910517
1135 73.8385090018
1136 56.4445775859
1137 65.7838507499
1138 65.3363262637
1139 61.1780437745
1140 58.206242362
1141 58.9135553349
1142 85.9238951785
1143 72.0876610271
1144 69.5613995473
1145 65.306476788
1146 61.8862743798
1147 74.9724531108
1148 58.181506297
1149 64.2340332229
1150 61.660112175
1151 59.8756284318
1152 69.8896925406
1153 71.4117790703
1154 60.5192773296
1155 72.3224850339
1156 60.0187096567
1157 79.0087254948
1158 73.9374129099
1159 59.1258283006
1160 74.3129449071
1161 51.9223988433
1162 66.7157264677
1163 70.8920754144
1164 60.2161876365
1165 68.9433904675
1166 58.4389030297
1167 57.4982163532
1168 81.4058522632
1169 67.4616759148
1170 77.6057069428
1171 61.9958802347
1172 47.6262329177
1173 74.2968226625
1174 63.6032695969
1175 71.359583995
1176 64.7637635461
1177 66.1376020761
1178 53.4004939707
1179 72.0016396121
1180 83.1331444796
1181 72.1337316827
1182 57.53831671
1183 58.5682892576
1184 58.8918798927
1185 70.4318137689
1186 73.7415382569
1187 58.4272918923
1188 62.4151128034
1189 74.4513562922
1190 59.4195201394
1191 73.2965863731
1192 61.1780131828
1193 57.5627821903
1194 56.1204251181
1195 70.8860221759
1196 64.9427429682
1197 60.9879720375
1198 60.0966723415
1199 75.7924836607
1200 97.0323883399
1201 57.3347892439
1202 51.8892847413
1203 55.507071552
1204 56.9025342882
1205 75.8488729222
1206 61.5393312
1207 64.4433668959
1208 51.5421881151
1209 63.965509113
1210 67.6679030118
1211 63.4953470183
1212 55.0738883445
1213 78.4407038714
1214 62.821209114
1215 78.9131939481
1216 65.7355804402
1217 90.3627295957
1218 58.8981318338
1219 88.7339964723
1220 60.7973329776
1221 64.0473936616
1222 58.4673564462
1223 56.6961687642
1224 80.0941366428
1225 58.5823342972
1226 54.5513636212
1227 83.7707248951
1228 67.448045645
1229 65.115035807
1230 63.0312821437
1231 71.6170817866
1232 84.0495128683
1233 46.7229794231
1234 64.2149554886
1235 74.6892359489
1236 68.6220841793
1237 63.3241892488
1238 84.7281125649
1239 62.9297475667
1240 74.4979446376
1241 78.0619089589
1242 65.6068676181
1243 74.3457657194
1244 65.0555334114
1245 77.6706477491
1246 71.7420791976
1247 53.3703325744
1248 62.4140425989
1249 71.7159760222
1250 60.0213801714
1251 62.9528512203
1252 66.5171574653
1253 62.139043421
1254 62.1794279051
1255 70.9096786011
1256 55.6394212532
1257 61.0433884135
1258 78.3336949075
1259 72.9474269492
1260 126.721955739
1261 91.0887593905
1262 62.4260775855
1263 63.9479963017
1264 82.4747671035
1265 65.1908125345
1266 69.382960983
1267 77.5045598393
1268 65.1166074847
1269 87.6668594099
1270 72.713275152
1271 69.5914966063
1272 71.9967401779
1273 61.4425406677
1274 64.9201944081
1275 58.956233849
1276 73.1176654485
1277 69.6749689696
1278 64.7432250572
1279 70.4128551548
1280 69.9212490584
1281 90.1223265527
1282 64.501918418
1283 67.1266023487
1284 74.3709187738
1285 73.2758169122
1286 54.465902157
1287 61.9554409501
1288 64.3612046799
1289 67.9360399361
1290 60.6751614701
1291 89.7687139361
1292 81.3509892059
1293 82.3744878955
1294 60.1552242283
1295 61.6065248209
1296 85.6278478013
1297 45.9288035586
1298 72.7113141326
1299 52.3174397106
1300 66.5938316303
1301 58.0173988956
1302 53.013665083
1303 116.086864067
1304 59.9126867616
1305 80.4199000755
1306 61.1821161918
1307 77.542673327
1308 62.1740978522
1309 57.6544612404
1310 76.5140135207
1311 67.1117124058
1312 73.5574224466
1313 74.2031829246
1314 76.1484939624
1315 71.8991506112
1316 74.6130637048
1317 72.248816891
1318 59.5569392296
1319 94.234386846
1320 56.3693318252
1321 61.249742528
1322 61.1085629324
1323 49.2256416622
1324 61.6378039378
1325 61.2441366829
1326 80.4233808147
1327 57.8590283251
1328 76.3845427609
1329 52.6174495005
1330 66.5472124034
1331 86.6462562402
1332 50.4225628892
1333 111.247590926
1334 58.8549922244
1335 75.3222198558
1336 60.2621350021
1337 73.4731861973
1338 58.8483302741
1339 60.3574385624
1340 60.9791749811
1341 60.3675050206
1342 57.7955410876
1343 53.7555011434
1344 74.9761375643
1345 50.499245184
1346 71.3637270462
1347 60.6484711127
1348 63.5311674751
1349 66.2749948578
1350 76.727870032
1351 65.5644143117
1352 60.8999294561
1353 60.1188221812
1354 80.2177412183
1355 57.0496153089
1356 65.2564085209
1357 62.33633596
1358 73.5358017921
1359 65.0821052938
1360 57.7944937639
1361 65.2201622868
1362 59.0101598247
1363 59.1275548742
1364 56.83954579
1365 70.3642538454
1366 59.8079095994
1367 73.0173181384
1368 68.5570245574
1369 62.6820145787
1370 63.5126000947
1371 59.6937292489
1372 57.8549476265
1373 90.6412343146
1374 76.9889341018
1375 58.6180720836
1376 88.763385289
1377 63.8347534822
1378 50.671715475
1379 57.8396366803
1380 59.3171529533
1381 75.6114051663
1382 64.6155452995
1383 69.0422963678
1384 56.3172047397
1385 58.0571875251
1386 59.2775134092
1387 53.3271656592
1388 60.0034682134
1389 64.1101891953
1390 52.6732085666
1391 59.1849954547
1392 80.6288527686
1393 67.4719966446
1394 66.1729787934
1395 60.1429156643
1396 60.4921468116
1397 60.8793219191
1398 67.1858822393
1399 47.689727024
1400 46.7876460979
1401 61.6793408493
1402 63.1695064569
1403 54.4039422403
1404 58.4444349287
1405 67.5175396644
1406 58.6225714152
1407 61.3326742148
1408 68.2534151336
1409 72.1706225947
1410 71.1642535108
1411 78.8233347194
1412 70.0152278248
1413 59.4879177306
1414 63.058137136
1415 58.207989676
1416 62.4973440879
1417 49.9964068662
1418 68.4884852474
1419 73.09751549
1420 68.3965577862
1421 50.4077895654
1422 81.9904654016
1423 69.0032120205
1424 62.7450994892
1425 64.1188187606
1426 63.2505557086
1427 81.2809409714
1428 78.6213137812
1429 75.4113804505
1430 61.0960165482
1431 73.47966644
1432 66.9862333925
1433 65.6996156695
1434 73.7824157731
1435 68.5126677112
1436 63.0997538268
1437 64.7302744759
1438 63.5908052789
1439 67.8078766146
1440 57.797688169
1441 71.8438710857
1442 63.1980222968
1443 68.7905008589
1444 62.1665103712
1445 84.3218829512
1446 62.7339422866
1447 63.8349340609
1448 76.8138495982
1449 58.8075221654
1450 90.4391113379
1451 66.5742355924
1452 112.569638082
1453 57.5672054108
1454 76.596298952
1455 69.0907669246
1456 77.467940258
1457 70.1578181402
1458 71.1480286854
1459 63.0438427941
1460 64.1253793247
1461 67.1493501156
1462 101.178230541
1463 59.4013872176
1464 58.0335695151
1465 74.453233409
1466 77.4801546689
1467 51.8239548937
1468 54.4147128686
1469 62.1898427928
1470 69.6853844953
1471 60.7973775065
1472 80.5476532665
1473 63.0815655142
1474 96.4464291339
1475 65.1105584851
1476 69.8559113792
1477 56.5587611365
1478 63.9477891742
1479 77.7553968401
1480 60.4942669946
1481 71.1074963469
1482 71.4231361475
1483 63.4476348246
1484 55.3647426791
1485 63.9854811274
1486 64.8422468472
1487 63.1654939037
1488 45.5943984578
1489 53.9696761038
1490 63.092286997
1491 58.0424248494
1492 63.4422409425
1493 74.8860566972
1494 56.6226533129
1495 81.2315871574
1496 47.9938061869
1497 56.907406664
1498 62.8160865941
1499 70.9701712405
1500 63.5651181797
1501 72.6840354979
1502 55.530312806
1503 71.7016037721
1504 57.9542913651
1505 47.9967402706
1506 82.414689578
1507 71.7678292111
1508 49.9769225688
1509 55.0447083173
1510 57.741164184
1511 48.9804537017
1512 80.5517863337
1513 80.426077394
1514 77.4837436633
1515 92.6906827484
1516 62.0812088517
1517 95.7669295779
1518 56.0946471969
1519 69.2629228172
1520 62.6040054826
1521 61.4128207121
1522 77.5342321472
1523 65.7458878617
1524 58.8621796547
1525 57.0546838392
1526 55.4947000765
1527 62.7629301906
1528 46.286926201
1529 60.502314554
1530 59.453576177
1531 64.4340210936
1532 52.6953380173
1533 54.1828755076
1534 50.8861607349
1535 57.2191446136
1536 44.7319639787
1537 57.2954443169
1538 60.4476649704
1539 75.5374432993
1540 68.6383417113
1541 53.7168230705
1542 51.7463561111
1543 55.4243964925
1544 55.2207099117
1545 54.8670770276
1546 57.3167967098
1547 56.2201042519
1548 62.5487432038
1549 48.4063263217
1550 56.4920327363
1551 56.2438915474
1552 50.633266213
1553 62.0133286741
1554 57.1973909248
1555 59.5839909616
1556 42.8454910374
1557 71.836411149
1558 56.7201150648
1559 58.8721742366
1560 77.7550714698
1561 69.3672399118
1562 61.6548820386
1563 53.1407995251
1564 61.807287112
1565 77.8979358056
1566 59.9579890781
1567 56.425517928
1568 57.0028173482
1569 59.9550375945
1570 51.0172330028
1571 50.5285219404
1572 61.1062804883
1573 55.8992290446
1574 54.8302601658
1575 50.6119206441
1576 54.6151625738
1577 55.44535288
1578 72.2155497287
1579 61.5796202293
1580 53.8269983114
1581 69.4123199252
1582 49.6853367345
1583 52.08524183
1584 58.3976929687
1585 58.8298030926
1586 56.8423677473
1587 55.0290262847
1588 55.1381434631
1589 48.6954161926
1590 57.0832155434
1591 56.5376336769
1592 67.7912012752
1593 58.7667305282
1594 55.5559933662
1595 56.927722398
1596 62.8215031858
1597 59.6181495743
1598 59.4103025877
1599 61.6408920866
1600 57.0975162928
1601 69.9905376087
1602 55.8943636275
1603 105.222647174
1604 52.8369459632
1605 44.8286913221
1606 58.9431183702
1607 55.1560749867
1608 57.0263157088
1609 119.419538701
1610 64.5855519218
1611 55.0117607574
1612 51.8817246544
1613 70.3738437576
1614 46.0453988113
1615 68.6524742853
1616 56.655789681
1617 76.946369929
1618 68.6249553496
1619 70.0686083933
1620 70.5964860033
1621 67.1202760292
1622 59.6375707569
1623 83.2690088389
1624 68.1518924978
1625 85.0534664214
1626 68.958556935
1627 43.3090839529
1628 49.2648037706
1629 72.8693468627
1630 76.2702373432
1631 67.1080706086
1632 64.8630983926
1633 63.593646102
1634 71.3063300424
1635 66.5295864072
1636 76.2689301049
1637 78.2509698885
1638 78.1846144932
1639 72.8070403155
1640 71.7028351435
1641 75.9950631993
1642 66.5984471853
1643 83.5019334625
1644 67.3068900653
1645 68.3237236695
1646 80.5883875802
1647 91.110504564
1648 74.832451335
1649 65.69097953
1650 76.4958864097
1651 55.4148199408
1652 63.591800019
1653 85.5551636445
1654 64.2602379043
1655 67.2750559726
1656 82.3475166655
1657 71.5948410898
1658 73.0874972841
1659 60.2634092154
1660 76.2054565676
1661 41.1087690411
1662 65.5034854058
1663 83.1911658072
1664 52.7604290694
1665 78.3451408183
1666 70.5188404414
1667 79.1576820396
1668 83.7867248664
1669 54.2451514617
1670 82.657626671
1671 80.9468584916
1672 81.445719521
1673 71.7768575413
1674 82.3571466341
1675 70.0976754245
1676 76.914622047
1677 76.1033829634
1678 48.9531197928
1679 64.6532486665
1680 75.1305871173
1681 65.7039772517
1682 72.0961919061
1683 54.593460049
1684 72.0592609038
1685 56.9948394083
1686 60.3753915432
1687 52.1315303987
1688 61.0145900259
1689 60.430469574
1690 58.4314451729
1691 57.7334475284
1692 58.0181782015
1693 62.8555066357
1694 60.2905971588
1695 66.6167660743
1696 76.6073149535
1697 57.2276581624
1698 70.0246308594
1699 82.0335429191
1700 64.8655930219
1701 53.495193067
1702 75.0286982091
1703 57.9037956399
1704 61.5092665299
1705 73.3966479348
1706 63.3086510544
1707 66.6492456738
1708 72.3845841864
1709 72.242452657
1710 63.209330634
1711 58.5824072234
1712 58.9936063918
1713 57.6106723157
1714 59.4358157661
1715 60.0391769531
1716 75.9094964063
1717 60.5566718325
1718 70.826734085
1719 61.877760238
1720 77.1924136339
1721 58.3292316459
1722 75.1135267435
1723 71.2870980771
1724 60.9343440819
1725 70.0428481707
1726 78.6180059091
1727 58.8529716507
1728 58.7499781999
1729 62.3350721929
1730 61.4955404459
1731 58.1300740604
1732 48.9202401874
1733 60.2335872161
1734 59.1392203268
1735 63.8333928468
1736 81.3951179631
1737 62.0740952903
1738 77.6364747606
1739 60.8289760132
1740 63.0671669557
1741 55.2099035089
1742 67.0892675197
1743 56.4990106851
1744 60.4170507125
1745 54.6856556192
1746 59.080445768
1747 58.602363318
1748 50.8577643423
1749 67.7075995129
1750 85.1573771197
1751 57.3591381653
1752 55.1684824491
1753 55.4513368461
1754 65.4198905161
1755 54.5372717497
1756 77.6891558307
1757 62.4807570036
1758 68.9029737033
1759 53.6211807715
1760 65.6043496796
1761 54.0632976327
1762 65.3625905575
1763 57.3661050795
1764 108.299024963
1765 47.9781400981
1766 59.5429377396
1767 56.1331578323
1768 64.3698132777
1769 75.6590020236
1770 77.702001649
1771 59.5301466536
1772 54.4695189725
1773 53.5768178374
1774 62.2115700876
1775 55.3849036053
1776 58.6447012844
1777 55.8513207636
1778 55.3314290898
1779 54.8606585786
1780 63.5090626559
1781 66.0120765665
1782 69.5700571457
1783 53.6248326766
1784 47.3104367993
1785 67.8973337354
1786 63.295006754
1787 59.4736342216
1788 72.280337426
1789 53.9977421547
1790 51.9566356514
1791 54.7077492082
1792 54.7168774154
1793 66.3217553155
1794 58.7961182611
1795 71.3884259279
1796 62.496171925
1797 75.0172016211
1798 62.303441038
1799 56.3771123361
1800 56.2740146987
1801 54.9163751175
1802 72.6052347404
1803 52.9207025816
1804 55.2876635991
1805 62.0097037847
1806 52.805095665
1807 56.6497803404
1808 62.1407538151
1809 75.5667115604
1810 73.4369824398
1811 70.6967606481
1812 65.9183819879
1813 72.3588374596
1814 64.7218761458
1815 68.3698620999
1816 62.9717172445
1817 59.9980256352
1818 79.3263679838
1819 53.1345694776
1820 60.3944029442
1821 47.2598373833
1822 72.1183351454
1823 65.4775513669
1824 58.7176442633
1825 67.4870087971
1826 75.1958015783
1827 64.9672616964
1828 59.7666289682
1829 65.1016098681
1830 62.7612991636
1831 66.544137049
1832 61.296363226
1833 62.9708631565
1834 62.4869352445
1835 62.2484098357
1836 107.819959374
1837 67.585236554
1838 61.5514934939
1839 52.5904416988
1840 132.808295641
1841 57.4338630921
1842 62.0284080972
1843 73.2341987285
1844 60.9831606141
1845 71.2204765019
1846 69.3891760204
1847 55.0126544899
1848 61.5681859472
1849 61.5609825545
1850 62.2128187653
1851 69.8699120946
1852 65.5479910939
1853 61.0173552636
1854 62.0416974967
1855 62.65234571
1856 91.9816130408
1857 61.6737914587
1858 63.8872039337
1859 77.8159462575
1860 67.7364103253
1861 60.298289231
1862 66.4313656055
1863 63.4967230553
1864 66.1608816653
1865 76.5672890353
1866 67.6757012219
1867 62.5627059225
1868 72.4964026071
1869 63.4535360481
1870 66.1660284665
1871 73.3914294381
1872 70.5713813692
1873 55.9393297001
1874 63.5668570876
1875 68.2103116817
1876 64.976552437
1877 74.7942548072
1878 87.8816998651
1879 69.0861615999
1880 60.7630692855
1881 60.1048174187
1882 61.3834254278
1883 74.8663978155
1884 78.0803959008
1885 69.2349263045
1886 63.3020020094
1887 56.4113312436
1888 64.2743339754
1889 62.9355676015
1890 62.1165570631
1891 59.9086882125
1892 75.2972519066
1893 59.2181541171
1894 51.2933099164
1895 61.6324444924
1896 73.7663205342
1897 60.8296645105
1898 71.8097169034
1899 75.0124963203
1900 86.8033482644
1901 71.1579180532
1902 62.045985346
1903 59.4371380216
1904 55.700583327
1905 77.5350318407
1906 61.5074161628
1907 63.8800350535
1908 75.9919049587
1909 72.0445239534
1910 79.6617263944
1911 68.3685359825
1912 56.0022026482
1913 53.2601267065
1914 111.809594449
1915 73.9964399931
1916 61.6901574778
1917 68.1341894017
1918 76.5041737702
1919 59.2560304122
1920 57.5985975891
1921 63.7328044252
1922 73.0043589567
1923 59.4344803725
1924 58.4343341162
1925 91.6390068315
1926 60.7735300228
1927 76.3018697249
1928 65.6993245795
1929 62.1476768781
1930 70.2958654209
1931 63.9799722415
1932 67.5970516656
1933 62.5296552227
1934 57.0969795922
1935 60.9562760733
1936 71.8131530457
1937 78.8369150697
1938 79.1259567335
1939 73.4210889453
1940 60.4136160475
1941 61.7060442709
1942 71.0090802849
1943 60.8632813214
1944 69.3344047078
1945 73.8849303127
1946 58.6310102523
1947 61.804930187
1948 61.8324460828
1949 60.9848070908
1950 68.2540228671
1951 66.5075213404
1952 60.3189353654
1953 59.9815389992
1954 79.1109372246
1955 53.1305376655
1956 65.8663066819
1957 60.574516266
1958 68.7103710301
1959 74.8100821437
1960 61.553950888
1961 62.9815358238
1962 62.4554652311
1963 57.2062534513
1964 70.0787841121
1965 74.4511544231
1966 78.6375704771
1967 63.0179101161
1968 65.6197135067
1969 71.1275261076
1970 75.5127574119
1971 61.579784658
1972 70.3078668874
1973 57.7141597191
1974 76.7618439517
1975 68.8327619929
1976 70.2779086137
1977 52.8242083462
1978 66.7198354943
1979 80.8542926156
1980 68.0150968418
1981 53.1126555301
1982 70.0721639556
1983 68.9351316608
1984 86.054288032
1985 81.2056322779
1986 61.6128286633
1987 60.9635864184
1988 70.419523081
1989 66.8393371856
1990 63.7813413122
1991 61.5844778698
1992 84.6815141505
1993 47.7977584588
1994 62.0437735937
1995 62.7301785807
1996 53.6160594999
1997 63.4973809197
1998 56.782418587
1999 58.8235285884
2000 75.2906757112
2001 61.8565429739
2002 49.2176910107
2003 71.3500786935
2004 60.7780649797
2005 70.6536161341
2006 45.869199677
2007 57.9841350362
2008 79.2998602322
2009 79.6272743359
2010 61.8520174362
2011 69.172699292
2012 64.8398675595
2013 71.1682060557
2014 79.9337061224
2015 76.9154407853
2016 72.0682727205
2017 86.5793868176
2018 62.4395493246
2019 67.4482554202
2020 66.0730423038
2021 64.1917659875
2022 80.8241348132
2023 74.5098655927
2024 68.1321071529
2025 61.6134870196
2026 63.7472416639
2027 62.1946824294
2028 78.3786568003
2029 53.2157611216
2030 76.0924668741
2031 85.4590509902
2032 72.6094729837
2033 53.2229591064
2034 61.8650023601
2035 69.8384608056
2036 73.5000876661
2037 88.2093543372
2038 77.3076178734
2039 74.258552597
2040 50.8381901452
2041 66.6962946056
2042 55.5963840706
2043 80.4633029236
2044 70.6035164771
2045 65.267728779
2046 84.649461738
2047 74.4418961784
2048 52.9964109422
2049 70.4025319782
2050 63.0157877198
2051 65.8694408699
2052 55.7644917678
2053 72.941400951
2054 68.7285261696
2055 64.0143167703
2056 66.9815275368
2057 71.3794313211
2058 72.7087434982
2059 59.9118835723
2060 64.0156377125
2061 78.9276811398
2062 74.4730632044
2063 63.901597585
2064 83.8380951284
2065 52.3138198633
2066 58.6034127774
2067 65.6763205893
2068 80.1653290326
2069 58.5426551399
2070 57.0534065385
2071 53.8135544765
2072 72.8407206104
2073 60.7394089446
2074 57.669098944
2075 57.306739235
2076 58.7456334246
2077 56.6644823946
2078 57.8583011144
2079 56.3111042869
2080 86.29076311
2081 60.3430318891
2082 64.9698943013
2083 62.4123547166
2084 61.7450084524
2085 68.3540209274
2086 52.8616549384
2087 57.8083910582
2088 58.6077681143
2089 70.7750541926
2090 65.256109447
2091 74.8384634225
2092 62.0443365618
2093 78.4664263808
2094 54.38651736
2095 79.0150384177
2096 65.7125648727
2097 77.2543120645
2098 78.9551690617
2099 79.0204263074
2100 69.8853224971
2101 60.1632871243
2102 67.347310775
2103 65.0591756127
2104 74.4933717464
2105 75.1220604722
2106 59.1361828517
2107 82.2562229938
2108 62.3882975401
2109 57.2016230497
2110 55.8602506198
2111 68.6821909335
2112 74.0086087532
2113 60.0094795652
2114 67.500683501
2115 62.0522522167
2116 62.1097759057
2117 59.2686634272
2118 67.9572086954
2119 59.1778449772
2120 72.2889212185
2121 63.8078932652
2122 49.2943011812
2123 58.3996807145
2124 80.0022819608
2125 60.4147174254
2126 79.9890260158
2127 71.2425912043
2128 49.4944233258
2129 67.8329108455
2130 52.4237743404
2131 75.5486592586
2132 57.8084155509
2133 54.925030407
2134 61.4529089638
2135 67.8193596816
2136 70.7638866727
2137 101.811444009
2138 56.9987739932
2139 68.8508008145
2140 73.0856216233
2141 63.6252079561
2142 72.442254517
2143 63.4044577911
2144 64.1200918126
2145 65.5992882723
2146 77.1458518872
2147 53.8163982823
2148 68.1133920806
2149 66.706420096
2150 45.5102436959
2151 61.5820409375
2152 70.1013645903
2153 54.6503297529
2154 73.6127830081
2155 94.1482698259
2156 63.1124310795
2157 66.9148414828
2158 78.1393259613
2159 72.3515487903
2160 61.8549181237
2161 80.9006373228
2162 73.002486957
2163 75.3479971398
2164 77.014737132
2165 79.6335575074
2166 63.8737956589
2167 79.7781864769
2168 65.4989250356
2169 62.845740207
2170 77.8992374776
2171 67.8166738887
2172 63.0242023655
2173 55.8367766008
2174 62.7427407178
2175 70.9818669762
2176 89.6177923723
2177 48.4575429299
2178 60.275678125
2179 63.21408765
2180 66.373840317
2181 76.5904570331
2182 79.2741682372
2183 64.424582193
2184 76.7339477326
2185 71.2910622722
2186 62.1144093577
2187 52.9756662622
2188 64.623722136
2189 74.1797260444
2190 74.1775731879
2191 78.4272912367
2192 63.6964936363
2193 68.4772909109
2194 61.7954115435
2195 69.5223181483
2196 62.2508780325
2197 83.317806585
2198 61.0478437835
2199 70.6565717774
2200 68.8474787138
2201 51.8656323002
2202 58.3332323334
2203 71.0630654766
2204 52.5806225071
2205 61.4713091468
2206 53.2887122736
2207 64.2775931537
2208 70.8730192137
2209 58.9639631779
2210 66.9528448155
2211 49.914506908
2212 54.266809998
2213 73.1893615707
2214 55.4286437878
2215 76.7352221018
2216 72.7831426321
2217 52.4537366014
2218 53.5607937228
2219 55.1960690399
2220 51.1793090901
2221 52.9904453622
2222 105.956165303
2223 67.6286838471
2224 55.8604572437
2225 57.5275072292
2226 64.028944834
2227 54.2197371158
2228 81.0584707241
2229 62.4424341219
2230 62.8080210139
2231 81.9750998813
2232 58.0841348867
2233 70.7022716042
2234 54.5015217724
2235 61.4389833674
2236 54.6568401996
2237 60.3845311895
2238 54.7316785895
2239 61.1384724644
2240 65.9971913938
2241 67.8385352592
2242 57.4553557224
2243 52.7230791709
2244 59.3081074827
2245 57.9008900167
2246 58.467275888
2247 76.6060316943
2248 55.7861627581
2249 82.6871147675
2250 64.0692870268
2251 74.9942281144
2252 53.9749484716
2253 56.5717630238
2254 61.7953152129
2255 61.941498773
2256 55.5683986956
2257 76.0649213756
2258 49.4334343117
2259 56.4028928062
2260 88.8836171895
2261 66.6088771867
2262 76.5702611784
2263 59.444340796
2264 72.6343217529
2265 92.5224740716
2266 59.0220464701
2267 58.2321085535
2268 60.3302889849
2269 66.3120322129
2270 60.6419962663
2271 76.7534588979
2272 68.6144796478
2273 72.6460903414
2274 62.7978976052
2275 57.1967316331
2276 53.5591822766
2277 73.4364976866
2278 77.9465489328
2279 71.1405524621
2280 53.6214763876
2281 72.378597203
2282 66.8077856656
2283 60.0866703557
2284 72.4220849986
2285 60.7017112291
2286 63.2958335637
2287 72.2646469998
2288 75.861751191
2289 65.9214906636
2290 66.2655716187
2291 59.7698159107
2292 55.4515177566
2293 59.8007409416
2294 59.5904235792
2295 63.3694540426
2296 73.9847606036
2297 60.2309237737
2298 62.1685977794
2299 71.5134714875
2300 64.5396038014
2301 72.1999949712
2302 73.0231647495
2303 80.3786894913
2304 66.5528367992
2305 77.7595137445
2306 65.3271534725
2307 59.7934745481
2308 71.970358857
2309 69.7255012621
2310 60.2462590692
2311 61.1805832994
2312 66.9578124385
2313 64.014241879
2314 62.5644382653
2315 52.8034731023
2316 67.0744853629
2317 65.1869893675
2318 78.195779542
2319 59.1935109457
2320 70.7774592838
2321 54.2791398672
2322 59.7057160137
2323 64.608736228
2324 75.3255368653
2325 68.212403409
2326 75.2847907121
2327 78.5413711736
2328 57.7355132183
2329 44.9881508715
2330 63.7229314023
2331 67.7050299066
2332 74.0316409976
2333 58.2642880896
2334 69.4490307901
2335 55.1148879097
2336 79.5729621255
2337 52.6542969137
2338 73.2343300129
2339 59.8189770441
2340 66.4844625812
2341 53.5951784557
2342 60.2569795046
2343 70.9008748606
2344 72.6493273243
2345 62.3942578268
2346 57.6023995678
2347 65.754726786
2348 59.6578721599
2349 57.4574357521
2350 64.6886882509
2351 57.7584515151
2352 59.2378058961
2353 59.9174709008
2354 59.7123380303
2355 56.2839396184
2356 66.328821855
2357 70.1648182202
2358 69.7725571806
2359 64.940698835
2360 57.5308313911
2361 67.8691754294
2362 59.4625353252
2363 52.113188525
2364 61.0425418425
2365 56.6763017252
2366 57.7941051729
2367 87.2053933993
2368 55.3943975778
2369 52.0463404998
2370 58.095825195
2371 57.9874976942
2372 49.8868977066
2373 76.2463468565
2374 64.6238742681
2375 51.2268507674
2376 59.1375201827
2377 76.6061587318
2378 59.2792701025
2379 54.5408971105
2380 62.7796816566
2381 59.6788433934
2382 68.1961354553
2383 84.4097795079
2384 59.9701000918
2385 63.2205079956
2386 68.4615937183
2387 57.813612216
